1467569951
1467569983
1467570017
1467570070
1467570162
1467570279
1467570393
1467570485
1467570929
1467571096
1467571163
1467571203
1467571242
1467571301
1467571307
1467571317
1467571403
1467571542
1467571595
1467571612
1467571655
1467571661
1467571752
1467571766
1467571799
1467571818
1467571831
1467571895
1467571907
1467572145
1467572173
1467572238
1467572281
1467572353
1467572361
1467572467
1467572480
1467572619
1467572625
1467572659
1467572717
1467572824
1467572903
1467572945
1467572960
1467573064
1467573180
1467573195
1467573235
1467573256
1467573291
1467573361
1467573395
1467573451
1467624696
1467624745
1467624784
1467624838
1467624897
1467624939
1467624990
1467625060
1467625270
1467625295
1467626122
1467626154
1467626384
1467626483
1467626525
1467626644
1467626843
1467626860
1467628299
1467628332
1467628352
1467628364
1467628452
1467628487
1467636228
1467643372
1467643937
1467643994
1467644037
1467644136
1467644145
1467644174
1467644212
1467644274
1467644477
1467644593
1467644605
1467644807
1467644962
1467645018
1467645102
1467645174
1467645270
1467645429
1467645438
1467645590
1467645961
1467645980
1467647818
1467648684
1467648953
1467648966
1467648971
1467649014
1467649022
1467649304
1467649370
1467651380
1467651474
1467651872
1467652148
1467652601
1467744462
1467744555
1467744581
1467744626
1467744674
1467744758
1467744772
1467744884
1467745034
1467745120
1467745141
1467745300
1467745311
1467745357
1467745368
1467745386
1467745403
1467745419
1467745566
1467745763
1467745786
1467747972
1467748367
1467748381
1467748411
1467748518
1467748598
1467891533
1467891572
1467891625
1467894120
1467894607
1467894647
1467894697
1467894760
1467894855
1467894889
1467894915
1467895624
1467895686
1467895713
1467895777
1467900476
1467900775
1467900920
1467900955
1467901009
1467901140
1467901465
1467904168
1467919258
1467919270
1467919280
1467919330
1467919350
1467919394
1467919436
1467919452
1467919519
1467919544
1467919621
1467919676
1467919706
1467919829
1467919875
1467919898
1467919930
1467919987
1467920034
1467920141
1467920225
1467920328
1467920685
1467920709
1467920735
1467920837
1467921146
1467921189
1467922907
1467922949
1467923008
1467923033
1467923155
1467923173
1467923210
1467923260
1467923304
1467923322
1467923473
1467970129
1467971378
1467981275
1467981561
1467981604
1467982399
1467982441
1467982953
