x0_HIS3_C01	r_HIS3_C01	K_HIS3_C01	x0_RAD52_C01	r_RAD52_C01	K_RAD52_C01	x0_C01
0.030631903455	0.594934591105	0.000609594280411	0.043959212161	0.690172549921	0.13255401848	0.0303496858155
0.0288151947841	0.594934591105	-0.0184061604305	0.043959212161	0.690172549921	0.091761080906	0.0484880865324
0.0288151947841	0.594934591105	-0.0218137918356	0.043959212161	0.690172549921	0.193865375797	0.0241745638456
0.0288151947841	0.594934591105	0.068616805724	0.043959212161	0.345892751661	0.160237145897	0.0347720594571
0.033384671742	0.594934591105	0.00996606092167	0.043959212161	0.345892751661	0.164849286561	0.0418129364215
0.033384671742	0.594934591105	0.00241667062824	0.043959212161	0.345892751661	0.160097273018	0.0418129364215
0.0332585413531	0.560184608462	-0.0322062114599	0.043959212161	0.345892751661	0.160097273018	0.0418129364215
0.0332585413531	0.560184608462	-0.070517530917	0.043959212161	0.345892751661	0.139250040509	0.0388817925526
0.0332585413531	0.541710154114	-0.011057152271	0.043959212161	0.345892751661	0.139082249849	0.0388817925526
0.0332585413531	0.541710154114	0.0286044818006	0.043959212161	0.313154892765	0.139082249849	0.0369747839587
0.0332585413531	0.549824081697	-0.0107235965468	0.043959212161	0.361372818114	0.139082249849	0.0369747839587
0.0332585413531	0.549824081697	-0.0878409891764	0.043959212161	0.361372818114	0.139082249849	0.0369747839587
0.033037552106	0.549824081697	-0.0185086046911	0.043959212161	0.361372818114	0.142425664044	0.0286884000113
0.033037552106	0.549824081697	-0.0333619979843	0.043959212161	0.361372818114	0.142425664044	0.0450319832996
0.033037552106	0.585359486152	0.00657810074936	0.043959212161	0.361372818114	0.150910992491	0.0407181601492
0.0285668354698	0.585359486152	-0.0461393637212	0.043959212161	0.525353700061	0.150910992491	0.0329732927021
0.0285668354698	0.585359486152	-0.0461393637212	0.043959212161	0.657840863187	0.150910992491	0.0428644208094
0.0285668354698	0.585359486152	-0.0461393637212	0.043959212161	0.657840863187	0.151318489314	0.0352914838631
0.0285668354698	0.585359486152	-0.0350497554703	0.043959212161	0.657840863187	0.151318489314	0.047669451176
0.0278392595445	0.58183831479	-0.0232121689094	0.043959212161	0.637823534039	0.151318489314	0.0310450459288
0.0292861056573	0.569355423278	-0.035798952128	0.043959212161	0.637823534039	0.156318131473	0.0500613988769
0.0292861056573	0.569355423278	-0.0219661391757	0.043959212161	0.569634065678	0.156318131473	0.0453411601338
0.0360263413704	0.569355423278	-0.0473555725594	0.043959212161	0.569634065678	0.154443422818	0.031741378883
0.0360263413704	0.630671659606	-0.0123474806794	0.043959212161	0.569634065678	0.159691333024	0.0252516927703
0.0395474086763	0.595830610073	-0.02103860466	0.043959212161	0.569634065678	0.159545524147	0.0226440966549
0.0378530031625	0.595830610073	-0.0741079679141	0.043959212161	0.569634065678	0.163859350722	0.0578488913139
0.0364963723824	0.654197747138	0.0220271379731	0.043959212161	0.628716651912	0.171556124202	0.0389316434494
0.0332749188502	0.654197747138	0.00790180216435	0.043959212161	0.628716651912	0.14510079236	0.0550276164306
0.0332749188502	0.654197747138	-0.0254858726175	0.043959212161	0.628716651912	0.14510079236	0.0265234657437
0.0359759086838	0.6439267616	-0.101223403162	0.043959212161	0.628716651912	0.14510079236	0.0232333507368
0.0359759086838	0.6439267616	-0.110561316997	0.043959212161	0.602134035829	0.146445521298	0.0336756777181
0.0286289017039	0.6439267616	-0.156139773152	0.043959212161	0.602134035829	0.144109857697	0.029234051482
0.0324710454692	0.6439267616	-0.1281201951	0.043959212161	0.602134035829	0.138854337182	0.05472011169
0.0324710454692	0.6439267616	-0.167778729103	0.043959212161	0.459114818945	0.148627530879	0.0293726031057
0.0324710454692	0.6439267616	-0.073326463286	0.043959212161	0.459114818945	0.16388905181	0.0456554205884
0.0324710454692	0.6439267616	-0.180130011173	0.043959212161	0.459114818945	0.152070669461	0.0547991946481
0.0320050343809	0.6439267616	-0.134480039634	0.043959212161	0.459114818945	0.186347369515	0.0518229438201
0.0296282594797	0.6439267616	-0.145338028275	0.043959212161	0.459114818945	0.149565988365	0.024337711162
0.030769523862	0.581668954194	-0.153696068768	0.0438603917771	0.459114818945	0.142716681612	0.0460603055624
0.0297734393922	0.560533593684	-0.0395247296379	0.0438603917771	0.495413073586	0.121678763701	0.0460603055624
0.0331550969058	0.619126273734	-0.041466851358	0.0438603917771	0.495413073586	0.137245880738	0.0330994659427
0.0331550969058	0.619126273734	-0.15532447317	0.0438603917771	0.495413073586	0.142961049176	0.0499688147561
0.029474485972	0.619126273734	-0.188750993037	0.0438603917771	0.539389453337	0.153259192589	0.0499688147561
0.0297266367419	0.619126273734	-0.149640290444	0.0438603917771	0.539389453337	0.177463376445	0.0470914332446
0.0311656710882	0.619126273734	-0.279936665074	0.0438603917771	0.539389453337	0.143312657676	0.0340535587908
0.0330902837637	0.617553024108	-0.136036440802	0.0438603917771	0.539389453337	0.167715899947	0.0456284704183
0.0231465198518	0.617553024108	-0.230582718546	0.0438603917771	0.539389453337	0.167715899947	0.0125042415759
0.0275416059016	0.617553024108	-0.228415330974	0.0438603917771	0.539389453337	0.102636616153	0.0595830395883
0.0318218026095	0.617553024108	-0.118202830546	0.0438603917771	0.539389453337	0.124361060262	0.0744822809642
0.0318218026095	0.617553024108	-0.159258766778	0.0438603917771	0.539389453337	0.135925937883	0.0585425934011
0.0390820938508	0.617553024108	-0.266881542454	0.0438603917771	0.533208370481	0.179642473675	0.0286853304555
0.0390820938508	0.617553024108	-0.236954845884	0.0438603917771	0.533208370481	0.159396042685	0.0757521148626
0.0168378736843	0.606094415863	-0.295436622625	0.0438603917771	0.533208370481	0.162084083501	0.0290440761891
0.0310702229233	0.606094415863	-0.171030254974	0.0438603917771	0.531170918226	0.15045081482	0.0134751519697
0.0116079469533	0.798759399038	-0.153172476091	0.0438603917771	0.531170918226	0.13800253241	0.0192158665656
0.0464514511132	0.712802536288	-0.193907667716	0.0438603917771	0.531170918226	0.143707906228	0.0334582238376
0.0466199037306	0.792139567837	-0.17653122953	0.0438603917771	0.531170918226	0.117240440943	0.0673874959397
0.0255037720275	0.526083226544	-0.18151846404	0.0439269253474	0.557841027771	0.124210395222	0.0288196010077
0.0256542272141	1.39080920884	-0.0971155932016	0.0439269253474	0.621066393236	0.108790359016	0.0447883499769
0.0256542272141	0.948691611961	-0.0734234840598	0.0439269253474	0.621066393236	0.200032295371	0.0317082401422
0.0250047997686	0.814475657839	-0.125116732289	0.0436572997385	0.435356661762	0.193217114478	0.0282419676713
0.0271663855769	1.25005937996	-0.078995772309	0.0436572997385	0.435356661762	0.212311174346	0.0321358531302
0.0271663855769	0.461731134377	-0.0594147768878	0.0436572997385	0.343348827855	0.199575731402	0.0260592535554
0.0271663855769	1.16253373631	-0.0640151318898	0.0436572997385	0.557260320076	0.104407967926	0.0481596717711
0.0271663855769	0.725737597466	-0.0534295941723	0.0436572997385	0.566964754507	0.198448063261	0.0330799597343
0.0271663855769	1.14713968572	-0.100094604927	0.0436572997385	0.477882280452	0.145590768953	0.0475729299093
0.0271663855769	1.04358932746	-0.107123056877	0.0436572997385	0.224719909195	0.198310474286	0.0520734774911
0.0271663855769	0.737205889939	-0.0697511755496	0.0436572997385	0.543530002541	0.113317865794	0.039853345717
0.0295229920069	0.750020600777	-0.0974734697676	0.0436572997385	0.345431522057	0.1371690437	0.0117835303343
0.0336804341691	0.521049375541	-0.116373049177	0.0433241972632	0.843771409177	0.139564349957	0.0477284903349
0.0354077230164	0.573869428315	-0.0778617217586	0.0437392704907	0.799547124816	0.170522998554	0.0479368737477
0.0326937091896	0.620609211193	-0.0728667040322	0.0437392704907	0.797022139372	0.134793950874	0.0479082419118
0.0326937091896	0.779972486868	-0.0770643680405	0.0437392704907	0.187150166909	0.220632352865	0.0379670370341
0.0326937091896	0.67928752264	-0.0785274895392	0.0437392704907	0.187150166909	0.167044899101	0.0281066220737
0.0292140477498	0.808116764087	-0.0170859213775	0.0437392704907	0.559285251658	0.154136803611	0.0448825449474
0.0345430179048	1.76719479235	-0.0511729890395	0.0437392704907	0.250879743528	0.178654859831	0.0239551517484
0.0316789116191	-0.00378148093537	-0.0533083685746	0.0436058483775	0.525282633575	0.196637822965	0.0236992077316
0.0346488301042	1.30074504743	-0.0306834539284	0.0436058483775	-0.0494189280947	0.148852499671	0.0282684841365
0.0346488301042	0.402266484762	-0.0270056794309	0.0436058483775	0.916531726619	0.148852499671	0.0518733710483
0.0346488301042	0.854741177475	-0.106901736633	0.0446126788738	0.280789351676	0.218472760936	0.0519882535759
0.0298825575694	0.290186139315	-0.201182311634	0.0446126788738	0.589098069414	0.188971160613	0.0236921097731
0.0298825575694	1.12930561932	-0.282226796691	0.0447974672507	0.589098069414	0.16138627495	0.0272115061791
0.0285166858886	0.91202170296	-0.262486322736	0.0442430519562	0.590434734046	0.163151997109	0.0286009666399
0.0302836297306	0.914980317913	-0.252625667685	0.0442430519562	0.508294501677	0.200935678492	0.0593843408456
0.0302836297306	1.01315627981	-0.234954412891	0.0442430519562	-0.1113797606	0.201884760882	0.0414363864663
0.0253902352144	0.977887893749	-0.148405681046	0.0442430519562	0.190177242466	0.246691993951	0.0587687904967
0.0300708949438	0.499791418019	-0.224294089037	0.0442430519562	0.186188362449	0.191405286457	0.0447854460255
0.0430006948589	0.971950251271	-0.321704157761	0.0410012515935	0.186188362449	0.220563304974	0.0445140670809
0.0178385355711	1.08690715486	-0.313448186327	0.0410012515935	0.186188362449	0.183715818286	0.0498289380831
0.019571069812	0.994904049575	-0.211925846268	0.0416885759267	0.555886315592	0.255580918779	0.0293893567695
0.0138966317157	1.06058235302	-0.17013782514	0.0416885759267	0.246901378555	0.233645604684	0.0269279013248
0.0152558692535	1.07227731499	-0.256886256672	0.0400700437904	0.44967233947	0.215589595116	0.0161919474701
0.0212082143601	0.696758149436	-0.251188223856	0.0400700437904	0.335830194724	0.209555034633	0.0266454836467
0.0304737097491	0.983806679882	-0.298009541548	0.0400700437904	0.435207337887	0.145107274869	0.0475554645706
0.0383428087583	1.15381962135	-0.298009541548	0.0400700437904	0.435207337887	0.190469738599	0.00662429644151
0.0160849186681	0.143994533122	-0.281447146115	0.0403926883718	0.374139796965	0.237948183135	0.00923986016882
0.0240420734062	-0.0205395275326	-0.191326518452	0.0403926883718	0.374139796965	0.195857078038	0.0196439777728
0.0354399634214	1.14836688472	-0.286237872522	0.0378727578205	0.374139796965	0.265604316407	0.0514326377313
0.0339429841696	1.22879511769	-0.280035335641	0.0414052230896	0.374139796965	0.302210909037	0.0428218822231
0.030531210576	1.45055457858	-0.348570185315	0.0355849607495	0.374139796965	0.257194681156	0.0560861420636
0.0330362463293	0.919855564838	-0.321504042539	0.0355849607495	0.374139796965	0.257194681156	0.0246214371535
0.0281161407966	1.10359677342	-0.146348061399	0.0355849607495	0.417019864044	0.20496990274	0.00963058783654
0.0320415662958	1.1495115155	-0.290909495023	0.0355849607495	0.417019864044	0.20496990274	0.0300509615011
0.0219675689775	1.67017690714	-0.117449385153	0.0355849607495	0.417019864044	0.194632543416	0.0236513179292
0.0219675689775	1.24985333932	-0.26132136856	0.0346992720197	0.417019864044	0.189012866402	0.0190296746808
0.0298355251375	1.35453784486	-0.231096502267	0.0325104895337	0.420412475676	0.205009985533	0.0236636667898
0.0298355251375	1.35633788625	-0.105055929466	0.0351543608598	0.420412475676	0.237222009609	0.00816076564683
0.035748046767	0.158229464522	-0.127357041655	0.0337284884261	0.420412475676	0.180710614644	0.0530504686546
0.0124234692121	2.34994691089	-0.169655742889	0.0346560820089	0.420412475676	0.173080204422	0.0181647925298
0.0270491196553	0.442413393875	-0.0693974585008	0.0355535256519	0.420412475676	0.224885924913	0.0371589940383
0.0315510566767	2.08135282618	-0.0766216531226	0.0350550886086	0.420412475676	0.224885924913	0.0426680911047
0.0315510566767	0.763357631997	-0.0872495881287	0.0363986038829	0.403365935786	0.154764245703	0.0564161479993
0.0315510566767	1.40016085561	-0.0856517121143	0.0351066792358	0.355563591673	0.182837249729	0.0193848265789
0.0235684458173	1.31197788782	-0.144901001845	0.0334056340099	0.355563591673	0.219530777227	0.0490838604538
0.0264453027615	1.5264464038	-0.148593546869	0.0334056340099	0.355563591673	0.217895828094	0.0440627813427
0.019680243323	1.17080597727	-0.0384774335307	0.0334056340099	0.355563591673	0.175129573371	0.0368250098329
0.0247687823218	0.802599171	-0.163822741804	0.0334056340099	0.355563591673	0.221868439952	0.00467072013449
0.0247687823218	1.20183089478	-0.127464567443	0.033228142881	0.430628418736	0.304903855962	0.0543818007716
0.0247687823218	0.592784165432	-0.120565841725	0.033228142881	0.375078438358	0.194823746777	0.046772378779
0.025941142135	1.26421002532	-0.104272893397	0.033228142881	0.375078438358	0.220106964669	0.00897144109274
0.0255075355308	1.64171881095	-0.111004986319	0.033228142881	0.375078438358	0.237016563157	0.0175010169119
0.025270559951	1.41404142006	-0.0618855039947	0.0352243043873	0.375078438358	0.211409462367	0.0503125649583
0.0250474658322	1.26638640567	-0.0984261459898	0.0352243043873	0.375078438358	0.23066488175	0.0307820133039
0.0250474658322	1.98206693328	-0.081923769431	0.032212397552	0.375078438358	0.23066488175	0.0444795381409
0.0247212507099	1.4840838014	-0.0134387609757	0.0328318178139	0.375078438358	0.239437053182	0.0131399612382
0.0247212507099	1.34082856975	-0.118013758767	0.034745690305	0.362933079631	0.238448495895	0.0204090439103
0.0247212507099	2.00111576549	-0.0447553266523	0.0328336465854	0.362933079631	0.238448495895	0.0140751367186
0.0247212507099	1.51071990946	-0.183981755534	0.0323249201524	0.362933079631	0.240227545642	0.0162014617118
0.0247212507099	1.48118358768	-0.0602713273705	0.0299525833099	0.362933079631	0.240227545642	0.0135658238663
0.0247212507099	1.57740440318	-0.0337860671124	0.0315019584075	0.362933079631	0.243969120202	0.0190585110245
0.0247212507099	1.98152801374	-0.0306517002751	0.0315019584075	0.362933079631	0.237463484382	0.0324438515126
0.0249774231405	1.08592848153	-0.251652854687	0.0359093267186	0.362933079631	0.268807149587	0.0402450861589
0.0248240759303	0.366678098905	-0.112945328906	0.0329237170004	0.362933079631	0.201712435136	0.0339284628344
0.0274976871035	0.920937326138	-0.0607181977038	0.0329237170004	0.362933079631	0.263963886609	0.0290002290276
0.0274976871035	1.04031975919	-0.229800305896	0.0362952368387	0.362933079631	0.22541250343	0.043373929113
0.0302370856273	1.18277487084	-0.193536697402	0.0357849617663	0.362933079631	0.236716198962	0.0508728348964
0.0302370856273	1.18277487084	-0.203568786229	0.0358790817382	0.362933079631	0.233002361628	0.0493206180615
0.0302370856273	1.26406119703	-0.192250029467	0.0342580178006	0.362933079631	0.217728640235	0.0361685527975
0.023019474281	0.840605570849	-0.275262683967	0.0261187655138	0.34586260389	0.280607755799	0.0443498530171
0.0322475046856	1.00768239019	-0.276716826205	0.0363680269	0.34586260389	0.217080324668	0.0532282039224
0.0324154274573	0.76839754743	-0.182963225306	0.0445650554916	0.34586260389	0.227900011842	0.0613213308832
0.0324154274573	1.65082857939	-0.234885211941	0.033100197993	0.364361263012	0.228104066421	0.0517011449077
0.0222602277873	1.60703004802	-0.230988085096	0.0370848456148	0.364361263012	0.166655005616	0.0105635575416
0.0273944929309	1.75424613939	-0.215311341124	0.0459209303552	0.364361263012	0.226512390625	0.0451379540269
0.0273296580961	1.2447581516	-0.217248302345	0.0291929420227	0.354156441682	0.226512390625	0.00207567088517
0.0182524307271	1.58749249783	-0.0954150420327	0.036296905599	0.354156441682	0.253677797126	0.0324990146294
0.0321353965372	1.53003461168	-0.248245379005	0.0300590662595	0.354156441682	0.186995028945	0.059099463564
0.019357555125	0.892317052411	-0.16936763008	0.0338014316195	0.354156441682	0.206474756669	0.0205836586379
0.0279055610709	1.60474902644	-0.0236525928041	0.0277744544451	0.354156441682	0.257707930178	0.0339641616755
0.0243952108945	1.88832950299	-0.11425468378	0.0309104665927	0.354156441682	0.29112633131	0.0270655994639
0.0243952108945	1.48334539122	-0.0927836474603	0.0399191815318	0.354156441682	0.252209429712	0.0151246151539
0.0243952108945	1.48334539122	-0.11500323397	0.0291853324349	0.413471988145	0.264169223148	0.0491084155958
0.016358789249	1.61611608685	-0.124424275535	0.0296275845489	0.413471988145	0.256558475265	0.000997824015804
0.0287474242389	1.18860171271	-0.124424275535	0.0406563453354	0.413471988145	0.204718659528	0.0287363489892
0.0279983202564	1.52587912142	-0.125723880879	0.0355764234258	0.413471988145	0.181789407387	0.041202335294
0.0309411265502	1.81118673834	-0.159922957755	0.0339714830651	0.385547489916	0.212194031206	0.0289417665114
0.0183175347459	1.31489695629	-0.127994164102	0.036690611925	0.385547489916	0.200237309909	0.00411768711684
0.0203892317982	1.53589048745	-0.0910928597553	0.0325366558703	0.385547489916	0.229827756618	0.00583501418709
0.0203892317982	1.6506171758	-0.18449236158	0.0326443324869	0.425293813302	0.20923459944	0.0240884792119
0.024645691889	1.11946431848	-0.200111447691	0.0320167465484	0.425293813302	0.200075460301	0.0555089490511
0.0170382410467	0.862309713227	-0.229251078814	0.0320167465484	0.426292837954	0.24243610797	0.0411803924818
0.0249440193525	1.24134479743	-0.185833514832	0.0321821270494	0.426292837954	0.230070150947	0.01970173818
0.0202677799606	1.46359749078	-0.166295468458	0.0321821270494	0.426292837954	0.203818952661	0.028449542492
0.0202677799606	0.917640064799	-0.178624478952	0.0342035013775	0.426292837954	0.200674583147	0.0247037198094
0.0202677799606	2.09971283626	-0.287802264357	0.0326012707244	0.387793616487	0.233786368349	0.0254000578225
0.0161966311575	1.8386880385	-0.222306079906	0.0326012707244	0.387793616487	0.206686025062	0.0225075305142
0.0215752670421	0.644639833834	-0.227573509028	0.0302762756308	0.387793616487	0.220108604691	0.0417944468984
0.0188875570368	1.36605300471	-0.169475507238	0.0304425506254	0.387793616487	0.229558268679	0.0312612801585
0.0188875570368	1.32659640192	-0.185435424819	0.0317051205216	0.387793616487	0.195853727193	0.029487437143
0.0218700970512	1.32523336256	-0.231160626212	0.029397899998	0.387793616487	0.186004630538	0.00868120242337
0.0164700899391	1.88385366878	-0.143030023054	0.0309207642253	0.387793616487	0.20628673997	0.0205875645849
0.0164700899391	1.92480101048	-0.202433389079	0.0297712170955	0.444630513759	0.20628673997	0.00323601987433
0.0320884474877	0.974322800404	-0.24510830501	0.0297712170955	0.444630513759	0.20628673997	0.00227835527104
0.0306315089393	1.41638197532	-0.212797880458	0.0319432715542	0.476222295433	0.20628673997	0.0515501462293
0.0306315089393	1.42991045682	-0.184706494692	0.027965277193	0.476222295433	0.163995200342	0.00995542081471
0.0186745918825	1.93050463216	-0.190030674721	0.0304550169305	0.476222295433	0.202281497174	0.0095526034054
0.0228867629512	0.849313767438	-0.169799269139	0.0364226332334	0.476222295433	0.179281005007	0.0427083432077
0.0169575131355	1.84098180039	-0.171150041139	0.0324447496823	0.476222295433	0.182280192203	0.0151662587932
0.0289951894999	1.36467185233	-0.208917213154	0.0368298324718	0.476222295433	0.182280192203	0.0254908056151
0.0254784519072	0.531378929479	-0.0650335983424	0.027186103322	0.476222295433	0.182280192203	0.0404175603967
0.0245212000931	1.25191989844	-0.126357105881	0.027186103322	0.476222295433	0.182280192203	0.0161193375147
0.0261146350471	1.44953203206	-0.238165599269	0.0355349735921	0.476222295433	0.182280192203	0.0345492221963
0.026535786849	1.88859268412	-0.209745345554	0.0355349735921	0.476222295433	0.183865468541	0.00888699839161
0.026535786849	1.21700845405	-0.222975512405	0.0357108212666	0.476222295433	0.183865468541	0.00403626830699
0.0295503633448	1.44843168692	-0.026968423177	0.032915206402	0.476222295433	0.183865468541	0.00707362535669
0.0296236591604	1.38169159395	-0.191759049901	0.037002262548	0.476222295433	0.183865468541	0.0242181280466
0.02811664313	1.41790417942	-0.16443005146	0.037002262548	0.476222295433	0.183098423173	0.0480757682839
0.0250842145398	1.63968500686	-0.171545039034	0.0380745400607	0.476222295433	0.187533421592	0.0173105379109
0.0250842145398	0.993641438519	-0.0777673789099	0.0375170205958	0.476222295433	0.172347672138	0.0558257717614
0.0224037835709	1.19559384216	-0.0477859644995	0.0282320270493	0.476222295433	0.189387342494	0.0229058437745
0.0224037835709	1.19559384216	-0.0924096888227	0.0197029524197	0.476222295433	0.189387342494	0.00138273631242
0.0224037835709	1.52303558991	-0.174337483954	0.0348312698172	0.480535891385	0.189387342494	0.0211560788487
0.0224037835709	1.07221631898	-0.167655279813	0.0341725125059	0.47516223622	0.176008617564	0.0415658677056
0.0259490885424	1.22903354616	-0.140044723203	0.0265122617983	0.47516223622	0.176008617564	0.00622890718277
0.0259490885424	1.4364169367	-0.0148845464818	0.0346886917362	0.47516223622	0.169317595701	0.0156057496137
0.0177369226749	1.17249932093	-0.0706056966389	0.0332531299712	0.47516223622	0.168058914734	0.00970595656765
0.0177369226749	1.30039081675	-0.162367903301	0.0264337205955	0.47516223622	0.169494887111	0.0124963240197
0.0237515781384	1.37807669946	-0.128048570363	0.0142768327079	0.47516223622	0.169494887111	0.0101197818662
0.0237515781384	1.49618798813	-0.0591789899942	0.028341619987	0.47516223622	0.184699825557	0.0375918036193
0.0237515781384	1.1437563341	-0.0800759692116	0.039564139984	0.47516223622	0.198139251181	0.0375918036193
0.0237515781384	2.08687690904	-0.117587720808	0.0333276475823	0.47516223622	0.195817563517	0.0284151629552
0.0237515781384	1.52664744961	-0.0810397587335	0.0206788884558	0.47516223622	0.185732552296	0.0174224159486
0.0237515781384	0.619672158594	-0.112600905119	0.0484291176424	0.47516223622	0.174988972817	0.0371454765361
0.0284923629486	1.22277968917	-0.0821783866294	0.0341763817249	0.47516223622	0.158127202208	0.0291840491698
0.0284923629486	1.79281493758	-0.10693937289	0.0328856043099	0.47516223622	0.191819691613	0.00146898893034
0.0211747346009	1.22917925863	-0.0928066248064	0.0343895009188	0.47516223622	0.170973124903	0.0151951078661
0.0259883878744	0.688045218561	-0.0999545018163	0.040243909122	0.47516223622	0.176098720687	0.0445743556463
0.0259883878744	1.5691604251	-0.0496599573031	0.0402884745042	0.47516223622	0.178700228163	0.0217513155852
0.0243183586559	1.66916298317	0.0211039380195	0.0358114465224	0.47516223622	0.172782042913	0.0101836135682
0.0226809512378	0.57231392643	-0.15944479277	0.0453440812771	0.47516223622	0.168772266586	0.0443128816753
0.0226809512378	1.65517701025	-0.122976095606	0.0443311022088	0.47516223622	0.172831394649	0.0340104397116
0.0189743760002	1.81788007115	-0.089442155892	0.0413948770009	0.47516223622	0.172831394649	0.0197754331751
0.0164275378121	1.09706861744	0.0520945163861	0.0494732999635	0.47516223622	0.172831394649	0.0322143972381
0.0249522793967	1.63169093431	-0.135618731465	0.0373441642514	0.47516223622	0.174521448434	0.0621190844004
0.0163207754307	1.55929118584	-0.0939074536436	0.0245232592473	0.47516223622	0.174521448434	0.0304887308041
0.022135986667	1.43490411277	-0.269086041971	0.0271090463119	0.47516223622	0.174521448434	0.0368245111553
0.0263785191777	1.27702349666	-0.281748226142	0.0227615916244	0.47516223622	0.174521448434	0.00650204195105
0.0263785191777	1.52402922151	-0.157574022969	0.0367623784823	0.47516223622	0.174521448434	0.0567420329443
0.0263785191777	1.62561422257	-0.168406736757	0.03607332026	0.47516223622	0.174521448434	0.052760322172
0.0263785191777	1.40506037312	-0.110949837587	0.0292685249839	0.47516223622	0.174521448434	0.0143466039644
0.0222037698324	0.900907907104	-0.139785292917	0.0273630943845	0.47516223622	0.175561460009	0.0682281422722
0.0227049332687	1.38332827037	-0.126451410718	0.0273630943845	0.47516223622	0.190953417029	0.00648910720094
0.0227049332687	1.28920579817	-0.164730802935	0.0468466399756	0.47516223622	0.204427824541	0.0391629131997
0.0227049332687	1.40393675176	-0.18501039254	0.0313213635867	0.47516223622	0.157827307175	0.0562048268962
0.0251438471816	1.4424992854	-0.200522276118	0.0319941212916	0.47516223622	0.202671600748	0.0121905110697
0.0272431152577	1.3828084367	-0.0870262410723	0.0164889383076	0.47516223622	0.185892138626	0.0385361247741
0.0254719009611	1.21326554461	-0.112412530488	0.0245232124281	0.473547486984	0.184525110899	0.00144218487462
0.0273738423471	1.16089811135	-0.258935800548	0.0252500566447	0.473547486984	0.182733770511	0.0372186415401
0.0273738423471	1.56684786202	-0.236112400099	0.0462999701787	0.473547486984	0.182733770511	0.0444175380626
0.0273738423471	1.81386764823	-0.094333654371	0.0223115436062	0.473547486984	0.197091033599	0.0593808745221
0.0228271364103	1.32258723047	-0.160923129834	0.0303515229962	0.473547486984	0.150076971412	0.031962598656
0.0228271364103	1.61146055094	-0.124581569672	0.0356022746038	0.473547486984	0.147404581586	0.0493368710722
0.0256213157283	1.63784262507	-0.114003159909	0.0460377956833	0.473547486984	0.180726577166	0.0128519318295
0.0248504740016	1.22489976308	-0.0498412664781	0.0244020213491	0.473547486984	0.181640378248	0.0472487747039
0.0249393233882	1.49828745511	-0.0790204891488	0.0286674455181	0.473547486984	0.162854511305	0.0303353135317
0.0251044846315	1.64987130282	-0.0174385913405	0.0210697625032	0.473547486984	0.179653570188	0.02554676384
0.0253160747022	1.09369499444	-0.0429997102442	0.0348783238176	0.473547486984	0.141245328437	0.0331264674683
0.0268008017419	1.50703791913	-0.0379002585651	0.0336807499105	0.473547486984	0.149915546835	0.0204317080879
0.0268008017419	0.553739647665	-0.0429147933295	0.0441303594622	0.473547486984	0.190845109509	0.063913135292
0.0218518415888	3.16320572323	-0.00259220709897	0.0200897699547	0.473547486984	0.210596705854	0.0138202410794
0.0218518415888	2.12467391706	-0.0509005715447	0.0275144411169	0.473547486984	0.222533272127	0.00531400693511
0.0184228787668	0.933516837144	-0.0837878793682	0.0381342161067	0.473547486984	0.201216620918	0.0291981811831
0.0259102351371	2.64532135576	-0.0678267784061	0.0436659356355	0.473547486984	0.192815889185	0.0537163571687
0.0161580453719	0.85497905843	-0.0851491703388	0.0286929632115	0.473547486984	0.190909573215	0.00866680870547
0.0244886302697	1.41606182554	-0.0734611560998	0.026258536202	0.473547486984	0.190909573215	0.0206915693601
0.023495072283	2.51514602994	-0.0734611560998	0.0311860358813	0.473547486984	0.199093584814	0.0175276450967
0.0346976441321	1.81865368773	-0.0734611560998	0.0214473414646	0.473547486984	0.175745429976	0.0538463480086
0.0176960164619	1.13854607341	-0.0595829103481	0.023154816889	0.473547486984	0.175745429976	0.00244653237486
0.0399075780789	0.592800072181	-0.0649052134648	0.0262771243647	0.473547486984	0.175745429976	0.0440306620343
0.010644396188	2.35982220771	-0.0637786277723	0.0367636488403	0.473547486984	0.175745429976	0.0310214926296
0.0104433601315	2.1689615766	-0.0469868235652	0.0385039873204	0.473547486984	0.175745429976	0.031836248268
0.0251358375006	3.68042703929	-0.0139592290944	0.0365265956715	0.473547486984	0.175745429976	0.0445612714199
0.0251358375006	1.27765425602	-0.0673362874742	0.0311709103134	0.473547486984	0.175745429976	0.0132833219094
0.0251358375006	0.597183500878	-0.0505821699823	0.0417152039063	0.470538301467	0.17559096598	0.0394556676178
0.0251358375006	1.97996807782	-0.0998636669061	0.0315792691063	0.470538301467	0.162786228899	0.0350934361978
0.0306968759005	1.54722805701	-0.055814211007	0.0371996952961	0.470538301467	0.179051858136	0.0373827962398
0.0226326065825	1.55749069819	-0.0117417429923	0.0402795888378	0.470538301467	0.162990154276	0.0157733513658
0.0226326065825	1.85800566932	-0.0878824754891	0.0338893084671	0.470538301467	0.162990154276	0.0109273980837
0.0249621714729	1.09736922042	-0.071344176217	0.0372070668114	0.470538301467	0.162990154276	0.0265945482279
0.0249621714729	1.3027506633	0.021985008043	0.0353620015976	0.470538301467	0.160662497573	0.0152659600784
0.0284230319044	1.86531063815	-0.00975884952736	0.0353620015976	0.470538301467	0.167199864214	0.02015594491
0.0335824990411	1.23307488707	-0.0425983632194	0.0353620015976	0.470538301467	0.167199864214	0.0369365367113
0.0141221358673	1.67566127534	-0.0815323295147	0.0313271640931	0.470538301467	0.164830310732	0.0532402592743
0.0266123432795	1.86133084379	-0.00721148346859	0.0272951796144	0.470538301467	0.164830310732	0.0508713369468
0.0242371079114	1.95513741322	0.0731282778634	0.0312360691477	0.470538301467	0.174149904575	0.020528277254
0.0224608713635	1.99547087552	-0.125352039051	0.0338008918924	0.470538301467	0.174149904575	0.0109632495827
0.0283408193508	1.99237128134	-0.0609595628181	0.0299553567319	0.46713819047	0.186098469346	0.0541987736201
0.0308092612182	1.4187800442	-0.152696956154	0.0196064684309	0.46713819047	0.186098469346	0.048002780864
0.0282472284419	1.08838327893	-0.154773766137	0.0448561468954	0.46713819047	0.186098469346	0.0550008465572
0.0296572989647	1.69173967428	-0.0834434514123	0.018334647842	0.46713819047	0.186098469346	0.00584062672521
0.0243126393326	1.89495559019	-0.0184579614269	0.0184665736433	0.46713819047	0.186098469346	0.0253135239783
0.0360114452505	1.45135269735	0.0555225533468	0.0292588648966	0.46713819047	0.18772869031	0.0385826533805
0.0218561922062	1.42570310927	-0.0361739579031	0.0255153798211	0.463618937789	0.196518597556	0.0313057715564
0.0218561922062	1.39085469126	-0.0595059603211	0.0382153105337	0.463618937789	0.197821197129	0.0336512420471
0.0158768965777	1.87294228152	-0.209100709214	0.0335418755946	0.463618937789	0.203321060449	0.0275127927089
0.0302893978195	1.83792913733	-0.0506574786167	0.0407418356862	0.463618937789	0.15898067939	0.0236473757402
0.0279364399603	1.86952203515	-0.112857757242	0.0390617356523	0.463618937789	0.15480439486	0.0264026654998
0.0322783069767	1.77445449804	-0.156179623483	0.0299730675454	0.463618937789	0.152212962347	0.00154634340805
0.0253967566826	1.08525628025	0.000520298105715	0.0345319568116	0.463618937789	0.172118466587	0.0563458560197
0.0193954740952	1.13482628979	-0.0844107199642	0.0314472897024	0.46576220844	0.177692759185	0.0461679283753
0.0279417566714	0.745087657175	-0.0440837219087	0.0314472897024	0.46576220844	0.195367854118	0.0670810805851
0.0216113871849	0.928565766169	-0.045704364516	0.0280448229908	0.46576220844	0.234014058046	0.0150294880636
0.0274145114142	0.719642590402	-0.0649485956931	0.0261150980702	0.46576220844	0.144843745849	0.0266637570709
0.0189945238327	1.0937037297	-0.0719899211791	0.0299231164178	0.46576220844	0.196285179523	0.00262842579631
0.0191845145573	0.779689539757	-0.0921709571509	0.0299231164178	0.46576220844	0.190014156067	0.0272407878244
0.0292639516102	1.48816302243	-0.042909409652	0.0293126076661	0.46576220844	0.211598297279	0.0284142145702
0.021050992002	0.33662686718	0.0140246385168	0.0293126076661	0.46576220844	0.150621987218	0.0534542290486
0.0297229671455	1.20661257651	-0.0908084328577	0.0294439741677	0.46576220844	0.209730494961	0.0366190972856
0.0250935045009	1.09472459341	0.031433389878	0.0294439741677	0.46576220844	0.195931962942	0.0179067963577
0.0337000202804	1.0547115096	0.0408535860765	0.0276520179804	0.46576220844	0.189294905022	0.0366341498712
0.0241241027698	1.32348218713	-0.0452473007344	0.0255159086704	0.46576220844	0.228643772517	0.0100355448687
0.0230623743049	1.48707157896	-0.0538793583736	0.0278410797632	0.46576220844	0.137737865524	0.0602056990987
0.0292480021053	1.22277121216	-0.00376948625818	0.0278410797632	0.46576220844	0.203027646579	0.0214558531099
0.0281412670336	1.38647343993	-0.00376948625818	0.0289739224298	0.46576220844	0.20793656048	0.0164447078557
0.0300260845883	1.38647343993	-0.00624755985613	0.0328683457933	0.46576220844	0.19859814707	0.0531698440926
0.0267845084549	0.99401056856	-0.00935590654142	0.0335406919924	0.46576220844	0.189804858695	0.0206047356945
0.0283406163226	1.24319776495	0.0104814901558	0.0335406919924	0.46576220844	0.189804858695	0.005446223605
0.0283406163226	1.27335051227	0.00661708972134	0.0335406919924	0.46576220844	0.196961796516	0.0534049433872
0.0240816689797	1.12399795477	-0.00124430782588	0.0352749345875	0.46576220844	0.174352181079	0.0297679000869
0.0295136134302	1.12399795477	-0.0206131123265	0.0374805652971	0.46576220844	0.194317345771	0.0359415645512
0.029257088283	1.08052534629	-0.01565100587	0.031872160731	0.46576220844	0.204777714989	0.0449113477191
0.0330176606548	0.069681500394	-0.01565100587	0.031872160731	0.46576220844	0.186205583765	0.0345374484931
0.0330176606548	1.08584626063	-0.0178130995526	0.029058454859	0.46576220844	0.205908427812	0.00355700188501
0.0325594371336	1.00393464265	-0.0178130995526	0.029037096362	0.46576220844	0.197006449374	0.0100842367262
0.0236177108524	0.839876503446	-0.0178130995526	0.029037096362	0.46576220844	0.201548519897	0.0399675586454
0.0341385605657	0.953712269224	-0.0178130995526	0.029037096362	0.469724400642	0.199850073277	0.0620027421595
0.0327190953529	1.06069949267	-0.0110053111855	0.029037096362	0.469724400642	0.199850073277	0.0722618884389
0.0327190953529	1.04810437204	-0.00505954776681	0.0293651108554	0.469724400642	0.202289299345	0.0506627993171
0.032653606019	0.927828108425	-0.00505954776681	0.0303179494383	0.469724400642	0.202289299345	0.0380629017502
0.0341067332862	0.905632619658	0.00496662901452	0.0307489385058	0.469724400642	0.179460782182	0.00464038412298
0.0318814218822	1.10107298626	-0.0133518181076	0.0317782655725	0.469724400642	0.21632091697	0.0298601674332
0.0318814218822	0.715886552486	-0.0130934093703	0.0357071223225	0.469724400642	0.209004111139	0.00684896807058
0.0336940034862	1.02977675609	-0.0130934093703	0.0293152917618	0.469724400642	0.193363989476	0.0267131635605
0.0306905091358	0.258563248618	-0.0130934093703	0.032185563599	0.469724400642	0.193363989476	0.0307348468897
0.0306905091358	1.44010487536	0.00422990439324	0.0293979545539	0.469724400642	0.197972675496	0.0140336480525
0.030730288575	1.83442967529	-0.0151207777261	0.0293979545539	0.469724400642	0.20206491466	0.00315142375903
0.030730288575	1.68606574089	-0.00277740392536	0.0257382468283	0.469724400642	0.209892475426	0.00328796844552
0.030730288575	0.993869570243	0.00484599363114	0.0271990344916	0.469724400642	0.207765586595	0.03464994876
0.030730288575	1.39557583926	-0.00876941284053	0.0271990344916	0.469724400642	0.207472577819	0.0208622512215
0.028232376338	1.02895605013	0.0332598374182	0.0285723893782	0.469724400642	0.198755707929	0.0566950725116
0.0324598117923	0.250285818975	0.0274255030643	0.0255756292846	0.469724400642	0.246351797245	0.0104290212699
0.0358636346073	0.907588003612	0.0379417818466	0.027455220998	0.469724400642	0.209319444209	0.0150191279596
0.0337377810677	0.843149981262	0.0193137493455	0.0320274718306	0.469724400642	0.195756604748	0.0362569297974
0.03295771229	0.99421986504	0.0104553537148	0.0320274718306	0.469724400642	0.191549977383	0.0484158841248
0.0305154540977	0.931833790115	0.0104716709007	0.0302697614286	0.469724400642	0.182975566148	0.000926857975018
0.0322800826536	1.14524090929	0.0104716709007	0.0302697614286	0.469724400642	0.221624980903	0.0590931636996
0.0325508409037	1.14524090929	0.00812111284559	0.0302697614286	0.469724400642	0.194848221865	0.0473914063949
0.0325508409037	1.46339960978	-0.00344891590144	0.0302697614286	0.469724400642	0.194848221865	0.0547829136504
0.035507866633	1.46384272535	0.0057872914461	0.0302697614286	0.469724400642	0.25241622726	0.0603571695156
0.0342187695445	2.07791483367	0.0188663162407	0.0302697614286	0.469724400642	0.196680905492	0.0112342849835
0.0286687217164	1.09316714927	0.0027349192749	0.0302697614286	0.469724400642	0.201818617972	0.0412459900029
0.0369890760881	0.855621786697	-0.0191987634303	0.0297734074498	0.469724400642	0.206421892038	0.0616348641142
0.0369890760881	0.824934710349	0.00115465879741	0.0311322246192	0.469724400642	0.206421892038	0.0359363866958
0.0287202540057	0.322109675329	0.0136738750768	0.0311322246192	0.469724400642	0.206421892038	0.0148738818542
0.0305947683211	0.741053525052	0.0205309528832	0.0311322246192	0.469724400642	0.206421892038	0.0218277978236
0.0317409151872	1.13955289235	0.0106959347455	0.0329826393122	0.469724400642	0.207646313778	0.00834640183423
0.0291903201323	1.00894891319	0.0130804640346	0.0318564531181	0.469724400642	0.207646313778	0.0107908575401
0.0329491226311	0.937126304205	0.0107323330702	0.034209755212	0.469724400642	0.190112176042	0.0328912204289
0.0314147691169	1.2308817719	0.0239252011487	0.0296984209451	0.469724400642	0.187960489113	0.062145060898
0.028154136391	0.928569621871	0.0384216837169	0.0296984209451	0.469724400642	0.197245033172	0.0297914227603
0.028154136391	0.918688735235	0.0370572808033	0.0374193801065	0.469724400642	0.197245033172	0.0251489214483
0.0281632405523	1.07734371988	0.0679744555359	0.0308341599795	0.469724400642	0.200334599444	0.0398295078371
0.0281632405523	1.07734371988	0.095130565838	0.03296455474	0.469724400642	0.200334599444	0.0185686086567
0.0281632405523	0.477444920247	-0.034788405737	0.0279982318359	0.469724400642	0.200334599444	0.0185109421939
0.0281632405523	0.851396072411	0.0858463335696	0.0279982318359	0.469724400642	0.211684138719	0.0319515847272
0.0281632405523	0.978479435313	0.0634772030765	0.0286033511007	0.465473857564	0.211684138719	0.0541466396586
0.0407675896204	0.978479435313	0.0577261599772	0.028739517447	0.465473857564	0.211684138719	0.03529406005
0.0294717381626	1.0772847973	0.0322016921397	0.0286329703877	0.465473857564	0.209707982898	0.0591939430686
0.0215349387618	0.996719413757	0.0304812756467	0.0286329703877	0.465473857564	0.209707982898	0.067981816172
0.0215349387618	1.55974591271	0.0241951826774	0.0275239398899	0.464788872264	0.202431235637	0.0357555581773
0.0215349387618	0.712408783296	0.0577934680803	0.0287610811054	0.464788872264	0.194891149235	0.0198446621391
0.0361495036459	1.05359295902	0.0129728377827	0.0333380090436	0.464788872264	0.178844833894	0.0783620981248
0.0378628869781	0.861857551736	0.00476453014673	0.0333380090436	0.464788872264	0.175483841098	0.025106889794
0.028480507699	0.877906313665	0.0514994188679	0.0322062290066	0.464788872264	0.221829318829	0.00811186024477
0.0166581391255	1.23171894122	0.0514994188679	0.0271519590504	0.465002730311	0.187461893368	0.0411550815203
0.0269372596822	1.24810766351	0.0557618023288	0.0271519590504	0.463531083957	0.20065592326	0.00811590442288
0.0353209714162	1.43740996099	-0.0126538059572	0.030076204703	0.463531083957	0.128817590189	0.0466660451309
0.0322586452653	1.23096647369	-0.00598957773097	0.0278484228709	0.463531083957	0.189750698092	0.0721961159447
0.020500872031	1.23096647369	0.0419021649133	0.0257294196769	0.463531083957	0.0644373982985	0.0658531023837
0.0254003497157	1.47008784202	0.0505917637398	0.0335628244941	0.463531083957	0.165831182201	0.0011483406414
0.0275026524097	1.29725413373	-0.00570944691784	0.0292580099086	0.518707804934	0.218564656257	0.0360436419502
0.0324005821208	0.963351652046	-0.0657071622169	0.0187521927575	0.49371892291	0.195803693614	0.0202453856481
0.0376074042519	1.35154313995	0.0147802871161	0.0301572877098	0.49371892291	0.155886932114	0.0359614345174
0.0348051251292	1.50633666446	0.0512635159168	0.0335661834669	0.49371892291	0.186562416403	0.015560233425
0.0160189210541	1.50767197477	0.0114196678406	0.0392285057103	0.49371892291	0.228260960355	0.025724355167
0.0208564627911	1.50767197477	-0.00513943457935	0.0272128115607	0.496353275539	0.355025224308	0.0549400761713
0.0294879774574	1.59539075658	-0.0228052299353	0.0272128115607	0.496353275539	0.138489886061	0.0593372949257
0.0374544357268	0.267696677832	-0.0881775242395	0.0260821635264	0.496353275539	0.296797031856	0.0461782132211
0.0236310499057	1.95835407154	-0.0888584864423	0.0292258975074	0.496353275539	0.227220520571	0.0654512323142
0.0286869489604	1.48429283354	0.00426300085449	0.0276774181019	0.496353275539	0.0583285372442	0.0135040792196
0.0292891104321	2.740769612	-0.035767576047	0.0337872219046	0.532026054244	0.212982966265	0.0317903332454
0.0213024533921	-0.1312789803	-0.0289397725644	0.0321719950367	0.478999213551	0.192758317468	0.0528301214096
0.0187233548021	2.14261214493	-0.055208511007	0.0342240172786	0.487208389012	0.183104141232	0.0524951418787
0.0187431176907	0.75560758985	-0.0271897196371	0.0307441489138	0.480209976596	0.183104141232	0.00469314929678
0.0303488533487	1.97123257895	0.00823030899556	0.0307441489138	0.480209976596	0.21398134533	0.0650310930673
0.0221758850043	1.57207368138	-0.0272465387493	0.0324027101123	0.480209976596	0.118917287058	0.0421019653234
0.023814528978	0.550869892195	-0.056476590846	0.0330561236227	0.492811527016	0.200618402928	0.0311699994867
0.032403823973	2.6298770047	-0.134679372902	0.0286654154282	0.485019824508	0.243187206468	0.0375766290931
0.0201114417091	1.29670273508	-0.129660800452	0.0309219083771	0.485019824508	0.200693181399	0.0296445968283
0.0272983962089	0.989745494275	-0.122875503924	0.0319505665957	0.528771799209	0.197945847723	0.0558170221593
0.0198753301865	1.35053618039	-0.0489002642056	0.0319505665957	0.535005020092	0.16481599258	0.0165614276493
0.0277318939663	0.288306127144	-0.023307919992	0.0320496350565	0.535005020092	0.173168512956	0.0324689791194
0.0266757717159	0.847346703271	-0.0898341781417	0.0318416564661	0.535005020092	0.17114964526	0.0127237195649
0.0292200291985	0.84824054333	-0.138661593024	0.0323036932112	0.535005020092	0.148251450857	0.0382704590106
0.0301333800719	1.58589842172	0.00973184360684	0.0295494608156	0.535005020092	0.16037840333	0.033743133657
0.016113205521	3.19411134415	0.0378969704612	0.0295494608156	0.523193705244	0.164489814175	0.0208012990993
0.0351682634305	2.35268431806	-0.083826039913	0.0289221025483	0.534452204629	0.162465457	0.0121898519319
0.0248039241792	2.83604773717	-0.115140708815	0.0301917881368	0.543820573106	0.174174669519	0.0628434081531
0.041874127352	2.03268566311	-0.127380997356	0.0303375343819	0.554030527576	0.174614838702	0.0605754135069
0.016074478795	1.84482373687	-0.110139043448	0.0250136932228	0.571473961948	0.176239852808	0.00602243243102
0.0155591837264	1.67930687813	-0.15048395092	0.0241408183213	0.571473961948	0.176239852808	0.0455868339762
0.0329564131723	1.21523284823	-0.139697110018	0.0259183490511	0.629992796562	0.176239852808	0.00557593117327
0.0308622275622	1.37639310309	-0.0946132884926	0.0259183490511	0.618284046232	0.164187216118	0.039333540339
0.0187799311032	1.36309753039	-0.156079535405	0.0217307513108	0.618284046232	0.164187216118	0.0162103428319
0.0244907437194	1.45210831296	-0.209175220998	0.0258433828671	0.618284046232	0.164187216118	0.0449090442788
0.0185003655222	1.34640176825	-0.153281544339	0.0229966605863	0.678910000986	0.164187216118	0.038660600231
0.0273365340128	1.33251474365	0.0268678079228	0.0209218237084	0.665654801831	0.148373175332	0.0231752355657
0.0252542425669	1.34629106116	-0.0881419359745	0.0209218237084	0.665654801831	0.162620474427	0.0220228786592
0.0262539173353	1.19554015298	-0.169615509756	0.0203981626308	0.665654801831	0.159215782027	0.0122208922551
0.0262539173353	1.20480278972	-0.0414743795132	0.0203981626308	0.665654801831	0.151492823288	0.00929694637774
0.0215512020718	0.724044268334	-0.0271121528543	0.0198429065814	0.665654801831	0.151492823288	0.00839203723101
0.0292925630147	1.69533873761	-0.00746466129216	0.0176298315743	0.671714139033	0.151492823288	0.00670262636319
0.0292925630147	0.579873554733	0.00358403428411	0.0233441712225	0.671714139033	0.149984052093	0.0537620617606
0.02296022607	2.03132794453	-0.0931060963658	0.0237929931189	0.671714139033	0.148438618765	0.0340028872255
0.02296022607	1.26820285718	0.0586989982045	0.0242407408653	0.671714139033	0.148438618765	0.0215296602453
0.0242208080737	1.31933082046	-0.132040077746	0.0219877961149	0.671714139033	0.148438618765	0.0175670405904
0.0216034341786	1.60544964637	-0.0660069579063	0.0208954366087	0.671714139033	0.148438618765	0.0515652994475
0.0242550044126	1.57270100509	-0.0952251718443	0.022780688666	0.690402737614	0.148438618765	0.0207544212636
0.0242550044126	2.03228522699	-0.138131403345	0.022780688666	0.67785636614	0.148438618765	0.0474807073119
0.0227654344351	1.32215310732	0.0744511729881	0.022780688666	0.735975509503	0.135230100343	0.0256262275008
0.021522897376	1.88175692729	-0.19772843818	0.022501611024	0.743970687275	0.127733326685	0.018632275458
0.0214593597983	2.00655478723	-0.152274539157	0.0230244283216	0.743970687275	0.125522766298	0.0311025076656
0.0214593597983	1.80768616514	-0.228976948269	0.0230244283216	0.743970687275	0.140135370445	0.0316353624837
0.0291028880357	1.56053489845	-0.0418607952869	0.0230244283216	0.765961874963	0.140371590165	0.0201163535782
0.0291028880357	1.54723769779	-0.0735120757069	0.0230244283216	0.796397893839	0.130836695795	0.0184098279005
0.0272895227199	1.02891046103	-0.0398325984559	0.0230244283216	0.796397893839	0.147409260288	0.0309547264424
0.0272895227199	1.88222454824	-0.0588891458969	0.0230244283216	0.796397893839	0.141168780059	0.0187698560285
0.0288473552702	1.49207646576	-0.0760621383178	0.0230244283216	0.800008022632	0.107409699631	0.0602801789051
0.0330235435528	1.55242438282	-0.16719061154	0.0229676053566	0.800008022632	0.119414367691	0.0246592120149
0.0206809686396	1.38725188429	-0.157957080589	0.0229676053566	0.83004289262	0.119414367691	0.0197665486619
0.0331642942967	1.75008352866	-0.18391910822	0.0229676053566	0.83004289262	0.116547457754	0.0644493643963
0.0227569947227	1.8198157821	-0.0558082007208	0.0220473702457	0.83004289262	0.116547457754	0.0232541618686
0.025257652543	2.29060650072	-0.0558082007208	0.0221607669104	0.866813203701	0.116547457754	0.058261664565
0.025257652543	1.88016650797	-0.0439690202964	0.0221607669104	0.866813203701	0.127912408249	0.0186470218865
0.0243869653171	1.43061312777	-0.0379491186517	0.0219586032161	0.866813203701	0.131827008533	0.0479378241908
0.040531172741	2.83284956595	-0.0392524893699	0.0219586032161	0.91545469652	0.117041855153	0.0139419422461
0.0232670242774	3.57214752927	-0.076207312786	0.0219586032161	0.792613478244	0.117041855153	0.0616653998297
0.0244085791175	1.73717440711	0.0101125499754	0.0219586032161	0.937017110037	0.117041855153	0.0559285358352
0.0235739833634	2.81333374236	-0.0534515940763	0.021647469658	0.951561508986	0.112383419585	0.021936673061
0.0295553988308	1.02099851651	-0.0989405038022	0.021647469658	1.05235840636	0.112383419585	0.049289663926
0.0303459747406	1.61487950339	0.0426519482213	0.021647469658	1.08227293608	0.112383419585	0.0180120479868
0.0212912345814	2.07246294673	-0.0511613398641	0.021647469658	1.08227293608	0.112383419585	0.0562894067605
0.0214970953557	3.3051279094	-0.047977166331	0.021647469658	1.08227293608	0.112383419585	0.0412219331783
0.0217866607368	0.764261593531	-0.0512182587913	0.021647469658	1.04227147784	0.112383419585	0.0188555639705
0.021988074825	0.971016143167	-0.00870656389847	0.021647469658	1.033519792	0.114393603712	0.0335273333672
0.0256600666753	3.38625678027	-0.0187249060911	0.021647469658	1.033519792	0.11440680744	0.041393423451
0.0308402467895	2.46198828984	-0.0310914529905	0.021647469658	1.033519792	0.113909540932	0.0113303225472
0.0212381149457	0.873984716679	-0.108940577397	0.021647469658	1.033519792	0.113909540932	0.0608530587087
0.0239899705892	0.682633241966	0.0502991672978	0.021647469658	1.033519792	0.115356211189	0.0534978830577
0.0242600558174	1.40506383243	0.116161502266	0.021647469658	1.12580238116	0.115356211189	0.0495593371976
0.0242600558174	1.64362819282	0.12165342674	0.0216822643039	1.12580238116	0.115356211189	0.00317896242055
0.0264300657763	1.43366068783	-0.00463291280693	0.0216822643039	1.12580238116	0.115356211189	0.0507657268567
0.0266223089397	1.51189666371	0.0525650610636	0.0216822643039	1.12580238116	0.0731163029017	0.0398556395408
0.0263295864949	1.71262194339	-0.113911689872	0.0216822643039	1.24372231806	0.0952802234044	0.0464640400576
0.0295864291966	1.26377759925	0.0587960426292	0.0216822643039	1.20615640036	0.12246815503	0.0443051686039
0.0268995576035	1.20188775385	-0.103711749999	0.0216822643039	1.09537427824	0.12246815503	0.0571514184142
0.0308659292001	2.08293318086	-0.0204244031373	0.0216822643039	1.16729593904	0.12880133961	0.00707575314486
0.0283394915663	1.30941271196	-0.0699716173005	0.0218310622792	0.958080114331	0.092054791933	0.0420286236783
0.0281394988746	2.2023604608	-0.0874751062158	0.0218310622792	0.958080114331	0.0986645051706	0.015639514906
0.023892912278	1.14699035961	-0.063954018823	0.0220864069762	0.958080114331	0.136716270592	0.0502298837211
0.0273199151897	1.84882767029	-0.178630975463	0.0220864069762	0.974980123104	0.116163187284	0.00571896466467
0.0222140824439	0.59888358498	0.0979705712	0.0220864069762	0.958172636133	0.124775286093	0.048005495931
0.0278537202835	1.68158437935	-0.0723901684172	0.0220864069762	1.02166015435	0.107928364818	0.0126357091851
0.0255693881105	1.19354553839	-0.0824889833593	0.0208246514648	0.909873250091	0.109996296249	0.0518953126899
0.0281405708234	1.80768682194	-0.0831676193681	0.0208246514648	0.906134369643	0.107502218134	0.0275528756608
0.0235977138745	0.819247720319	-0.0930650335918	0.0208246514648	0.868437756965	0.110435516942	0.0100245365694
0.0268527081095	1.6823107703	-0.0649908274139	0.0208246514648	0.921666948045	0.121037679905	0.0421748291318
0.0244034131841	1.57379890413	-0.0754893229014	0.0196621332271	0.968638943859	0.121037679905	0.0379267391299
0.0244034131841	1.25132183841	-0.0643115970731	0.0196621332271	1.02267253243	0.12225716453	0.0442472358156
0.0268890033578	1.41593692659	-0.0664812990444	0.0196621332271	1.02267253243	0.12225716453	0.0163758772685
0.0264965631355	1.20293510002	-0.0583763450398	0.0196621332271	1.14814572127	0.118793922339	0.0284407309795
0.0274670704424	2.52238012589	-0.128884929846	0.0188435264429	1.14290110867	0.114668915562	0.00501324315569
0.0204918018091	1.66677379426	-0.150293390241	0.0180946889105	1.13880545193	0.11543922183	0.00728964549109
0.0262998947504	1.44553187105	-0.107009298431	0.0180946889105	0.90777780582	0.11543922183	0.0254335636789
0.0262659356817	1.95188019356	-0.116345470637	0.0180946889105	0.960484728351	0.11543922183	0.0477686741703
0.0247871849511	1.61443202066	-0.0435753986282	0.0168448479968	1.2046882618	0.11543922183	0.0477686741703
0.0366380379563	1.46482885939	-0.161649236375	0.0148084208564	1.01928068791	0.11543922183	0.0257633486333
0.0291183980904	1.51050063037	-0.227219449384	0.0132303137815	1.17621536651	0.11543922183	0.00492840051728
0.0167927061601	1.29725697726	-0.195715388113	0.0166531637398	1.40743632415	0.0864935846685	0.051018300047
0.0394260573766	1.34158160509	-0.00698429013258	0.010741564014	1.38132793695	0.0759186338007	0.0520764112162
0.0166901758495	1.46076607307	-0.175637873424	0.0123542387907	1.52322923764	0.0444022703144	0.0247467486014
0.0206442985042	1.07394006313	-0.301310639474	0.0128393388522	1.27249434868	0.0976900132573	0.0137739664547
0.0301751111792	1.32723197084	-0.2764241201	0.0133252203843	1.06445928479	0.199665617032	0.00838142630082
0.0263813099122	1.32723197084	-0.2640799662	0.0128467321617	1.13225857778	0.0687939977001	0.0292391677552
0.0263813099122	1.03573106253	-0.278611240897	0.0128467321617	1.39913302112	0.164650303053	0.0225229574222
0.0284531785105	1.42169459783	-0.053049608361	0.0121277477594	1.42715566176	0.131524615916	0.0380781309195
0.0203448132573	1.17926254531	-0.299493957298	0.0115045339831	1.48463597486	0.116481894864	0.0435593225326
0.0203448132573	2.13430933116	-0.214271997421	0.0115045339831	1.66651553112	0.117892851333	0.0443989766048
0.0314641522582	1.97005741962	-0.147827427392	0.0115045339831	1.41046472791	0.112634011895	0.0225546001633
0.0245408714489	0.698866524682	-0.0708400436676	0.012237716793	1.6285168964	0.125668617563	0.0327535977498
0.0207564898962	0.916510025344	-0.224865425508	0.012237716793	1.45297942903	0.11050151173	0.0023678368725
0.0221639730597	2.06259376648	-0.217179359624	0.0107973231973	1.44779805133	0.12272669906	0.0442058707282
0.0265339104271	0.629019295571	-0.197253672607	0.0107973231973	1.39785641354	0.12272669906	0.0397211700529
0.0147088893399	2.08421308255	-0.19036733265	0.0107973231973	1.40983134567	0.114682722348	0.0261228037985
0.0238825841014	2.01078062323	-0.048235267773	0.0107973231973	1.43399658739	0.128014589397	0.0364359303518
0.0252897214202	1.42926615513	-0.123146244829	0.0129098837852	1.26924274485	0.0962917834013	0.0115829929358
0.0307186979645	1.28337973093	-0.0560347803186	0.0129098837852	1.56104507169	0.0820661619035	0.0416338983192
0.0264446757512	0.891029723191	-0.0717422791099	0.0109054788963	1.83447344798	0.135324944144	0.0440716774775
0.0264446757512	1.61857267661	-0.0347854825429	0.0110904331952	1.40573785821	0.101467834967	0.0182096790771
0.0264446757512	1.08322236437	-0.129444293435	0.0109754650749	2.01233229898	0.0955727667316	0.0130569533686
0.0239634945457	1.10030788071	-0.0993317193112	0.0109754650749	1.86055033952	0.105408908822	0.0157876577487
0.0258020716911	1.25139468232	-0.00742785798371	0.0109754650749	0.90545408561	0.127492561833	0.008826451914
0.0258020716911	1.45494861455	0.0897449565711	0.0109754650749	0.982521570452	0.117610710212	0.0223405751307
0.0258020716911	0.969331981147	-0.064606558466	0.0109754650749	1.6972232216	0.107077152578	0.000895956994633
0.0239033151557	1.25105196053	-0.0785101591665	0.0109754650749	1.83123943656	0.106855948801	0.0453919251431
0.0239033151557	1.38961385369	-0.0221359637001	0.0109754650749	1.42695120454	0.106855948801	0.0396952417001
0.031704254028	1.38961385369	0.107688662949	0.0109754650749	2.28863775938	0.106855948801	0.0419720394603
0.0169076063728	0.760755455322	0.0693713795587	0.0109754650749	1.84231952652	0.104966335898	0.0380941314299
0.0246503899946	1.72091698197	0.0843858695017	0.0109754650749	1.6296767254	0.112872789377	0.00102380518677
0.0307691100693	2.35045664883	0.00895508657742	0.0109754650749	1.20952262428	0.108457611151	0.0412389234781
0.0270702175167	0.0183948281508	-0.10081453407	0.0109754650749	1.00730219088	0.108457611151	0.0401066632161
0.0247251208198	0.900105638053	0.0931337111942	0.0109754650749	1.10046869672	0.110137461198	0.0222835768811
0.0247251208198	0.647235616285	0.00922584238329	0.0109754650749	2.33700745936	0.110137461198	0.0195086649839
0.0212915793466	0.890782842806	-0.0119481085587	0.0109754650749	1.8225144863	0.110137461198	0.0015634486346
0.0254012247066	1.34954150377	-0.0383362072657	0.0109754650749	1.96418097473	0.110137461198	0.0357083234228
0.0186376036577	1.38837878132	-0.0181481778565	0.0109754650749	1.37263339099	0.110137461198	0.0520769916759
0.031880537944	1.81054270452	-0.188121163693	0.0109754650749	1.80478801625	0.109106718131	0.0419408444472
0.0220031916502	1.95741226259	-0.131558068453	0.0109754650749	1.70016006562	0.109106718131	0.00880596013264
0.0224946187486	1.47676867376	-0.1099928473	0.0109754650749	1.38299382394	0.12150225721	0.0290149358109
0.0282056124286	1.10242621677	-0.0952186431529	0.0109754650749	1.86221642607	0.112762618513	0.0113974674021
0.0115541450906	1.20298918689	-0.174545474065	0.0109754650749	1.90744378639	0.119194462915	0.0498369485664
0.0334877986202	1.47930336409	0.0230281649428	0.0109754650749	1.67308417965	0.107602886349	0.056998580125
0.032688666021	1.13938917899	0.0058699280682	0.0109754650749	1.86823114812	0.107602886349	0.00790199390744
0.0153661862673	1.45761620275	-0.0333401859079	0.0109754650749	1.36489605104	0.109197689213	0.0449347580989
0.0316984059966	1.45761620275	-0.0843758704255	0.0109754650749	1.10307796911	0.111973989187	0.000395986421247
0.0286748837306	1.36607283573	-0.0544738828495	0.0109754650749	1.83158078204	0.111973989187	0.0391133916269
0.0366720635403	1.28957371073	0.0640580157368	0.0108684871596	1.5691776546	0.111973989187	0.0444628423414
0.0142999234828	1.51871797978	-0.0877509850937	0.0108684871596	1.15996073618	0.111973989187	0.00755526530221
0.00842431366192	1.26552114629	-0.0728643755181	0.0108684871596	1.83431997624	0.0924436292219	0.0559326395466
0.0205303221001	1.06537460094	-0.0790509525639	0.0108684871596	1.27708453641	0.170223343638	0.0297895323404
0.00408925933924	1.53145143334	-0.0474153921091	0.0108684871596	0.985372269329	0.0768480016156	0.0326747118707
0.0187696538131	1.81957523397	-0.0668754991265	0.0108684871596	1.8155844587	0.102556072163	0.00152140068419
0.0344335779118	0.923755462329	-0.154531358636	0.0108684871596	1.00809957596	0.112530992921	0.0496115562095
0.0237440229375	2.75413949917	-0.134378096491	0.0108684871596	1.47100619514	0.113883795178	0.027009394421
0.0254452979567	1.64581762171	-0.151142219922	0.0108684871596	1.98335875271	0.113883795178	0.0301479542594
0.0296657919549	1.86959474108	-0.0726623297779	0.0108684871596	1.92195914126	0.114201959514	0.0355813241688
0.0284252614673	1.56188532006	-0.191092611927	0.0108684871596	1.78584950784	0.104493197761	0.0377614716247
0.0277622917492	1.56188532006	-0.130583241599	0.0108684871596	1.67601296468	0.123418079693	0.00630327728373
0.0218820728808	1.46760455847	-0.14281795776	0.0108684871596	1.51594602025	0.0238225551225	0.018854065901
0.0415168965176	2.66378551656	-0.165205946887	0.0108684871596	1.54693085362	0.102741006645	0.0491988347014
0.01827972659	1.70833806842	-0.0810625966254	0.0108684871596	1.32855137197	0.125459003212	0.028438314944
0.01827972659	1.96192992305	-0.0359795968303	0.0108684871596	0.842691034575	0.0927765710913	0.00117627139064
0.03084805999	2.14967863738	-0.0625983703392	0.0108684871596	1.92249520588	0.0776720308521	0.0362719177329
0.0262561993409	1.78702712205	-0.0119670061242	0.0108684871596	1.8969309066	0.177990770248	0.0334093384563
0.0262561993409	1.88488187539	-0.139589414253	0.0108684871596	1.34919396114	0.210238010611	0.00306234710271
0.0307501589757	1.44747883827	-0.0207286228882	0.0108684871596	1.938787097	0.112168030035	0.0264763690183
0.0307501589757	2.57031980945	-0.0359219729943	0.0108709299462	1.62402433259	0.0577524976326	0.029774755004
0.023752535529	1.88132079806	-0.0428882334908	0.0108709299462	1.76017821241	0.0491240461698	0.00151298658007
0.0249722826202	1.60778274464	-0.0226067959803	0.0108709299462	1.82187080129	0.142004422709	0.00456334883319
0.0288105381436	1.60778274464	-0.0829130371976	0.0108733805405	2.01805715477	0.132626308146	0.00645270156374
0.023944475559	1.92352583098	-0.0386797626649	0.0108733805405	2.45460066936	0.10014222561	0.0143481401163
0.0283178824287	1.56850467488	0.0783279174398	0.0108733805405	2.12690648869	0.133448785927	0.0251371664677
0.0205533481674	1.89273765193	-0.0260831089309	0.0108893308785	1.0356556462	0.0995000663645	0.0249154574283
0.0229186957851	1.58178254347	-0.0122892049112	0.0108893308785	1.5118685996	0.132563610269	0.0213334456928
0.0353971673757	1.396357434	-0.079609974835	0.0108893308785	1.75082498287	0.112614891834	0.0276636585151
0.0451786653162	1.33109582418	-0.0996426244903	0.0108172585758	1.70629697772	0.125905385362	0.0433350249949
0.0251170643137	0.986345644542	-0.07191648334	0.0108172585758	1.22540979152	0.100621549813	0.0126679954765
0.0261801878033	1.98471485851	-0.07191648334	0.0108172585758	0.957979253274	0.101783168563	0.00569054720551
0.0251475063148	0.819324438244	-0.00708894981484	0.0108172585758	1.33809451079	0.101783168563	0.039348715463
0.0252881924082	1.55208938568	-0.0747095946972	0.0108172585758	1.91780390021	0.102529509332	0.0126202217034
0.023923897874	3.11664377033	-0.0349540506172	0.0108172585758	2.2996486535	0.115724152372	0.00158528979139
0.023923897874	1.39856970434	-0.0434800763586	0.0109912437359	1.6668345595	0.110623666754	0.0379575268526
0.023923897874	2.10547373286	-0.0284321296884	0.0109912437359	1.69454762739	0.110623666754	0.0327723490458
0.0259413116596	0.113467032389	0.0195057755692	0.0109912437359	2.28077198055	0.129526637128	0.00218601050842
0.0247338492604	1.3944308207	-0.0135882543665	0.0109912437359	1.93713069617	0.1268047963	0.0330763066397
0.0247338492604	1.95871414368	-0.158822200146	0.0107673175291	1.5465867781	0.0995508534251	0.0129407670162
0.0247338492604	1.68395908747	0.118888866506	0.0107673175291	1.26232361843	0.113398593939	0.03886107688
0.0299129164897	0.959676225127	-0.0616713798603	0.0107673175291	1.46050661782	0.120561262525	0.0379172358514
0.0284419814694	1.94181429073	-0.085301273993	0.0107673175291	1.83767371361	0.116848209418	0.0126651950208
0.0296588547417	1.01096682035	0.0519759634445	0.0107673175291	1.56602391409	0.106408953228	0.0406959513197
0.0267624436535	1.36296865195	-0.131744397442	0.0107673175291	1.55775462309	0.106408953228	0.00351107992768
0.0258862966962	1.36296865195	-0.166114780511	0.0107673175291	1.52428743087	0.114026758991	0.00792957554367
0.0202557443232	1.36296865195	-0.0377588654534	0.0107673175291	1.52428743087	0.114026758991	0.0346644103129
0.021773215479	1.17727023261	-0.0319866034377	0.0107673175291	1.71436353386	0.110542649436	0.0329315302097
0.021773215479	1.31963531143	-0.158351998117	0.0107673175291	1.6453474212	0.109711092602	0.0049960327248
0.0191823152373	1.31963531143	-0.108128932616	0.0107673175291	1.43620160014	0.109711092602	0.00658695538384
0.0267035237086	1.26615232833	-0.108128932616	0.0107673175291	1.3587741242	0.113298126999	0.0422423954342
0.0217315977765	0.868055883367	-0.00121709998013	0.0107673175291	1.48907628287	0.113298126999	0.0503965503347
0.0185817127182	1.84634897228	-0.0505198784529	0.0107673175291	1.61806726166	0.113511584498	0.00532075032825
0.0190188842948	1.82608052811	-0.22489803848	0.0107673175291	1.28054912437	0.113511584498	0.0309904520226
0.0340101423599	1.8641388424	-0.216216454394	0.0107673175291	1.3696126223	0.113511584498	0.0153723391227
0.0219498209356	1.15368150471	-0.141725472075	0.0107673175291	1.44575913492	0.109665268971	0.0462848203267
0.0335625394184	1.57220834383	-0.204379039433	0.0107673175291	1.46998528769	0.109665268971	0.0452762273606
0.017872359557	1.7007028966	-0.204512900532	0.0107673175291	1.45494296806	0.109665268971	0.0382994713311
0.0266632156164	1.71675347262	-0.250713308572	0.0107673175291	1.81311826068	0.10914047903	0.0284785413973
0.0277385133109	1.77123851757	-0.252826987688	0.0107673175291	1.82793013066	0.10914047903	0.0186782455712
0.0229095492642	1.02792388971	-0.212587285959	0.0107673175291	1.5065528683	0.10914047903	0.00767659273698
0.0254195693935	1.34544106001	-0.255195361847	0.0107673175291	1.44253806388	0.10914047903	0.0245457078497
0.0237152729607	0.717908363744	-0.163896166103	0.0107673175291	1.44712054746	0.10914047903	0.0171734223511
0.0237152729607	1.24101502782	-0.0924119077299	0.0107673175291	1.73484448096	0.107391880121	0.0267832336171
0.0254945355361	1.43583254338	-0.0995100372926	0.0107673175291	1.70179226462	0.110338051701	0.0406718267126
0.0254945355361	1.59284837454	-0.285598494247	0.0107673175291	1.67919492579	0.110338051701	0.00893267625048
0.0262542651534	1.5479764191	-0.162094823421	0.0107673175291	1.39891750225	0.110338051701	0.0387901784468
0.0262542651534	1.10603195726	-0.110150230699	0.0107673175291	1.54172207371	0.110338051701	0.0214163148319
0.0214505981571	1.570044005	-0.261324976584	0.0107673175291	1.57965754226	0.110338051701	0.0316648474993
0.0156567254195	1.65246154615	-0.181293815104	0.0107673175291	1.51860446439	0.110338051701	0.0302550047916
0.0255984336855	2.25871814292	-0.1008593882	0.0107673175291	1.57920777396	0.109836873608	0.0139741021655
0.0255984336855	1.95459648929	-0.116454850648	0.0107673175291	1.49694191789	0.104956688738	0.0227284957464
0.0277583227175	2.04552110902	-0.154133431187	0.0107673175291	1.49694191789	0.106004058109	0.0317966673926
0.0225799008469	1.67788233931	-0.112005214088	0.0107673175291	1.47935524448	0.106482282163	0.0160529831522
0.0233250473298	1.68801055616	-0.117460747131	0.0107673175291	1.6619988143	0.106482282163	0.0194440523408
0.0284253120036	1.30660983695	-0.0904333840104	0.0107673175291	1.61295896086	0.106482282163	0.0358172676773
0.0262145777591	0.608449478767	-0.103616667275	0.0107673175291	1.68908659701	0.106482282163	0.0539010600801
0.0248804507408	0.211331641133	-0.0232693671239	0.0107673175291	1.56408010042	0.106482282163	0.0199941694773
0.0248804507408	-1.79247938618	0.029032683856	0.0107673175291	1.58780624329	0.106482282163	0.0194273794585
0.0248804507408	2.64598111618	-0.191118901855	0.0107673175291	1.58780624329	0.106482282163	0.00404373533536
0.0275870964675	1.03847795606	-0.135282967287	0.0107673175291	1.61104707785	0.106482282163	0.020341281475
0.0205233677687	0.924169554331	-0.163269405805	0.0104386029744	1.55700622278	0.104178247869	0.0122287788903
0.0331008561191	1.3563218341	-0.160974491298	0.00889969406013	1.63546028133	0.104178247869	0.0395375587369
0.0231421677885	2.35214676541	-0.157144607947	0.00900254601205	1.76719010661	0.104178247869	0.0209174103784
0.029432736764	1.32659294627	-0.136916966595	0.00936332885799	1.71336275771	0.104178247869	0.0388505344081
0.027861207728	1.41828923517	-0.0866002741254	0.00915883262712	1.66367098032	0.104178247869	0.0378096594539
0.0259536077697	1.30848497544	-0.106142192636	0.00844504189273	1.66815562162	0.104178247869	0.0458909585104
0.0225790291584	1.39263209021	-0.0364849138741	0.00825046915067	1.676940528	0.104178247869	0.0236940724111
0.0173104997818	1.13580426868	-0.164868922511	0.00743268548562	1.69093971096	0.104178247869	0.0272832966349
0.0372219044688	1.36810389171	-0.110521581549	0.00671274886744	1.66775750016	0.104178247869	0.00376877336697
0.0313474641571	1.36810389171	-0.11814226083	0.00671274886744	1.76302101331	0.104178247869	0.00411392910408
0.0276749384449	1.74633956368	-0.186523512462	0.00671274886744	1.82150354149	0.104769412966	0.023967126616
0.0227363031409	0.999721346208	-0.192795682473	0.00619627725373	1.82150354149	0.103372959928	0.00505383045809
0.0220685171719	0.955685417114	-0.0997802830625	0.00619627725373	1.81602667327	0.103372959928	0.0380568483449
0.028145201209	0.845116136243	-0.140147657768	0.00560524246063	1.81602667327	0.103372959928	0.0379134641588
0.0287259619944	0.991019110929	-0.223576286264	0.00560524246063	1.81602667327	0.107825054247	0.0197381305277
0.0244379650454	1.79883406631	-0.159788301926	0.00560524246063	1.8450692749	0.1033217978	0.00994160484451
0.0211063690679	1.60471819942	-0.196174562518	0.00621714578119	1.8759946403	0.106918380685	0.0102240399048
0.0183094761754	1.88074112419	-0.167434738669	0.00796635018401	2.03298592573	0.106918380685	0.0286576974835
0.0244639054136	1.79545134283	-0.158634254639	0.0101732031201	1.93560894316	0.106918380685	0.00710965833832
0.0217485888823	1.26700199711	-0.224209471632	0.010659039907	1.91751296182	0.10409053947	0.00603077299446
0.0217485888823	1.15349129561	-0.19993452756	0.00755049213338	2.27098494091	0.107418728557	0.0267986065974
0.0272089504875	1.36154185731	-0.127804368187	0.00408312964954	2.40405292307	0.107418728557	0.0330469965884
0.0187930064014	1.90604339002	-0.15086747592	0.00455390536927	2.27937615839	0.107418728557	0.0158255596564
0.0237641682746	1.51751440419	-0.0900835362547	0.00586758040617	2.35566228401	0.109227637995	0.0307748664557
0.022806615516	1.51751440419	-0.126701744584	4.79198315021e-05	2.09776153109	0.109227637995	0.0119873793887
0.0275821482277	1.53637203181	-0.0948125291625	0.00490975704183	2.17667200765	0.100645336715	0.0204741599959
0.0227810783089	1.5106404402	-0.110171837527	0.00265146424266	2.43767999374	0.118491482542	0.0262829103752
0.026504702213	1.59849747768	-0.125932998617	0.00296577466629	1.78548830175	0.100852396052	0.0249128837837
0.0237550677018	1.59849747768	-0.0653010931793	0.00207077052991	1.84711208092	0.0925108030258	0.00530074128895
0.0225713838757	1.42536227254	-0.0956537105173	0.00207077052991	2.91640798214	0.0961617668713	0.0260176960769
0.0249409792526	1.52377950404	-0.0649397469411	0.00211869559042	2.48311692041	0.0997512894918	0.019664744535
0.0253149047977	1.52377950404	-0.0838071671681	0.0028078162236	2.62724553876	0.0994936302931	0.00121290542314
0.0253149047977	1.20984173284	-0.0172285094157	0.0028078162236	2.75933935909	0.0953942766915	0.0117785505078
0.0315966804712	1.44503482149	-0.0634591925014	0.0028078162236	2.45761261988	0.104877905692	0.0277181510283
0.0304264322813	1.37438894885	-0.0549956569976	0.0028078162236	2.86078396138	0.103923415689	0.0214381771561
0.0193838584802	1.57720985007	-0.102824291283	0.00538224830252	2.87141274335	0.103923415689	0.0371540444473
0.0273898637705	1.42163651609	-0.102824291283	0.00276705654398	2.46864888937	0.104283295669	0.0282104498486
0.0256223468811	2.1547187175	-0.129993935975	0.00276705654398	2.02985099024	0.104283295669	0.0368239423042
0.0256223468811	1.62107039623	-0.138786886889	0.00171674695588	2.00815843789	0.104283295669	0.0333637675004
0.0172991956962	1.10275169181	-0.136831541156	0.0021684309511	3.01174974344	0.122072523046	0.0081483953631
0.0321092140426	2.45935900588	-0.0690283002603	0.00307190264021	3.15849150655	0.111340577694	0.00673296441297
0.0320168658815	1.85987440292	-0.315779440552	0.00173461724942	2.4045964391	0.0949776343995	0.0203190400297
0.0267286380138	2.05575699726	-0.240327490348	0.00263021379386	2.39042292135	0.118541109751	0.00907789661992
0.0226060972991	1.34105048107	0.0477285708811	0.00323367388121	2.78281770779	0.1386825724	0.0203301075125
0.0245284948064	1.52800269066	0.0715716367329	0.00323367388121	2.55514841403	0.0516644500185	0.00683657178133
0.018058913539	1.81136285045	0.046410031517	0.00263514072808	2.42121892445	0.132749445593	0.00966118964093
0.0192497783425	1.68876333685	-0.125920922684	0.00263514072808	2.23590719638	0.0834397541411	0.0122035578138
0.0155821238907	1.49781047732	-0.0633421560792	0.00263514072808	2.49442298753	0.103027663722	0.024896955467
0.028849393393	1.67065801744	-0.131908037454	0.00263514072808	2.33023501682	0.101746121545	0.0329314451793
0.0261553975843	1.89321792024	-0.0936125679038	0.00263514072808	2.75536106547	0.114300046217	0.0356182506205
0.0206853100901	1.88580467094	0.00338709310249	0.00263514072808	2.7742287367	0.184403427485	0.0460664928149
0.0255270090897	1.95206633622	-0.0848752735463	0.00270437973799	2.75918862067	0.124532982961	0.0202420271518
0.0252741509132	1.6029776549	-0.0577406585093	0.00269890941223	2.33547781445	0.0919865181222	0.0168127197105
0.0294636644103	1.63550436763	-0.0998654425876	0.00269890941223	2.7618784424	0.144525634478	0.000185716241344
0.0235309623481	1.17628523161	-0.121583453095	0.00269890941223	2.56767250705	0.0969047643297	0.0258100084894
0.0291760840644	1.28570415704	-0.169403277533	0.00269890941223	2.56767250705	0.115918160476	0.0093146754643
0.0195415699536	1.04070355702	-0.130516457018	0.00269890941223	2.42581666015	0.103166307027	0.0211127010164
0.0201234128557	1.77361173017	-0.0490464628936	0.00269890941223	2.37781878994	0.103979172175	0.0373798214406
0.0267834487148	1.75338118003	-0.102675446755	0.00269890941223	2.37781878994	0.110546288287	0.00738778098265
0.0267834487148	2.19361651727	-0.0986430230212	0.00269890941223	2.407806022	0.110649310889	0.0148054164535
0.0290220608309	2.25415779541	-0.130317962073	0.00375687293168	2.56284448183	0.112763254742	0.014702085339
0.0250196902424	1.28118577656	-0.0555297171432	0.00256879015296	2.28414429571	0.116160400756	0.0212683457168
0.0290672724362	1.42952671743	-0.112999913235	0.00204721572915	2.40723109123	0.104400724079	0.0299908619598
0.0250219208773	1.3448739069	-0.0872706334924	0.0027527019748	2.74032479372	0.0954026985597	0.0376878685454
0.0294830572834	0.599570269264	-0.129466610908	0.00242924080151	2.50717307707	0.0967952199371	0.0112707996442
0.0216322923099	1.35564956286	-0.10872280573	0.0027920370707	2.52440029911	0.101243306557	0.0189650239857
0.0246563934062	1.30098148531	-0.0790651351041	0.0027920370707	2.52440029911	0.118517862504	0.0317884943091
0.0286525581192	1.03229393941	-0.0963558901224	0.00305277111116	2.54364068241	0.0974875459738	0.00579695170496
0.0276769663844	3.20869286576	-0.0963558901224	0.00305277111116	2.52104182233	0.111944311819	0.0268421762811
0.0276769663844	1.30875327235	-0.0792069013185	0.00305277111116	2.60490538395	0.106067978307	0.00932403026829
0.0350558323674	3.03992190933	-0.11230135623	0.00305277111116	2.56207038532	0.0941156282219	0.0233548884135
0.0292468145201	0.979840707887	-0.152654888635	0.00216504137743	2.57561698387	0.104781837754	0.0217963141177
0.0261518873476	1.0928663938	-0.132721794861	0.00251293901686	2.46119551323	0.100296317974	0.0154303339597
0.0212835219612	1.52319463678	-0.120620337978	0.00251293901686	2.6402972148	0.117603248517	0.0139119575489
0.0212835219612	1.27280978517	-0.06825182369	0.00251293901686	2.44452951817	0.0712990186155	0.0126295507254
0.0276180414331	1.96193705193	-0.0887676084944	0.00251293901686	2.53558565646	0.0770010814992	0.00697484452044
0.0239980643392	0.621423593078	-0.214499131832	0.00251293901686	2.75558188577	0.182631922058	0.0306551867644
0.0239980643392	1.62100540403	-0.0109267940794	0.00234854937431	2.57946800205	0.0736445719195	0.0194204444016
0.0256083386533	1.00991540998	0.0138145357392	0.00234854937431	2.58248263128	0.0859187190935	0.033165526344
0.0256083386533	1.54711575034	-0.148032053759	0.00234854937431	2.97805321382	0.113671130303	0.033165526344
0.0256083386533	1.74768069888	-0.166327562495	0.00247104788357	2.68087851501	0.111482006498	0.0174145758223
0.0256083386533	1.06213477813	-0.261291408783	0.00259167633929	2.4708538197	0.112190758551	0.00577186515946
0.0126229118282	1.48252871761	-0.166348812755	0.00187221852352	2.45067857674	0.122737229106	0.00349894714602
0.0269256179676	1.48252871761	-0.27725901066	0.00187221852352	2.25316034464	0.0808289100136	0.0196618631112
0.0276551922364	1.48252871761	-0.161403285671	0.00187656366041	2.42883570634	0.0838081473889	0.00464291731751
0.0276551922364	1.36527650846	-0.217761888978	0.00191719492411	2.95084651193	0.0893631599214	0.0043278404418
0.0333966553197	1.33898966426	-0.15969530319	0.00145682494377	2.62924925997	0.0675373914106	0.000807253351454
0.0243148816495	1.62146513491	-0.110633252132	0.00168847445024	2.82145672908	0.0959311363284	0.0332926603758
0.0226976011584	1.19604611663	-0.122405027736	0.00168847445024	2.8181094356	0.130345472006	0.0191281698761
0.0278654210261	1.3906954823	-0.166241743437	0.00155733714662	2.79680729594	0.107151175556	0.0221234453872
0.0225924145198	1.43734650156	-0.180946981903	0.00155733714662	2.81053230661	0.106065532817	0.000581173777809
0.0225924145198	2.29308795093	0.0796787167796	0.00155733714662	3.02034494064	0.115348891328	0.0012373408197
0.0225924145198	1.5951317718	-0.0690281150691	0.00155733714662	2.85502970631	0.070124997852	0.0128313192947
0.0220174243344	2.05164638364	-0.102387853769	0.00155733714662	2.70720890514	0.0961133682346	0.00269721891355
0.0261129375472	1.43164630897	-0.177207391996	0.00155733714662	3.35586288154	0.0966015735049	0.0352995224447
0.0196878602172	1.44969016905	-0.157929918966	0.00155733714662	3.08836821315	0.121250038944	0.0312934635016
0.0108351257847	1.44969016905	-0.0636446584872	0.00155733714662	2.72717679456	0.092994066887	0.0250134037212
0.0144635617896	1.40976164708	-0.0236021707069	0.00155733714662	2.6823063019	0.0985752108366	0.00871551335448
0.0238292075136	0.919208473319	-0.227451142836	0.00155733714662	2.5590591941	0.0789041428045	0.033818874351
0.0238292075136	1.16309656134	-0.277634710725	0.00155733714662	3.39748686019	0.0789041428045	0.0167923325408
0.019746794896	0.654650916493	-0.0870500024733	0.00155733714662	3.11371544537	0.102645530426	0.0198201217527
0.0240165402664	0.329164514953	-0.154156508868	0.00155733714662	2.7708894816	0.102920736654	0.0232567662469
0.0245585074466	0.381070492595	-0.0549459533091	0.00155733714662	2.79639268689	0.103904740416	0.0272062123091
