r_HIS3_C02	K_HIS3_C02	r_RAD52_C02	K_RAD52_C02	x0_C02
4.2247471502	0.100410687174	3.38782859784	0.0831483456888	0.000523962506326
4.55828960662	0.0834048484674	3.58154834894	0.08257861982	0.000388299384347
4.552713052	0.109351642704	3.78130793067	0.0826100901591	0.000370828273617
4.53147960236	0.10955414666	3.77402712233	0.0840905449141	0.000398715139584
4.44193488372	0.106468790715	3.67590271143	0.0836551158584	0.00040787862135
4.26250172941	0.108897907568	3.65753628799	0.0809986630468	0.000456405181813
4.47746095237	0.120405476769	3.87306164447	0.0890969020672	0.000342320515837
4.1523367558	0.109736658975	3.52012400968	0.0883895673319	0.000556203169136
4.12783520782	0.109891044146	3.43622472531	0.0853290315635	0.000617027999999
3.90811662695	0.10053223618	3.34316808215	0.0871464518446	0.000672341254173
3.83745558143	0.106242969894	3.17642192895	0.081807272511	0.000777942521255
4.04029669743	0.10797191444	3.3737353545	0.0907359380053	0.000643716057712
3.88807095592	0.10776024146	3.15532096642	0.08387570291	0.00074380426439
4.33023007382	0.114931994344	3.42741584216	0.0782683702396	0.000536823384369
3.50765227516	0.112576602787	3.39455524759	0.0933536360204	0.000638660619247
4.31728394597	0.103248297245	3.63368148145	0.0822220826742	0.000501913301757
4.09848402941	0.10604689112	3.60442208937	0.0830882973524	0.000571527249727
4.11405969234	0.103935611203	3.43298094805	0.0834859722552	0.000606699905485
4.35627829949	0.111227543359	3.49680802498	0.0855126053316	0.000555011838001
4.16576154752	0.101263927722	3.44459466835	0.0833669575856	0.000571339188367
3.6911524235	0.105839149955	3.11519465739	0.0815251713112	0.000952880335419
4.09152716943	0.107837122163	3.44524118671	0.0599062211323	0.000568137003019
4.60040870822	0.112167712867	3.86356697931	0.0856627482847	0.000297984640183
3.8583242373	0.109668802469	3.38327596172	0.077278616301	0.000748786068048
4.11975769894	0.112139164121	3.45853039433	0.0902351123437	0.000576708034097
4.05599197759	0.106510137927	3.31329864355	0.0854099750584	0.000615665256694
4.07849325431	0.104777488904	3.48508727215	0.0836069390885	0.000622394966533
4.37911620671	0.106875228459	3.41114884418	0.0833757185404	0.000498606385639
4.04196647497	0.109672632493	3.42372621957	0.0819713986932	0.00049104468989
3.87867826763	0.110604404335	3.07367563394	0.0875244291237	0.000850131540614
4.2775104474	0.108218612027	3.51775703926	0.0852997326749	0.000511362654618
4.17879950586	0.107463214696	3.45679277848	0.089715527498	0.00055902439184
3.86515663433	0.0914261116278	2.99761137887	0.0836270895627	0.000891310826995
3.88421172826	0.110801240854	3.23923055124	0.0835816169381	0.000791666633402
4.07936027607	0.106761573093	3.37909879678	0.0759348076045	0.000634766843105
3.97317626069	0.118158990181	3.34606339952	0.0848435166311	0.000589191326689
4.0207986133	0.106687458253	3.40732637682	0.0890537783854	0.000689509988277
4.1658923104	0.109749704278	3.40157492568	0.0813148575896	0.000580867842381
3.91899831236	0.107876041228	3.31128060819	0.0859014021088	0.000687427698047
3.94876411827	0.106706605619	3.12533914038	0.0754697935508	0.000765879005806
3.88348559947	0.100676907034	3.15043055112	0.0891736959294	0.000862724694937
3.86816459364	0.109675012944	3.28635622795	0.0824697631454	0.000760410571165
3.88444030765	0.107138689202	3.1982090644	0.0810900494808	0.000888719393578
3.85455494739	0.10521288769	3.10849516097	0.0835670322501	0.000769868874003
4.07115501588	0.106123468617	3.43499223363	0.0836699414667	0.000540842703882
3.91502215338	0.110815693824	3.30938571124	0.0650675162947	0.000818720267859
4.05611565117	0.10921607	3.4524305508	0.0800370996353	0.0006702854419
3.98319818487	0.0805500718156	3.20526721354	0.078125271912	0.000929876546192
4.20897000735	0.106687923533	3.4485981727	0.0968124430608	0.000558757642226
4.32906143092	0.101182849116	3.67052282097	0.0803267089243	0.000425494085632
3.80461024372	0.110451336954	3.22752236804	0.0795937552088	0.000785448650207
3.84422510964	0.0951644253487	3.13857043072	0.084205708015	0.000859635820791
3.82670595437	0.109340701952	3.3769712857	0.0852522880891	0.000622963608312
3.96633288675	0.109182426778	3.37753687168	0.084770134274	0.000618253607551
4.20746457204	0.106718723579	3.34057632956	0.0841888077279	0.000599610735517
4.24513415672	0.096306986834	3.48998519116	0.0840618900149	0.000540047862047
4.16731332146	0.109508282173	3.47662073641	0.0827737834971	0.000494430624046
4.02258942362	0.110915531423	3.23141648786	0.0797499558673	0.00069895262417
4.01300212556	0.108714413758	3.14502550611	0.0866000629362	0.000776118773252
4.09435905053	0.100942666671	3.41185359696	0.0885980038409	0.000532543549092
4.36153197902	0.11023702333	3.73666411298	0.0878950852861	0.000413582105623
3.95789423658	0.112413562697	3.34157965517	0.0672047344568	0.000655905248569
4.02290416003	0.12667506418	3.40146729225	0.0838987182178	0.000686992002373
4.19368088269	0.106739592268	3.40809770047	0.0945593910991	0.000602411247056
3.9453691537	0.106737200702	3.26888991064	0.0858994034511	0.000636459024449
4.3075219205	0.107056585118	3.77306121692	0.0852772704242	0.000483532902276
4.24574399582	0.105757195593	3.71356204285	0.0796533901456	0.000446139645827
4.11087112277	0.104979237102	3.52328853487	0.0881231071103	0.000557467993441
3.72368955149	0.110726978231	3.29423549694	0.081619988889	0.000833997120932
3.65620993356	0.113011286042	3.17767585951	0.0868724201125	0.00101387225455
4.02881266581	0.107544965492	3.27129171211	0.0900542974602	0.000738433300947
3.9583471415	0.103740510955	3.39969371664	0.0624518131454	0.0007263734363
3.8566567995	0.108791965208	3.15652687398	0.0829277919932	0.000892621654224
3.82902493817	0.107185054137	3.27204526082	0.0867097785941	0.000797912422438
3.87310183202	0.0859497728199	3.11101634424	0.088027964371	0.00100301399979
3.81000751787	0.104952958684	3.36625937892	0.0822054846192	0.000774917698335
4.06420052049	0.108986514766	3.55027472303	0.0857278907689	0.000573340136552
4.0044507045	0.105518646862	3.3596935759	0.0836760778706	0.000638165562186
3.92861925302	0.0968452635659	3.28496476319	0.0837926506047	0.000721989375594
3.88405390296	0.125908699558	3.22213907137	0.0754944210513	0.000769990198935
4.01132079253	0.104563663062	3.52253322238	0.0855561587535	0.000616642602784
3.75666915481	0.102754057691	3.2509503886	0.0845802962002	0.000796468626196
3.89483804122	0.09888113973	3.45173467649	0.0868464938435	0.000664245098029
4.44354879237	0.101946972692	3.5578789539	0.0855974627214	0.000452013825378
4.19217208381	0.107383003472	3.58350337397	0.0864610128205	0.000513280774015
4.1013452015	0.113352216694	3.44093193691	0.0899404730944	0.000658595622742
4.00154051429	0.106839373329	3.23291986756	0.082697064719	0.000624363479806
3.86500818135	0.117729626113	3.29677258539	0.113332606156	0.000748389499521
4.43081196318	0.100104125988	3.51608680212	0.0821371630592	0.00046694961318
4.08748691063	0.106893014207	3.57508556029	0.0837453749045	0.000590524597049
3.96113321135	0.106171590857	3.38944643657	0.079828783026	0.000700850142055
4.20599579956	0.0748007461409	3.36958572409	0.0848495359667	0.000684777774154
4.10631793431	0.100104020432	3.36844391543	0.0805739790408	0.000611910840598
3.96294873604	0.103688444178	3.30298413004	0.0882154657465	0.00067987226099
4.16070911265	0.102645203937	3.34759598171	0.0902301653236	0.00072429298441
3.88660607334	0.105467657886	3.39868317495	0.0873916795631	0.000571627737352
3.7665809353	0.104006547605	3.22873188546	0.0696058197042	0.0007253512347
4.0493780283	0.10507103802	3.40018721427	0.0854688232707	0.00055671404383
4.37564043654	0.106334348484	3.57708758078	0.0832602098979	0.00054326327784
4.09299400043	0.103585216933	3.50694545771	0.0838084011915	0.000635978880483
4.2598230528	0.0916688097228	3.51346273906	0.0825079401912	0.000488010367793
4.18220214171	0.107667647971	3.51274350449	0.0817539273516	0.000547041068311
3.76508648995	0.113570613081	3.01064547819	0.0883066831054	0.00105965575721
3.93650123657	0.106085563195	3.35189234186	0.0863500777427	0.000688441179578
4.21074996137	0.108436622797	3.44066568306	0.0866459425246	0.000542261582228
4.09987864719	0.107074876297	3.49280807432	0.0878369128665	0.000615506762241
4.12364405527	0.109902883208	3.4959424395	0.0819793694183	0.000603471758212
3.85371843768	0.112958501554	3.28588797732	0.0796698111242	0.000657816878485
3.84217827835	0.106934378527	3.21901403305	0.0901536914976	0.000756259946647
3.80497489557	0.108701896444	3.19161172816	0.0742292940645	0.000781078412429
3.86071817904	0.1062032999	3.03001636706	0.0840926205679	0.000909355793662
4.51194237541	0.106446071667	3.47081919882	0.0776496363599	0.000582112655586
4.16979495214	0.12039365319	3.34026494097	0.0768500433822	0.000685538533994
3.88726242507	0.130143557233	3.35408558174	0.0887273574502	0.000673649288172
4.15256820521	0.106508633249	3.43628886298	0.0874371103804	0.000619732017105
3.87745366775	0.105766160088	3.13752397906	0.0877963509438	0.000776045231035
3.92419910012	0.102512370057	3.29024888175	0.0860477104348	0.000716907678887
3.80816797085	0.106700250516	3.23814353047	0.0847975573088	0.000806570693506
4.18824629664	0.107856073854	3.41048414408	0.0866624872742	0.000523646070267
4.35446164617	0.110243020479	3.55037995006	0.0865553735503	0.000520242412932
4.02450474857	0.113314266128	3.35241074962	0.0929766995085	0.00067118323844
4.2388845045	0.106874632624	3.54250777093	0.0850003897946	0.000579267078661
3.84715976155	0.110159678531	3.27162685517	0.0790039439006	0.000668001271364
4.1284447184	0.106067203538	3.28835311089	0.0817461001123	0.000703878213755
3.97428888076	0.108117515331	3.10569138361	0.0807259831735	0.000718774506294
4.12347734694	0.10829542233	3.38246939314	0.0812060396077	0.000655079126779
3.92336605435	0.107099634384	3.33601004226	0.0944843319331	0.000720217461407
4.2490444856	0.104377001117	3.53903041262	0.0842770518122	0.000529513884386
3.82135433527	0.107012365415	3.15306962348	0.0831738407548	0.000779960202574
4.01404517866	0.106561618828	3.44556381993	0.0853122559623	0.000693670612386
4.17949156112	0.103175322045	3.40329268615	0.0832627189352	0.000544018866109
4.32169447527	0.103283055481	3.20880032596	0.0874670507331	0.00065521756497
4.18833294737	0.107636326358	3.70540665864	0.0828163313192	0.000554348421796
4.54035238021	0.107630296278	4.04989697621	0.081192225751	0.000403047288289
3.91540314223	0.110129513587	3.18537570447	0.0844717662259	0.000738561912538
3.95950912699	0.102331775019	3.17773246429	0.0316009297544	0.000802621927036
4.07158015897	0.111839429152	3.17824190427	0.0849142904346	0.000685512803236
4.27753512161	0.109289915968	3.32444254965	0.105739815637	0.000596827715778
3.96013069019	0.105660882179	3.49357937918	0.081545259079	0.000722282232607
4.12051535352	0.103226587489	3.44764735533	0.0770894974178	0.000527252262997
4.21838683827	0.0905859724686	3.37798939035	0.0851453845301	0.000529949875279
4.06511619838	0.0945587697898	3.23206020096	0.089740503663	0.000639679058558
4.17298549309	0.10881039824	3.60281829315	0.076862692461	0.000530798753433
4.1829801105	0.114979835892	3.63607932676	0.0817374098105	0.000498034123998
4.12858112909	0.103962892224	3.19992994038	0.0731213764601	0.000672682937613
4.04207261326	0.118909669305	3.26100493507	0.0843148173536	0.000752025933464
3.98966175905	0.107156450635	3.62834181353	0.0862632837101	0.000530652704116
3.9568109406	0.106708547506	2.80845098551	0.0737224591334	0.000647696517649
4.34623455379	0.110153782304	3.73685111853	0.081772685882	0.000446424637302
4.35497638502	0.119594604174	3.76303217206	0.0854725383991	0.00044535263633
4.07105364654	0.104962512372	3.36361759597	0.0953448515747	0.000593457060853
3.68869501847	0.0822048087666	3.14640782001	0.0851293635818	0.000846341739915
3.60317860661	0.105048703137	3.06741368321	0.0826480171632	0.000951222377015
3.97662816578	0.118354533097	3.10521010763	0.0848094511247	0.000789489975464
4.14618280167	0.106442389737	3.50545641033	0.080080726495	0.000490669278074
4.34402269779	0.109498772594	3.58120688183	0.0852368729796	0.000436542587019
4.19712780525	0.0961998091337	3.43283798519	0.0837249311214	0.00056259448711
3.8677145932	0.10854996286	3.27389499049	0.0846881624334	0.000742128471194
4.35061936454	0.106095279166	3.59507981985	0.0893049351606	0.000465850150585
4.1904640703	0.104648963387	3.27857536716	0.0753943293704	0.000624447027442
4.23453143863	0.110204675032	3.43987098214	0.0886651042713	0.000515896679048
4.11274204408	0.103919817359	3.34764224947	0.0831778060487	0.00061642771271
4.12357070235	0.127825138872	3.30441324375	0.0841934846901	0.000616375176053
4.10866726253	0.102815553369	3.49997482481	0.0809526465995	0.000598296849767
4.14704312435	0.119758015605	3.45847309877	0.0789805020073	0.000637904225766
3.6583551722	0.103195613962	3.11068555091	0.0835165227404	0.000881789287915
3.79042409696	0.113423469144	2.99048408071	0.0899376267618	0.000872223011391
4.10258410033	0.0955958727546	3.34613822842	0.0868572790636	0.000722633808077
4.34540264303	0.110002202318	3.38059841892	0.0844821683218	0.000459248087116
4.81841560882	0.115155692051	4.04060140111	0.0789955031522	0.000292243503686
4.05489152471	0.107579344469	3.61317710789	0.0801040901136	0.000447454800134
4.14458535911	0.113096403458	3.47607971217	0.0865507243709	0.000545738409764
4.13159768566	0.104403150939	3.47810456247	0.0899939579372	0.000585884025827
4.15597098772	0.106639773272	3.31897795085	0.0743646119366	0.000569375839647
4.00147482571	0.104506446191	3.31734999024	0.0822720752026	0.000605342721623
4.07164451805	0.103640505114	3.31836496982	0.0880824219227	0.000676535271774
3.68060215388	0.107515982617	3.1144595122	0.0873719073924	0.000876094158832
4.03741617501	0.107611769972	3.38949395253	0.0669315455166	0.000647221584336
4.1711239389	0.106593838813	3.00257955575	0.112488818089	0.000520773652848
3.94779860475	0.111830867694	3.52028436928	0.0810316600117	0.000708784087556
3.86083271957	0.112327179349	3.24274940407	0.164243643401	0.000800408033794
4.14960007908	0.101918847946	3.51758555757	0.0820585210514	0.000512467524916
4.27530538806	0.104293312335	3.47735690969	0.0823098766148	0.000522943515769
3.84666091618	0.10595432695	3.22291959471	0.0814638236728	0.000790983015349
4.11418203674	0.109736503613	3.32689509592	0.0874594136235	0.000637660898315
4.21269091377	0.105125563259	3.81613938732	0.0871823440532	0.000526725458462
4.27006186695	0.115030143574	3.58146737403	0.0864284992883	0.000459218358595
4.5263174491	0.10988120906	3.94095436029	0.087393416754	0.000364193718505
4.50703348184	0.103314165303	3.73847495544	0.0849252259802	0.000437679926938
4.17672840852	0.0938049056246	3.71378338198	0.0761972679524	0.000460723798454
4.6331646978	0.103708257412	3.83320632462	0.0915843071435	0.000328430345957
3.82546314665	0.104983745396	3.23310347876	0.0805145472814	0.00073376690515
3.92784082082	0.113259925078	3.28454859924	0.0833306219875	0.000774160310053
4.0732283815	0.106930168389	3.34105444741	0.0870983184375	0.000618503246788
3.93856546972	0.106963425923	2.96938977947	0.0857282722327	0.000695714372378
3.87577926928	0.121589974994	3.37254097765	0.0859954668922	0.000530782240549
4.24141869941	0.105746846891	3.41024347345	0.0858934640118	0.000580663744178
4.04831334873	0.106453347746	3.32631256954	0.0831209389873	0.000695099609974
3.62315170749	0.107193251316	3.35150290944	0.0855291033303	0.000790751832942
3.9844492454	0.103430566188	3.33373095423	0.0848868883324	0.000610042703381
3.91275956358	0.10497265821	3.37785524409	0.0803530377853	0.000709944569554
3.93353971677	0.105081872675	3.3519354961	0.0848088432476	0.000613769874059
3.99925334889	0.0848114539502	3.19197381952	0.0915887160676	0.000684533399462
4.13670688723	0.105004966408	3.41551671488	0.0840507670676	0.000571103404172
3.92199871417	0.111844843516	3.28372049246	0.0875930954034	0.000781914415465
4.08612640194	0.107545675373	3.31634353679	0.0856723516302	0.000631284912133
4.35226343132	0.0988627325398	3.55117409194	0.0818608936413	0.000430357423398
4.0183200155	0.104167685054	3.34142965044	0.0808042510905	0.000675818162633
4.16512113522	0.102405702261	3.82741633978	0.0884538746712	0.000556694105889
4.28396055733	0.115081672657	3.45614895106	0.0838051020673	0.000464254146769
4.0561357737	0.108783962193	3.26255482135	0.0852799066787	0.000710952632363
3.86068459013	0.112397929915	3.16320295531	0.0895452181264	0.000698807923463
3.81745211694	0.115322127653	3.01824360715	0.0831709822757	0.000881023543781
4.20565948911	0.107719722001	3.3833901853	0.0828744326491	0.000584497501767
4.11718079196	0.102244500238	3.47266014114	0.0850349532306	0.000589997012165
3.94803432731	0.109787876752	3.32242228964	0.0871463811224	0.000713022532626
4.23368404795	0.108164062451	3.72748137782	0.083452082994	0.000549706085835
4.21852280247	0.11554695541	3.4716443741	0.087149324403	0.000500604449667
4.34516636593	0.104198612647	3.27455593793	0.103485545814	0.000680521327575
4.1342049746	0.106904742884	3.42926475872	0.0831619302202	0.000604045114613
4.09945388969	0.113151323464	3.43125937662	0.0835669285381	0.000613938138052
4.07124670708	0.0926529814946	3.20799951501	0.0837875505676	0.000785886581103
3.78695048124	0.103279444154	3.29567989314	0.0833824342805	0.000722297803287
4.14503743107	0.10343039011	3.52826218229	0.0828302114823	0.000732139995542
4.06583069795	0.112920658371	3.54002511786	0.0879277225023	0.000529384052353
3.81613080818	0.103766171343	3.11878633024	0.0915172981597	0.000818759436559
3.86442869119	0.114124789275	3.33471859045	0.087656352327	0.000606545579937
4.08760434258	0.113526956998	3.57912680874	0.0834129056821	0.000462264246007
3.86542009636	0.114799634122	3.20301012493	0.100401295557	0.000846145748776
4.16140837268	0.10097505322	3.2874386362	0.0849626515916	0.000657020533801
3.83779173147	0.107853117085	3.31005280627	0.089946036264	0.000745406050787
4.01856358772	0.105218782338	3.25106152737	0.128412780134	0.000660153270674
4.29112010344	0.100256550674	3.52765148944	0.0909521148366	0.000471798896041
4.17736281026	0.107940642186	3.48101607261	0.0801461634645	0.000567214416204
4.10926238733	0.107331948371	3.2961222791	0.0741650242765	0.000615878275181
4.21787455341	0.114896696332	3.37143853468	0.099251671382	0.000611802133325
4.08059724162	0.100311099198	3.26939254097	0.0975423048518	0.000619057529665
4.44521985763	0.110472884052	3.62143010349	0.0842747343104	0.000418984823311
3.94901099453	0.105512563577	3.18993117461	0.0715787499391	0.000661088558712
4.40021555679	0.118411649088	3.80551400298	0.0847119500717	0.000383432853781
3.88865465029	0.107561596982	3.1967562469	0.0852257881431	0.000863220937283
3.91568159644	0.101828815684	3.23385726889	0.086555699741	0.000790308293764
4.61715154728	0.10675786106	3.66776028215	0.0874361257295	0.000402213576854
4.25560903455	0.107883426912	3.47967575309	0.0861337945283	0.000538563743723
3.51875188747	0.107190554916	3.52556524884	0.101939150079	0.000578200031973
4.12240336857	0.105466313037	3.51611746374	0.118186570618	0.000589051828725
4.17567987193	0.108214530398	3.51611053971	0.0813961997309	0.000562270608764
4.21397039283	0.0997290075291	3.45060045252	0.0846348762531	0.000578475888189
4.45200471015	0.104296970525	3.58756157353	0.0867793725228	0.000450303312911
4.65655940302	0.101914346392	3.77849855215	0.0862727874426	0.000366034770985
4.4995499552	0.120729822789	3.74042619229	0.0721980621714	0.000385769086086
3.97010677655	0.109247801434	3.57093197509	0.0854627297896	0.000679880764593
4.54737896969	0.102810558174	3.76247193725	0.0884541221269	0.000398772864994
4.54090660183	0.108334852682	3.71933782312	0.100857255437	0.000385494975617
4.86365905488	0.10578232149	3.69520460073	0.0921548269018	0.000371530726717
3.96797067214	0.108435460939	3.40093412246	0.0855368727402	0.000670236990286
4.04097592726	0.112794679326	3.39697223032	0.0824732047746	0.000672779952741
4.02475836051	0.107173066565	3.58736004814	0.0844314000259	0.000725735331196
4.15580248541	0.103293740227	3.52593376318	0.0857010410129	0.00053366610324
4.21844002306	0.107667680385	3.07965898435	0.0831661748997	0.000538412571151
3.78967050326	0.107452345775	3.25336985969	0.0889718425068	0.000695539126262
3.90191746264	0.108426530989	3.11060625738	0.0846031083148	0.000803737705625
4.16388015826	0.106178155757	3.64066380409	0.0831131842686	0.000452012824871
4.25417102262	0.10524645701	3.53611510712	0.0891699491158	0.000529234425848
4.08468648617	0.109158250735	3.38735670754	0.0907318602603	0.000654110394134
4.08205528004	0.100805066145	3.5007061507	0.0885951229174	0.000621321796338
3.88896902874	0.110945318475	3.21527603209	0.084889440462	0.000764630908777
3.88802037211	0.112933746874	3.1946860992	0.0856428901355	0.000831719192295
3.88771640969	0.105202418404	3.10712105627	0.0956091057454	0.000806486836289
3.75842713759	0.105750730843	2.84519386077	0.0907510280253	0.00124154654293
4.1097076928	0.104167292705	3.39880818734	0.0826504543541	0.000585933904691
4.17123685063	0.116816785804	3.44463279784	0.0832573290049	0.000579832352675
4.00552481301	0.105730518584	3.41467287641	0.0838508398962	0.000562014931341
3.60481834064	0.105978872281	3.13606040217	0.0844666944827	0.000907290906967
3.52141824316	0.11288439114	3.0288996516	0.0842576616853	0.00107069312241
3.87792587671	0.100702793182	3.12299817738	0.0896340475786	0.000647513175823
4.26979611053	0.106086877173	3.54893629633	0.08503770513	0.000514922603489
4.15250272391	0.103939932501	3.34563904484	0.0846319781638	0.000626382838935
3.92762786395	0.106906951941	3.29205429504	0.0887123914615	0.000658614853235
3.94365605987	0.104845938748	3.08411561633	0.0846784661069	0.000854879535373
4.05930190548	0.11459804501	3.10750554089	0.0877632830571	0.000860121288133
3.82585207848	0.0997122649808	3.22779499491	0.086105428092	0.000795637381344
4.05441475603	0.10684386751	3.49865540544	0.0855172140134	0.000544438080671
4.1970641007	0.0984442820583	3.55312921562	0.0752266281651	0.000511604931856
3.88680062566	0.107480775449	2.98825629459	0.0833743307412	0.000681836236795
3.75310886598	0.106318657977	3.07300987135	0.0765696655561	0.000920623741328
4.34127838587	0.108578192419	3.47074975269	0.087026946037	0.000468333175177
3.83438059434	0.110649967128	3.2071264985	0.0755012382234	0.000813180131142
4.42406540977	0.113600181164	3.63191039597	0.0883577682134	0.000439788306545
4.31946914652	0.1015530737	3.50282434436	0.0827730739463	0.000527988153539
4.04987957842	0.0972733239097	3.38943022683	0.0856926103344	0.00069411746375
3.6563850348	0.112162282618	3.21331334933	0.0741190110402	0.00092318077821
3.7267502674	0.107304171437	3.04135110061	0.0885963479982	0.000997486750516
3.62291021554	0.106968994685	3.17592591906	0.0878300559196	0.00076233858652
4.01829000517	0.112101449526	3.36054999168	0.0895118844101	0.000591943977802
4.0640288605	0.106979804917	3.43024603496	0.0841990344305	0.000635743181462
3.80596659975	0.129024078947	3.19045916576	0.0837261335298	0.00087954111743
3.64483779767	0.123395303135	3.28069235843	0.0843799570124	0.000823234078683
4.5342022933	0.109242025396	3.63247905156	0.068782644755	0.000440235625994
3.99930431887	0.104981383419	3.29655721847	0.0792895133891	0.00076980490877
4.18624809742	0.105797422206	3.34568724387	0.08262610615	0.000629577118738
4.19101771779	0.104732128866	3.45892282638	0.0953271180199	0.00052966136802
3.86745185988	0.117600317629	3.3100804293	0.0844773514361	0.000692653665903
3.66906104714	0.104944928479	3.13777303444	0.0824481191811	0.00104755808255
3.93877402519	0.105454335365	3.13627680913	0.0784705081302	0.000874757677221
3.87792721561	0.104402493289	3.14512959946	0.1027272917	0.000869893950636
3.83518521931	0.104650117945	3.24966819553	0.0808806518825	0.000761105368979
4.51511278094	0.103977174492	3.52973613723	0.0823667031586	0.000490527621538
4.64426759581	0.10389480507	3.66490461319	0.0836663978951	0.000408604129033
4.23522605202	0.0835854717718	3.50607160234	0.102676356402	0.000613296587309
4.20244435939	0.105602107664	3.54891529779	0.0797129021911	0.000501363474108
3.72272332806	0.103574781723	3.17326822078	0.0847971046822	0.000858462060757
3.81095111519	0.105577037797	3.14791302703	0.0804857544218	0.00082985075386
4.0803426285	0.102292140953	3.46752581309	0.0751024559193	0.000621559424595
3.65765544185	0.107740188023	2.8970473805	0.0954628671984	0.000940254085432
4.28790034233	0.103788979713	3.35948238608	0.0723724831028	0.000506986071139
4.07170698177	0.0904724964588	3.21381258675	0.0730870279043	0.00062406032793
3.88311129217	0.101696471116	3.24059685925	0.0938774480133	0.000820019936387
4.19875472819	0.106328232933	3.42218551026	0.0813716868673	0.000513854757185
3.99330391768	0.102997168661	3.0534406873	0.0763951434295	0.000687840876457
3.91921260703	0.109998334726	3.2136816442	0.0899565050237	0.000802687324642
4.05114536262	0.109703881849	3.50132286692	0.0798645067194	0.000664411672619
3.94620849368	0.0819940630636	3.22271328028	0.0951283962455	0.000687169082458
4.06380141744	0.110044084162	3.2829891155	0.0805426860188	0.000702921815955
4.11912854117	0.106403160289	3.52660751749	0.0877194541376	0.000492833015893
3.77396105069	0.0983425731686	3.22559562195	0.0891449291205	0.000892567330313
4.0177898795	0.118446105136	3.35513817602	0.0839581403186	0.000671103720172
4.02527046569	0.101974887963	3.45778161476	0.0853266364455	0.000716484288582
4.07837307679	0.105150100547	2.79921888476	0.0785514753942	0.000690724183343
4.04294812478	0.104708322441	3.3665348677	0.0858446108198	0.000625894160832
3.7019037076	0.103034573544	3.31826516893	0.0795453197743	0.000717773917197
3.78195391127	0.105719961844	3.31364365004	0.0830572595956	0.000787660205933
3.93656564635	0.0945155314957	3.31055227134	0.0882342014031	0.000691739541783
3.75422732116	0.117385606866	3.20415703258	0.0752092307824	0.000720498855352
4.2182437863	0.0971232603494	3.52776793004	0.083194993156	0.000553042110514
3.96246486204	0.10004396825	3.42060358136	0.0776938017081	0.000618743037388
4.50245306796	0.114294912899	3.65389871609	0.0844877131829	0.000418546588601
4.03089540826	0.0989770694649	3.15605038523	0.0759426606454	0.000764041585229
3.93871431916	0.107484250999	3.3742053218	0.0892758303057	0.000700146341954
3.84770500053	0.110660208798	3.17893594291	0.0906049067841	0.000894291272398
3.93001591158	0.106414548388	3.51930570744	0.0862442149961	0.000770781865891
3.98252220693	0.10551994826	3.32623026201	0.0779391038556	0.000642269615287
4.08649737364	0.101022352189	3.37872752467	0.0856546234492	0.000584681816224
4.02900299513	0.101959503417	3.25993968913	0.0868899869345	0.000616102413665
4.25906532935	0.0996741755175	3.61447280117	0.0855771060512	0.000467319111225
3.91710215599	0.111470118786	3.24411015461	0.0824231532441	0.000723582192262
4.36490687569	0.103064889498	3.60895284595	0.0734379286594	0.000525990125083
4.31945033721	0.105853868102	3.34127163675	0.094725766445	0.00053583819134
4.18548564089	0.0981083338636	3.35784098014	0.086630098991	0.000577661669761
4.03535975957	0.113483026016	3.30436265409	0.0861349832093	0.000740611482722
4.30680371082	0.107597853372	3.51329388701	0.0810203509673	0.000520407167011
4.00725232352	0.119513834625	3.36240003214	0.0642485807828	0.000664730347869
4.43069803101	0.112794189821	3.80992464948	0.0842548516011	0.000407254363683
4.11458674605	0.0937346876148	3.66973170694	0.0806032682905	0.000498609285267
4.12389865229	0.13941106854	3.35658667662	0.0840448631948	0.000592572628526
4.24814602521	0.113425283605	3.63529369608	0.0879100957944	0.000553843015097
4.19927188582	0.108662731526	3.34590391727	0.081535649443	0.000600317980413
3.73712175068	0.108619332106	3.23641860966	0.080218331508	0.000942928429449
4.5132026602	0.0962184855254	3.81589843038	0.0892191712634	0.000388462481722
4.67920210612	0.116517956749	3.73964375024	0.0813664749243	0.000336656905709
4.07897930356	0.108785679564	3.36410230707	0.0913768304382	0.000690422434919
3.70192171067	0.10515610122	3.17577538698	0.0877947546063	0.000859770856219
3.76462567199	0.10846088649	3.17122161764	0.0868999233791	0.000822929297929
3.89994873828	0.10929547956	3.17837384207	0.0834991632318	0.000867504097276
3.78953839043	0.109865662014	3.23005164065	0.0808719013225	0.000808624544388
4.31522593978	0.115362294437	3.40550894988	0.0830969964447	0.000411965459871
3.79868375628	0.109481008074	3.17891696914	0.0831988888327	0.000852316423242
3.93212638569	0.0905415798909	3.18409069688	0.0850674734974	0.000863203790869
3.65235650023	0.0995025596316	2.99221193364	0.0794732893107	0.000846415564744
4.26858072803	0.0913687224019	3.63454435572	0.120913874335	0.000443809049265
3.77589726417	0.106801380927	3.15867633006	0.0787975396324	0.000929113056846
3.99091591057	0.108299853961	3.28940217875	0.0842612518131	0.000738112892873
4.33413969158	0.106290503868	3.54842364294	0.0835816100159	0.000609445908331
3.90888271409	0.113231317782	3.24363101119	0.0838723924796	0.000743000816419
3.83816108544	0.106369888866	3.15163401845	0.0823998869964	0.000839082899709
3.85150214169	0.105565506851	3.3532211057	0.0832147327837	0.000831542609847
4.11358167951	0.103758089331	3.44514782979	0.0740344891576	0.00056864844662
4.3335776813	0.10801968331	3.4705280761	0.0868202936174	0.000556320425629
4.27356633358	0.108420062187	3.56614662828	0.0845902594395	0.000440302652599
3.5558910277	0.114568852549	3.33901676144	0.0962536145933	0.000673487278051
4.16210688616	0.106151012748	3.47205956626	0.084920507916	0.000548424348244
4.02531528083	0.105372124432	3.39666834477	0.100654366427	0.000629685361292
4.03347004243	0.114151950814	3.39221459615	0.0839379959416	0.000611306756587
4.15668992499	0.116058639286	3.75206954012	0.0862523029788	0.000403214771146
4.37672936335	0.10238234008	3.72180396409	0.0787128999372	0.000388749722016
4.11742450783	0.0917309270239	3.39666845379	0.0753383698022	0.000619055962673
3.968899166	0.0946967182472	3.14987522772	0.0835909237934	0.000683779553122
3.99569896616	0.107521450194	3.39418706954	0.0919220722706	0.000581201028834
4.56960402227	0.107221055751	3.75619371179	0.0849982860263	0.000418687036591
4.58467955381	0.111307124343	3.81186447908	0.0779172253347	0.000375017403544
4.03279410532	0.0903328396894	3.39937869462	0.0825414916035	0.000579852028695
4.32703083962	0.101865712353	3.60435083124	0.0806052975048	0.000449753474137
3.87365670391	0.113139777256	3.34512175562	0.0909123694057	0.000746875721735
3.78999659148	0.111467310438	3.09850595561	0.0876969231284	0.000883026500702
3.96229166176	0.116768739978	3.19784132905	0.0806752366682	0.000654297428252
3.81585752561	0.102271868019	3.19469697373	0.0897109576149	0.000828414522007
4.01683555149	0.109369624087	3.42492886593	0.091714023087	0.000579300581653
4.39028471228	0.120174937202	3.79657123926	0.08812900637	0.000429249988145
4.35962808958	0.103492894102	3.26359221283	0.0799919068503	0.000403231494361
4.16339439334	0.101018282135	3.64788025339	0.0824720805739	0.000514246034836
4.68301030837	0.105729766764	3.72711216004	0.0855893121472	0.000364402663282
3.98561502902	0.0947056603522	3.40383661492	0.0844925319324	0.000702889172295
3.44007368038	0.113612162113	2.8561844271	0.0834616606624	0.00116729523467
4.46709485064	0.102680459577	4.02743562947	0.106120347944	0.000344112367886
3.83642842228	0.111373279199	3.20564029431	0.0842647516712	0.000732028921831
4.08883540367	0.108319384185	3.37826273706	0.093596875159	0.00065154686321
3.95520887298	0.0963645382468	3.4192689501	0.0841737128475	0.000764209457119
3.97467442692	0.110431562763	3.33623975955	0.0740720942352	0.00065094149297
4.16131975983	0.106637824146	3.5760989943	0.0865234911912	0.00061822301397
4.73052234749	0.105932958176	3.74014037188	0.0815380455561	0.000390175163889
4.08804918125	0.10543384553	3.34797241841	0.0697829848993	0.000550130089973
4.39658790205	0.108384338515	3.57312863849	0.0862891779057	0.000470683450847
4.36543833492	0.115307744932	3.61569570502	0.0826096948681	0.000432302829913
4.24923087765	0.108882295561	3.56781045577	0.101923983755	0.000462164570545
3.98740562727	0.109722422008	3.56963958929	0.0734578438605	0.000536524964397
4.5111212774	0.104085425587	3.38166672527	0.0805716169303	0.000366942147942
3.88263922719	0.106940691277	3.11166148746	0.0857770582359	0.000853234454958
3.72635327765	0.102294006817	3.12768999438	0.0840127928226	0.000875444815314
4.159919097	0.10872275553	3.47803445007	0.0933805056712	0.000527875341476
4.14716144593	0.0682935436154	3.39016059616	0.0891894763448	0.000614856755811
4.27909344412	0.104398713631	3.61370439151	0.0834469016107	0.000494883846191
4.13259898511	0.102236308828	3.61302149376	0.0833961789369	0.000512595205502
4.21622294275	0.105477819516	3.61310806754	0.11182127743	0.000481160674926
4.34397424002	0.107423295512	3.61281714846	0.0852102252319	0.000474098383606
4.27814492544	0.0971065781231	3.62795393094	0.092018779053	0.000461205757295
4.4546529449	0.104105994764	3.68399514782	0.0842939296778	0.000469255258514
3.97939724199	0.0814017916568	3.55864182235	0.0899563774083	0.000554221428958
3.96811817447	0.112561006917	3.26471560823	0.0849938346426	0.000805918471504
4.04852516893	0.10576151524	3.42224653023	0.0843791083356	0.000583461911212
3.92299583588	0.112272614289	3.43800944849	0.0865334696911	0.000632252971132
4.18309709946	0.116120784416	3.43072072588	0.0899699721676	0.000536496062567
4.0090286087	0.110145927034	3.17057768527	0.093284414138	0.00058059153441
4.25093189761	0.105502399275	3.52280312578	0.0791979678952	0.00049437832828
3.837173913	0.107867297935	3.16787425637	0.0851889614828	0.000859320721356
4.05534484603	0.104397644595	3.29381770362	0.0783449777781	0.000616567653501
4.10396727682	0.104001140365	3.40459937082	0.0804977636993	0.00059277759288
3.86175601242	0.106063701	3.17566427805	0.0993216278377	0.00075706152784
3.84641817566	0.103718494407	3.27668012151	0.0817691979372	0.000768167300561
3.44482064702	0.10696457336	2.82593923102	0.0881681545262	0.00121550394196
3.70193004299	0.104924978401	3.16372719565	0.093076871562	0.000819143834636
4.41147837464	0.101196094485	3.62687628055	0.0816048782755	0.0004205608659
3.96501807921	0.118135234755	3.46876285928	0.0824177785082	0.000564913233738
4.28953980049	0.108764058772	3.40332761532	0.0824071936975	0.000468857390753
3.94852046581	0.106264785203	3.4230257075	0.080288307556	0.000697056555045
4.07748589829	0.114040576737	3.28478884216	0.0785544117579	0.000641654609148
4.04423514015	0.0897766399514	3.37184905673	0.0859053378605	0.000655857954419
3.96239858561	0.113196042852	3.3420848579	0.0823769816823	0.000679754681526
4.09949072187	0.112499930063	3.467711348	0.0901254199663	0.000628457141795
4.45045121261	0.101377360654	3.83384074666	0.0813692633798	0.000363569470459
3.98771058987	0.102323135622	3.38798625185	0.0842848267042	0.000572463477455
3.61790929858	0.110743359866	2.92449059118	0.0826096361108	0.00108548348137
3.8036866657	0.108799749568	3.10345846476	0.0864703694969	0.000874612182398
3.71762252475	0.105357126291	3.05766704098	0.0849716179317	0.00099552387856
3.83792430211	0.111961044156	3.37548794119	0.0994558196724	0.000643185254732
4.15686280807	0.100771514142	3.38465551291	0.0819760241558	0.00056691751964
3.66139028577	0.115547920018	2.98970952309	0.0814717211016	0.000944743841916
3.90598206397	0.0963622350502	3.53068172983	0.0822864375277	0.000659447606212
3.86071123793	0.10501025567	3.38328018516	0.0844789983777	0.000617699956688
4.16624091452	0.108471716709	3.49744124832	0.0838222378748	0.000568801048159
4.03262448841	0.110752920731	3.46591956991	0.0833895640011	0.000627094637296
4.32044164861	0.107677214017	3.56323960463	0.0788114938361	0.000523938856591
3.75514605412	0.104395535219	3.29977604158	0.0772984438542	0.000666213354416
3.80768008923	0.0942404111189	3.09688498728	0.0829636506986	0.000874199994852
3.93845733374	0.109455984195	3.32184061878	0.0950430020135	0.000678132233011
3.99918185393	0.103660179583	3.38609662168	0.0825061008715	0.000632051420426
4.40537726073	0.0966772036478	3.60537910733	0.0860511656505	0.00043403198339
3.90419016995	0.111070950911	3.23755105248	0.0872039663041	0.000697286851606
3.9049008004	0.0976946414416	3.21921744489	0.0988637806503	0.000748133635901
4.02609529544	0.116748605455	3.30656877238	0.0756180078808	0.000634311545705
4.39827621693	0.104944994356	3.62530209441	0.0842744089828	0.000431960871791
4.1722039454	0.107255181642	3.69723250707	0.0853065036393	0.000669210290302
4.03919949736	0.106429356185	3.26091601938	0.0849868634744	0.000706942888143
4.03190059923	0.108361974029	3.29686324855	0.0856423234766	0.000681248661938
3.72810073978	0.108658679715	3.23724428674	0.0902491137517	0.000825038255056
4.4234973778	0.105843341051	3.62452577358	0.0720512622577	0.000435322649042
4.39345060682	0.0817856054486	3.67708810751	0.0838422362139	0.000448845666766
3.95022177292	0.103692009027	3.22605397818	0.0856747514534	0.000703148133751
4.11794970565	0.083675991784	3.43103533585	0.0723082131773	0.000567617649702
4.57281072976	0.105377338359	3.63326115752	0.0825340258292	0.000363362947703
3.963666095	0.103656455198	3.40244326287	0.0823087384501	0.000670772305352
4.67523781907	0.110421898272	3.35960999626	0.0807929974249	0.000704509709404
4.23678645022	0.0986973000028	3.40661716981	0.0673717904523	0.000496888502069
3.87841636806	0.0986587195487	3.29763732277	0.0871367543486	0.000708045586387
3.92243739225	0.107272355809	3.19130430417	0.0835000621667	0.000767503785188
3.56327723074	0.105188319079	2.98710697954	0.0887714464315	0.00110666538692
4.32706435229	0.119982303027	3.44445374094	0.11270697087	0.000501592333098
3.91124295721	0.109575689438	3.45528396891	0.0881406597056	0.000569810069114
3.84109252176	0.0948852221464	3.22868241282	0.0761084591069	0.000768362198348
3.85718500357	0.106772284442	3.25644686203	0.0795447686787	0.000843571381552
3.79591194396	0.123522653143	3.11441307505	0.0842709852015	0.000901271943815
3.61184597443	0.110821017288	3.02224693961	0.0756777927359	0.00100816898924
3.62433184959	0.11213628427	3.2496053181	0.0973576346935	0.000941659049218
3.87108350206	0.103803649115	3.37258972386	0.0821256434593	0.000786521974335
3.96007870349	0.0794576601336	3.24093840446	0.0844299814831	0.000772217241965
4.29222671223	0.10784668608	3.43410694312	0.0810104586337	0.000527015195843
4.06957502526	0.111066209748	3.4583587491	0.0875595048209	0.000594884363769
4.01140171355	0.107874028376	3.31555403725	0.0861990581411	0.000694474435442
3.92332095415	0.118953055964	3.3628187914	0.0840391323934	0.000673404921888
3.83805180575	0.112365647631	3.12773636572	0.0909342862904	0.000924415384167
3.90521695723	0.113894011986	3.15386986179	0.067318371552	0.000766332636302
4.16870619681	0.10044604654	3.34296779815	0.0861558083269	0.000604340041993
4.129441776	0.107953479711	3.45183153045	0.0877589476156	0.000525796273938
3.95510754161	0.100681076467	3.35434233338	0.0908067575436	0.000723320496103
3.53862541915	0.0994177279432	3.1344912322	0.0961890149156	0.00103444093517
3.7869962023	0.107704891412	3.19975560863	0.0874045326042	0.000776779094861
4.10318015865	0.109281842188	3.27453048123	0.0809699026164	0.000618310868256
3.99089162266	0.108306916413	3.31740319087	0.0884443125412	0.000677549818811
4.20877001567	0.0927895108757	3.743623907	0.0768364438394	0.000428277141417
3.70647004672	0.113449399387	3.2065381245	0.0720414837744	0.000862914553463
3.84973265399	0.114358773451	3.13266550762	0.0848056865235	0.000822416190861
3.60012949511	0.108386334065	2.96636258652	0.0898196913692	0.00110398728134
3.93614644298	0.112040470229	3.153448347	0.0900633234638	0.000668864803777
3.28194009605	0.101245326179	3.43051049957	0.0812236485511	0.000606135979004
4.337208749	0.10297679841	3.489238198	0.0775660752001	0.000512490523596
3.61726829387	0.110332583	3.08128146332	0.078192871542	0.000892690643052
4.06170755288	0.10965659447	3.26546483809	0.0777235670584	0.000628357755386
4.18731276921	0.104266599958	3.42614639448	0.110651762076	0.000554159940291
3.85206203838	0.101997861666	3.28699470641	0.0901037211646	0.000776170405128
4.03957470718	0.106684762924	3.40675640762	0.0872711325887	0.000638577801178
4.12301505361	0.106218007918	3.45711448686	0.0896508841713	0.000517063332529
3.78914984292	0.107364962024	3.22422896504	0.0829275230129	0.000770704088379
4.05778819307	0.100286869919	3.32550861239	0.0851316376932	0.000640284557587
3.89824543407	0.102825205921	3.32273158251	0.0655792992878	0.000721311195838
3.72556132487	0.107222965919	3.20312001031	0.0859387245271	0.000751149862128
3.98635681729	0.109112120466	3.30647624746	0.0785276986481	0.000733397354406
3.78795875904	0.101014745384	3.10181291537	0.0863645004731	0.00102946952573
3.90470737571	0.106002108166	3.2656290436	0.083601708623	0.000731188026833
4.25876788733	0.104143468129	3.45288821885	0.081926557206	0.000523712268923
4.36785536502	0.101963192765	3.91981733864	0.090767509698	0.000422332886393
4.15578320785	0.105108332646	3.47804307447	0.129724672336	0.000509509736493
4.27045276956	0.106273725516	3.52991202208	0.0857728381803	0.000517793575012
4.16718961893	0.108350239139	3.57324290443	0.09434583616	0.000542236735412
4.31479176981	0.0987907303926	3.72392600423	0.0872773223599	0.000432723886586
3.94022626742	0.105419240191	3.27417600693	0.0866187270916	0.000770812502895
4.10693916795	0.102260085424	3.34458218246	0.0846109983718	0.00062268739812
3.99013411729	0.106205801124	3.39063199974	0.0823076542414	0.000642220066705
3.99768819292	0.106817089492	3.39828762835	0.0843343293274	0.000625358939178
4.54845626351	0.105739404315	3.9070963791	0.116891252568	0.000318230763967
3.99958335072	0.150681293077	3.42093399742	0.0739073114243	0.000616152054381
3.73611247241	0.100969551394	3.04759450879	0.0834280840889	0.000922414631852
4.16231822213	0.109624192251	3.42388118407	0.0816691601902	0.000518590544873
4.38659893435	0.0992636262276	3.54008346993	0.0863763458198	0.000498997938923
4.31091866565	0.125179655768	3.52013114342	0.0856603376933	0.000455149452241
4.67168719073	0.0931949394265	3.85906803931	0.0828529638744	0.000340736012571
4.71244446169	0.0883195591114	3.92759487517	0.0797026765596	0.000346313374145
4.34283852726	0.102571729631	3.59091532393	0.0852997755136	0.000450023843122
4.03212528626	0.106660974157	3.31075210646	0.0864854995663	0.000657010657387
4.0384254312	0.104757466359	3.32553261434	0.0884842333008	0.000690944602468
4.13411533093	0.105093631306	3.52991042759	0.0848068506479	0.000554431339528
3.97416269045	0.100434942343	3.22928855404	0.0833662799069	0.000723412413477
3.97840197225	0.106942153909	3.32710182221	0.104155211299	0.000745959040787
4.21212027552	0.139382383028	3.5840099074	0.0915519972679	0.000488005112564
3.93435535133	0.11001511597	3.6254585227	0.0867900992889	0.000467909640057
3.94854508765	0.109417570363	3.2180960781	0.0790858394014	0.000685473301379
3.94746314004	0.113237453965	3.09576652924	0.0830137916742	0.000811384433872
3.94713315196	0.112857459118	3.25997885551	0.0879019725395	0.000732354273046
3.97729165154	0.108566589906	2.91589236984	0.08654782366	0.000761027101039
3.94677790137	0.10442540768	3.96618644693	0.0828342218044	0.000465041650642
4.06810811131	0.0972962322586	3.60002397379	0.0813808362268	0.000603991037957
4.42200043861	0.119514851449	3.33896748952	0.0912656090791	0.000566039060029
4.69713410672	0.139846010237	3.94761125302	0.0789696955539	0.000317174625118
4.46190614726	0.106507203617	3.79005844293	0.0763310289795	0.000371047202388
4.37406924511	0.102503546015	3.82601083198	0.0844407774924	0.000420174286781
4.37988283423	0.108346337578	3.57120879658	0.0803877638088	0.000510075531467
4.15690575156	0.124889178901	3.44169706182	0.0978240047033	0.000600150174673
3.98791155043	0.103570868376	3.14185388843	0.0923502102449	0.000661167642465
3.87925940753	0.101675629453	3.17300963522	0.0722729693313	0.000761148220324
3.9366491306	0.108592920055	3.21060887255	0.0805978486029	0.000729732189996
3.95598702141	0.105736860102	3.29062176729	0.0853910277085	0.000789443044137
4.03122815419	0.107277353779	3.42584182907	0.0923957477154	0.000714328461362
4.06783076168	0.119625330304	3.42594773135	0.0822890712465	0.00061174828474
3.95810440023	0.0980131881151	3.26210032959	0.0817619796359	0.000752955429359
4.04114472082	0.103397607125	3.41118281652	0.0834973766108	0.000679657458251
4.10366284515	0.109034379922	3.56305648205	0.0837298777849	0.00059950878088
4.17739725793	0.113738898629	3.32378388721	0.0902612421287	0.000585782884166
3.92522180409	0.10932545858	3.37516758794	0.0833361387029	0.000586735889457
4.10066063699	0.104338686595	3.40879655643	0.0796039350287	0.00061502286459
3.92713978446	0.110028845457	3.26581036529	0.0828847855077	0.000678027368543
3.82921530824	0.106306510807	3.07854258226	0.0865392928397	0.000864672199762
4.03015970324	0.107096974514	3.19764495272	0.0829715230523	0.000723306457393
4.58188365925	0.103673602934	3.65173206498	0.0812058426742	0.000406954531264
4.10351125652	0.104158165612	3.4324501708	0.0851421123767	0.000608646814458
4.30727212044	0.105862818575	3.64287578649	0.0823028187174	0.000463060154151
4.19038592925	0.106373703942	3.28376838012	0.0885959672928	0.000552936429134
4.03704272736	0.124121598196	3.43462598706	0.0812654347431	0.000598817251595
3.93181009886	0.105992788828	3.12763866568	0.0983987549188	0.000793387947219
3.74129961984	0.108475638014	3.12502161397	0.0878733692207	0.000828560931135
3.9524095224	0.096642235237	3.15641343331	0.0856192357027	0.000654666445852
4.03364511524	0.112780452255	3.34060957501	0.0901874893342	0.000635301983027
4.07813409228	0.109234940702	3.48180078478	0.0817507737996	0.000582719976027
4.20859972908	0.105018931148	3.55391870158	0.117545699476	0.00052958792618
3.92270695581	0.117690863104	3.38210371293	0.0736109106534	0.000652381620131
4.18898688521	0.0962451975042	3.55314832556	0.0740063342529	0.000512306151657
4.13282743723	0.105755552582	3.39443522409	0.0847551191301	0.000639386393165
3.73392877923	0.0978105186943	3.18916848993	0.0845378902179	0.000709099230272
3.85260247404	0.105653784583	3.3526629756	0.085968205141	0.000669760505761
3.96616441652	0.111675938074	3.27249106851	0.0857239511452	0.000748390141748
3.97781875963	0.108176902415	3.23361449145	0.0984781408763	0.000762564618109
4.10073394448	0.105107943305	3.32606783729	0.0860973060617	0.000667631744475
3.8096629003	0.105702637499	3.16602663663	0.0851564511519	0.000843441540543
3.73213125306	0.0969143955294	3.03062457944	0.0854205999199	0.000969408619902
3.80845974605	0.10251934829	3.33756934002	0.086729225007	0.000745157261676
4.28652767828	0.0933158123878	4.01973937216	0.0744209290736	0.000435631415649
4.30423318072	0.103656220396	3.72915032967	0.088258402048	0.000386289972449
4.46666171438	0.107437706605	3.64292145411	0.0892231601583	0.000434668100376
4.2688115388	0.105606253904	3.73099644887	0.0755406777106	0.000428667544
3.86110205933	0.111017217973	3.16442545859	0.0745715298367	0.000828034287605
4.00041961281	0.107344170676	3.3065083851	0.0812922265575	0.000654121522623
4.14315781597	0.10759229893	3.60352691407	0.0719415100292	0.000509223509738
3.93615501736	0.10894043056	3.31677369499	0.0847366892986	0.000635534930568
4.10611116109	0.115135804434	3.6299479577	0.0896085446835	0.000523573821745
3.99290534716	0.121934523016	3.28690580327	0.086393087747	0.000702877677296
3.89581511103	0.114855777822	3.23006259254	0.095240210488	0.000804573904773
4.07205550977	0.100862349634	3.25529195732	0.0878178522029	0.000650767452471
4.02505940786	0.107698734863	3.26347172698	0.0978828601113	0.000702899000236
4.30967265502	0.103501380445	3.64601576512	0.085236760105	0.00045055154714
4.56858392389	0.107768266869	3.77106624494	0.0766493475388	0.000336985259803
3.78369103955	0.0923860087747	3.24123865647	0.0884089328601	0.000756089883203
4.1594932439	0.106697503408	3.51946928679	0.0852646226589	0.000572708958149
3.93927550946	0.109278333143	3.12746056747	0.0860270614165	0.000739807938409
3.98271928773	0.111803206909	3.4416122695	0.0893621618504	0.000613041218143
3.894582496	0.105459166321	3.3768832374	0.0860394943834	0.000631100290525
4.35199594695	0.108793833755	3.72666167799	0.0787146901178	0.000351404752061
4.29653156372	0.111637979058	3.83885745473	0.0843812606063	0.000484443933528
3.94148880941	0.101512817656	3.22719117141	0.0841058536539	0.000735456338502
3.97116396484	0.110470635881	3.21790671051	0.0851686522773	0.0007252167723
4.06789996305	0.112066650986	3.22144822609	0.087403443081	0.000765316406555
4.48510929988	0.0986602476011	3.67035504737	0.0840522045778	0.000406737938729
4.30010750545	0.106586299816	3.27794561438	0.0859451405375	0.000588123097236
4.1352812801	0.108314854455	3.36051082418	0.0722249382213	0.000663773504395
4.14040982568	0.105590808589	3.50004695175	0.0836425414341	0.000571206448917
4.12719338063	0.120540587713	3.37298986935	0.0699831727683	0.000636201442872
3.8955075455	0.109444290301	3.36133584645	0.0855995117531	0.000711031110421
4.19993360292	0.102446558986	3.41903820148	0.0837572266483	0.000581469769189
3.68937408857	0.103855843399	3.51841154954	0.0843191930751	0.000523175088698
4.07212119982	0.107091464383	3.37223393823	0.0763931577072	0.00063524982084
4.33413504527	0.101188915675	3.63387082952	0.0814893582661	0.000486154100037
4.25843133655	0.108115555179	3.63760948286	0.0924670050531	0.000493400939178
4.47036451426	0.10512672941	3.68995557553	0.0791760139632	0.000409053347364
4.3611379002	0.106019533219	3.72985131522	0.0782313473902	0.000440403281139
4.28860553321	0.108192100242	3.30041813009	0.0859522140261	0.00061828317488
3.99558480006	0.103723886433	3.30017640747	0.0820997289415	0.000700450299983
3.92977032087	0.0996449147267	3.36664381279	0.0804247464421	0.000669348349301
4.14978213851	0.107913814862	3.42817296424	0.0856496205431	0.000604273947392
4.04844553369	0.106819402364	3.23413512624	0.0822156382394	0.000676702636617
3.87784448728	0.102787853738	3.31556063179	0.0934020097944	0.000713176463324
4.04384347545	0.104046950988	3.39528405627	0.0847194258168	0.000566467840061
4.60458286769	0.104551283769	3.48048396906	0.0842846581977	0.000506104361443
4.08209002116	0.10759812249	3.29502324668	0.0863371998931	0.000684201352448
4.1035719691	0.110653248563	3.49347614089	0.0790903705295	0.000623953478171
4.24510141917	0.106865036468	3.52501041026	0.084669420438	0.00054148946305
3.84002478491	0.110165105236	3.33601415937	0.0853092355328	0.000719275319257
4.00565091161	0.110608373035	3.23894735883	0.0906540046823	0.000718502535692
3.95527918648	0.0999389941871	3.820005034	0.083906287046	0.000666032543682
3.79908856111	0.108253743464	3.17721790651	0.0811092808982	0.000882939920824
4.17460850413	0.0960654830846	3.37733929533	0.0881176412038	0.000573318502747
4.17964465565	0.10739190744	3.41622245667	0.0863195376492	0.000565300565985
3.77489720826	0.105720093802	3.37400038325	0.0931999230766	0.000787515650533
4.36885560466	0.121090837278	3.51285057126	0.0829161145747	0.000430826677904
3.92621034452	0.110060605824	3.36357205842	0.0815967244839	0.000723263931144
4.28906027344	0.110166875575	3.84658556366	0.0864325065431	0.000474464632249
4.55417899535	0.0907372689396	3.8494526308	0.0855928168393	0.000373778690164
4.81643128596	0.112607207164	3.96090412799	0.0869743420762	0.00028318214081
4.77195282716	0.105609710828	3.83470768351	0.083619849359	0.000291116627124
4.61123823734	0.104402538101	3.8584553928	0.0807833665258	0.000282828945096
4.123605401	0.107317651097	3.48189770614	0.0876038777703	0.0006015542831
3.76503152774	0.112358923356	3.18637192446	0.084917112465	0.000850898224444
4.43396693087	0.110651574299	3.76605740264	0.0805309231489	0.000408247849484
3.56560823693	0.105741135994	2.99796428225	0.089502094911	0.00107993707906
3.95809285967	0.105153292759	3.37510834462	0.0902433958595	0.000735037931923
3.96916362666	0.10932086953	3.65625525045	0.0831786846407	0.000574226850762
3.83324054387	0.109326191006	3.14224699358	0.0859190273579	0.000829673981996
3.86849464249	0.112174658711	3.33518294384	0.0862098710546	0.000724331723251
3.73368764063	0.116734501674	3.15894218006	0.0865731540821	0.000816445567424
3.9796256428	0.107101074477	3.39743232686	0.0853119511688	0.000595248120006
4.55396405327	0.105548949463	3.72186288797	0.0846535972871	0.000417662077227
4.44778342397	0.0961737047071	3.57997525452	0.0816115660281	0.000477739966561
4.22324483953	0.103703354513	3.39233624232	0.0854082814085	0.000555265788375
4.39518820673	0.113424269322	3.65873944653	0.0781439247977	0.00044475479348
3.9904665644	0.103206383441	3.57749859837	0.0837912316699	0.000609322670078
3.90732371376	0.117974055381	3.12024298704	0.0872635297186	0.000827064234648
3.88549927075	0.106866641153	3.25693740872	0.0810817278847	0.000733816345695
4.19204453225	0.107127332383	3.51731614941	0.0895564162653	0.000511904774309
4.54332946837	0.110799761558	3.60055843933	0.0846230845697	0.000442255509568
4.26115469463	0.100872463954	3.60040160035	0.0971282064534	0.000471660980134
4.24963386808	0.107708077945	3.64158224663	0.0802734546198	0.000525795924417
4.23144934707	0.106738303178	3.59268557281	0.0864311229604	0.000505561318742
4.30283170185	0.106857486169	3.57050218809	0.0841285770317	0.000502628597763
3.54959389392	0.114185783895	3.19645636095	0.0845755738103	0.000846239850594
4.11308279994	0.0966031955726	3.39362779455	0.0726434079401	0.00059054951208
4.08991830693	0.107909346775	3.39317581866	0.0883332176455	0.000593435249918
4.19078014621	0.108408612132	3.38903177748	0.0816445467507	0.000539804623795
4.40787502952	0.109851580112	3.81606453007	0.103544225804	0.000349766064415
4.00236449545	0.109228156836	3.2076233865	0.0867423749379	0.000707090320409
4.14197130165	0.111171744531	3.30190495589	0.0867318785633	0.000648200770244
4.29213357277	0.10064752136	3.39241905698	0.0823382290183	0.000477605560335
4.09767770919	0.108992602078	3.45004421441	0.0854035206179	0.000543187458923
4.03044237871	0.103672669205	3.4608249596	0.0846769059197	0.000573892108388
3.82352719633	0.108905988695	3.32764869645	0.0860697282324	0.000751711623983
4.27777413238	0.111201098712	3.57675984155	0.0801645220799	0.000512985867206
