r_HIS3_C03	K_HIS3_C03	r_RAD52_C03	K_RAD52_C03	x0_C03
4.26842626451	0.111834261428	3.43676119794	0.0876945399319	0.000388896886903
4.2782022105	0.112129750455	3.41406932298	0.0853434354735	0.000405523261005
4.90379975311	0.107866288766	3.89291618123	0.0850827135385	0.000411778084298
4.16125220716	0.108886508484	3.7091674582	0.088475225101	0.000349759184712
4.13165319016	0.108143051924	3.59218779874	0.0874121117421	0.000486022825082
4.18348270595	0.114611934904	3.49339014253	0.0869408151694	0.000483331681345
4.49429403983	0.115373429381	3.75418933003	0.0736751366991	0.000304524974218
3.82290134539	0.107463228282	2.79000999331	0.0838572488207	0.000718358879221
4.48515716867	0.109671085845	3.40777475902	0.0838473569466	0.000324006207249
4.33584302398	0.111628271862	3.32482003054	0.0864434738415	0.000420964135208
4.22429856727	0.110107892677	3.54435712428	0.0898490410641	0.00044610281757
3.98863970962	0.110963852084	3.30897662303	0.0762761262868	0.000587956482571
3.77164268933	0.109000908333	3.20533072719	0.0810431157998	0.000488476565298
4.1767129603	0.111314825057	3.48066116541	0.0849339159249	0.000447485464928
4.39160189223	0.110602957479	3.88011176	0.0702853765188	0.000309938255988
4.19567766583	0.112161706074	3.38988477254	0.101461579702	0.00049762897712
4.20002599715	0.108987271622	3.4142629634	0.0921405963853	0.00044625759879
4.20840180571	0.10976079739	3.43152947967	0.0866987024047	0.000466848604335
4.14482692705	0.115897569195	3.34871003016	0.0952529314417	0.000513893112873
4.07987901444	0.101348476443	3.20611450247	0.0855463180053	0.000540553231154
4.37622147061	0.105027091771	3.45813854709	0.0870344614327	0.000415874514361
4.31480279045	0.108645677635	3.44934620758	0.0515925764624	0.00038913316806
4.08598824498	0.119462822699	3.38575799359	0.0856751338948	0.000492238141368
4.21520747409	0.109723707341	3.43444975255	0.083971065255	0.000431848462738
4.32859571461	0.105032131437	3.553012493	0.0870005607329	0.000388395394277
4.45421212298	0.106681450769	3.7774832508	0.0804284424396	0.000312329324795
3.81521097299	0.109115033283	3.26682603697	0.085705234511	0.000573738930496
3.86912746513	0.110664955057	3.31217293154	0.0903015568222	0.000654178289387
3.75444338912	0.111702957694	3.08414310396	0.0870516579715	0.000680294212927
4.28283933755	0.107957304809	3.43917318549	0.0848575601151	0.000463588191289
4.36205686354	0.0963174124316	3.60840208262	0.0874385114536	0.000407269940705
3.77978786824	0.114665856329	3.27263581577	0.0839124286711	0.000659094177634
4.33781333001	0.10332415942	3.77695252699	0.070341776681	0.000389053983594
4.17568536401	0.106736075377	3.75688886502	0.0900371835094	0.000460047765289
4.18669192116	0.111113618725	3.24357173233	0.0863475448457	0.00049134912895
4.03223785965	0.110036032405	3.41458781225	0.0849483803223	0.000527160264884
4.09450442653	0.107731149764	3.29835674728	0.087249683833	0.000539038878661
4.11526186365	0.102876215045	3.36900634654	0.0935327957081	0.000506559853663
4.4136030057	0.133738160041	3.46940909981	0.0866184931003	0.000317150767841
4.19638499134	0.109693021179	3.62843465045	0.083924170005	0.000389692442479
4.15382841354	0.100766242011	3.19593753018	0.0869606781367	0.000489690300658
4.30022282035	0.113466069948	3.44478028878	0.0842432395887	0.000425172778305
3.87974972791	0.108600511827	3.31731036512	0.0892024619258	0.000487143660464
4.44089344798	0.115949026934	3.50410489427	0.0846629003928	0.000372534815564
4.68335632075	0.108788947067	3.80978739025	0.0913478728066	0.000265469247849
4.37513756006	0.0997438858536	3.6206114979	0.0860767212663	0.000383894641154
4.52362457609	0.103845799035	3.78109798066	0.0873135506988	0.000290207365179
4.38466617206	0.0781698347228	3.62216471425	0.0843057494266	0.000301222790196
4.02211167043	0.112482944789	3.28866456507	0.0833851207122	0.000538490405689
4.16132301861	0.112022655875	3.4010105101	0.0879012346035	0.000443193666009
4.4619336896	0.108682150248	3.59640925883	0.0860921923613	0.000352179597158
4.18930235125	0.105308335202	3.53017371447	0.0834106298326	0.000356214286214
4.24599141047	0.112572467976	3.53006186446	0.0857818723178	0.000395432606373
4.48257383581	0.097215967991	3.51681960429	0.0891612812429	0.0003655480343
3.95569137135	0.110093743552	3.33224760521	0.0841055491599	0.000595972391492
3.86004974302	0.122626440533	3.12901344483	0.0878753373496	0.000697047482599
3.8559189193	0.112227339542	3.30432729666	0.0933605665052	0.000620519805391
3.80251977637	0.113165769843	3.12694039685	0.0821365407679	0.000739650374235
4.16275649987	0.11491907493	3.46991402605	0.0863754587883	0.000426388449469
4.26415839387	0.106704450979	3.56437831388	0.0902585424669	0.000395683462148
4.29435944384	0.109257505079	3.42178624823	0.0887322262717	0.00041252370379
3.90327163304	0.114675724657	3.21705123086	0.08554278782	0.000631995452529
4.21644881936	0.110147491774	3.64794053076	0.0852636159856	0.000392674023138
4.0039685714	0.1087859189	3.30036463262	0.0840780482737	0.000550591851273
4.06585463524	0.111679790472	3.31496845589	0.0863227599103	0.000518514551593
4.03523850885	0.110729940685	3.08306022621	0.0826510912993	0.000513376267927
4.30677950934	0.103650106422	3.61923305075	0.083191852226	0.000442508078787
4.22943338347	0.108252027473	3.46592057784	0.0891241492725	0.000442549387018
4.06098474007	0.0999662673958	3.20967203233	0.0749536700861	0.000498700672453
4.58726772041	0.108200792109	3.52687189265	0.099438100111	0.000418787494855
3.87802538675	0.114618053566	3.25945500007	0.0891245171821	0.000581728090514
4.57858758682	0.106634962949	3.57164684662	0.0867886699559	0.000394487954515
4.5873072143	0.110165724765	3.56074945078	0.0826668565935	0.000456152482883
4.26827746816	0.11678638579	3.50001640778	0.091378812932	0.000420361384367
4.67229370502	0.111538029628	3.77028913158	0.0840721327799	0.000266735213165
4.23883942488	0.110081268685	3.66589004185	0.0885406036698	0.000396333229758
4.34682069186	0.110928665024	3.37627437926	0.0790546286096	0.000488553578814
4.48027956495	0.0932998304761	3.68824538963	0.0856818661403	0.000308766841754
4.29400994047	0.109194031313	3.17680034307	0.0886105503705	0.000400589944262
4.55968711564	0.109914246487	3.4738156961	0.0960482539537	0.000373011090575
4.38772903683	0.0973106627507	3.60210199198	0.0848373517782	0.000352447703025
4.00677641703	0.110853791578	3.00834680175	0.0876056958325	0.000570846954347
3.78060866832	0.108178338572	3.24387702465	0.0878478905775	0.000604007438405
4.23004639061	0.107541535149	3.39166622807	0.0821245459241	0.000513367628287
4.46173388837	0.11230197408	3.53726241201	0.0919479375222	0.000399909742612
4.45633859968	0.106283748572	3.78994427097	0.0900729431423	0.000309191223351
4.10738001345	0.108175322885	3.25970803595	0.0866219765111	0.000573749157889
4.25435635367	0.111457945711	3.57750717678	0.086513228625	0.00037378041882
4.19113315995	0.10715958721	3.54416926839	0.0831899928877	0.000361134062598
4.42064777528	0.107756137635	3.98409771839	0.0775159203428	0.000339379776169
4.15477331223	0.105044430729	3.39023528443	0.0878287985411	0.000434748333573
4.23393867273	0.111841034164	3.62762510166	0.0817796788141	0.000414096518102
4.62221152183	0.111826068767	3.87158128544	0.0857619090303	0.000263200190004
4.0894722788	0.109107736846	3.37704476375	0.0879138988765	0.000495762620898
3.87825361949	0.109873716235	3.00744294291	0.0865130212652	0.000797106997254
3.87364414594	0.110033309011	3.0409815325	0.0879988215028	0.0007754428658
4.01415124072	0.112393701628	3.45181535621	0.0858428893403	0.000483593388508
4.05426629216	0.105489873878	3.29145865454	0.0829411801822	0.000486964519821
4.2652133953	0.107838162457	3.40768995903	0.0804168156555	0.000453967535627
3.71736281409	0.109648350157	3.24754031023	0.0846880634025	0.000697775426247
3.96381086591	0.112805545945	3.11369264127	0.084396729588	0.000559007877447
3.91155332621	0.110983107528	3.14621925104	0.0925555576619	0.000649333787353
3.98366228491	0.113903547496	3.20846590674	0.0873410147305	0.000548679852254
3.80069125921	0.108042734439	3.27078362567	0.0897380988285	0.000625309141699
4.41456077965	0.108887126806	3.44546351797	0.0862044993834	0.000384663756609
3.69693409985	0.111015130106	3.17000525922	0.0894231331929	0.000671564872293
4.1039976709	0.10890373006	3.20421936642	0.0880546988397	0.000562638201658
3.72950603556	0.115465866164	3.30076860418	0.0874188201126	0.000558006451451
4.16412491114	0.102667481976	3.55909455002	0.0875641488646	0.000511241636665
4.02598840561	0.109682396594	3.646367633	0.0845468905582	0.000353046420785
4.12943325951	0.104551295129	3.50152819802	0.0854697945315	0.000392528681559
4.3494506913	0.103389875053	3.69417019453	0.0811014925493	0.000255952512496
4.71889565106	0.112332629014	3.88695718909	0.0838315676582	0.000250529497817
4.4943263403	0.114962267706	3.48803674153	0.0862513942982	0.000399392543283
4.5486163451	0.113076897377	3.77854455907	0.0846999216057	0.000254486948759
4.36750314377	0.109952351896	3.65602638184	0.086274651735	0.000399721905052
4.23156472024	0.108997905087	3.31650989668	0.0921000556691	0.000470410835088
4.21005010145	0.109799962892	3.3390872521	0.0869063161705	0.000475715382442
4.67992846312	0.10945059851	3.81921794604	0.0903168627528	0.000287150479924
4.65897460376	0.107184400875	3.72774441449	0.0866944533722	0.000281014757971
4.35329667559	0.110429077698	3.57302776522	0.0878838277572	0.000399041228767
3.9531801167	0.107661370824	3.13148674503	0.087229343491	0.000650489753798
3.9708844905	0.107274693024	3.24692704081	0.0877297289323	0.000562206806292
3.91511686271	0.109867933657	3.30599068369	0.0871435732581	0.000632542774709
3.56894435565	0.112294939641	3.00098802872	0.0898341592404	0.000854782890469
4.46330443657	0.10774411941	3.3634918634	0.0867825825485	0.000372764237361
4.33936040836	0.112329394352	3.49796793167	0.0836740888523	0.000419127562414
4.68639619399	0.108612254274	3.93071330224	0.0830292019883	0.000219286975426
4.20254817258	0.110429878659	3.49316753404	0.087568056023	0.000402800527534
4.02403117751	0.11068930132	3.32199127046	0.0888389122527	0.000541640540773
4.13715066536	0.111159775163	3.2956970164	0.0893044928997	0.000531361393074
4.08189281418	0.105838014248	3.26604489209	0.0875239712633	0.000546540086078
4.35544092356	0.103970862116	3.48159922427	0.0886062037914	0.000401893735693
4.42368534063	0.125036308582	3.62240410238	0.0892589617717	0.000341693437298
4.37096998792	0.106410831555	3.52820338587	0.086260679635	0.000384358414456
4.1297952517	0.111694359847	3.34266703365	0.0857649792651	0.000433069564054
4.04222870157	0.110579034697	3.53497994697	0.0912857457126	0.000413763785503
4.38679271241	0.110686393011	3.68021285146	0.086546501187	0.000351871466564
4.15096737074	0.111303866993	3.67291252134	0.0897650127798	0.000397025384171
4.36756981477	0.105407208634	3.50982389595	0.0878769677092	0.000402837336468
3.95111710008	0.113453842321	3.51243278643	0.0922620532294	0.000533133478146
4.08977861242	0.112523630151	3.44066308008	0.0882816764449	0.000451894560319
4.11928202571	0.111443619433	3.36717144577	0.0868150727706	0.000466800852536
4.07592488623	0.102601535938	3.28923392483	0.0704008393726	0.000559887135332
4.13859757953	0.104637914593	3.48485332209	0.0938047732941	0.000429155438149
4.04589995569	0.113914793053	3.31130304869	0.0854968017394	0.000507203309172
4.3678757846	0.107125662256	3.51475886495	0.0791302459748	0.00042526380551
4.3759749314	0.108222398493	3.4674513788	0.0871177361195	0.00040096872365
4.31361385584	0.109326153606	3.42769521724	0.0877183893998	0.000407537299717
4.26518054065	0.109788090885	3.52947869352	0.0918312304739	0.000393919164275
4.31172271867	0.10955672263	3.44382204666	0.0869722016502	0.000388126078274
4.36174049812	0.110119068997	3.57190975466	0.0786403646954	0.00041427135478
4.37356870944	0.109617893554	3.54726208585	0.0941519687087	0.000369503417144
4.13886578696	0.118704425599	3.49017070437	0.0878656341003	0.000448741561169
4.02226129737	0.109082434987	3.46790417708	0.0835519350115	0.000410158463217
4.22295837599	0.111365002017	3.57888143596	0.0848150406279	0.00042793945078
4.07331310875	0.108530860628	3.29128826415	0.0867306104191	0.000550549814348
4.05306561064	0.109313561214	3.33679332023	0.0867824295535	0.000505767711216
3.99579190617	0.116951516922	3.3092427277	0.086178044085	0.000604376868537
4.13420325042	0.109811163609	3.58671422758	0.0860228746438	0.000466463294971
4.02332611199	0.106805788153	3.36449562879	0.0884297640252	0.000543539326592
4.46427438959	0.107253543297	3.43087237873	0.0866056692274	0.000323145711913
4.46120862657	0.115497333197	3.55502246513	0.0852470572051	0.000346825332372
4.30939068899	0.116022192077	3.53998206791	0.0880352006642	0.000324505713559
4.49536619085	0.105439339606	3.64007507574	0.0871615146245	0.000343750292479
4.10316988214	0.104738314321	3.65519958771	0.0881275584418	0.000459619917935
4.12267538387	0.115132910459	3.38620316065	0.0945597435566	0.000474976861654
3.86982979864	0.110581322615	3.32942665018	0.0866708713288	0.000560638930536
4.0067391033	0.111986129536	3.29367458838	0.0919342614695	0.000582752307894
3.94588066438	0.112704275222	3.20457811976	0.0856324688273	0.000592818675754
4.44130882874	0.117094222763	3.71664726575	0.0854770361631	0.000329266295631
4.61071912818	0.105968234453	3.72640642304	0.0878352049535	0.000264323666517
4.00718841379	0.108983133417	3.54198625616	0.0925158369066	0.000418477522306
4.55346159712	0.107046035747	3.78271244907	0.0860744226008	0.000288972782876
4.10840264714	0.112246531855	3.31453638699	0.0865785079166	0.000497907435456
4.34963609046	0.10872267966	3.54998539613	0.0905136025902	0.000340028984163
4.41719666176	0.11013689484	3.52390353513	0.0937338583579	0.000371344809566
4.22945997037	0.109044720722	3.49752888654	0.083435120296	0.000438227699105
4.37383822625	0.118112957515	3.54956759605	0.080491518292	0.000377498958188
4.72765094443	0.108127972231	3.69644543076	0.092938626554	0.000277203343062
4.33835396868	0.104188187299	3.53036315405	0.0677628007907	0.000388298683084
4.64384362371	0.111702183641	4.03354035371	0.0908060917959	0.000347137567375
4.41578413157	0.11153525372	3.33752940836	0.0899488244482	0.000533618846051
4.08782633145	0.128956150693	3.32941296298	0.0975158113268	0.000486446092939
4.23015915261	0.11469227764	3.50666504512	0.0826232686559	0.000445910686395
4.28163338198	0.10352702449	3.71687178168	0.0858093888256	0.000391335932428
4.20446215308	0.115027227146	3.61669312002	0.0935354772849	0.000461827534879
4.24408494953	0.111599346145	3.35366419951	0.0831488036475	0.000473032828597
4.42664703402	0.110526966411	3.40039878194	0.0875574564381	0.000473118922469
4.03499650845	0.111397463764	3.33911788076	0.0854263697758	0.000537437195198
4.44060239885	0.102904756586	3.65964638173	0.0837152170716	0.000351290258196
4.24831418087	0.108939222399	3.6716087238	0.0871265799181	0.000361695285187
4.48037459633	0.107678720204	3.82409796703	0.0862317811571	0.000285232668664
4.43095906857	0.111180180385	3.691686873	0.0897756851492	0.000306923634688
4.26658439689	0.110010038311	3.55042554614	0.0875249384833	0.000378238598781
4.02346822163	0.109695320783	3.40233753068	0.0828758752188	0.000440903460894
4.10142889458	0.105457960753	3.36906695131	0.0860847336597	0.000539222046344
4.39229014728	0.107694972928	3.57279336193	0.0875484624025	0.000377358041792
4.10522645288	0.107611490102	3.3498732551	0.0871098741882	0.000513882194017
4.44453387234	0.106791887133	3.68736268173	0.0899200214087	0.000355299949707
4.20919201789	0.110595388959	3.53279688114	0.0897966408581	0.000414515202131
4.2432096254	0.109871706265	3.59280243831	0.0881742711483	0.000433047962111
4.1090599834	0.100250251559	3.35613257785	0.0867339740554	0.000514560419166
4.25860300223	0.107420913727	3.42016259337	0.0892761118396	0.000440359108863
4.34716425593	0.116009521096	3.53910629861	0.0788857108163	0.000359599501762
3.91251204489	0.104752515381	3.20185488644	0.0847684693526	0.000617836539257
4.44729424085	0.113031233365	3.77558796558	0.086476598305	0.000320274691246
4.52495109066	0.108621472622	3.77162697251	0.0865558209524	0.000266127456641
3.86673077431	0.108073821608	3.36480594259	0.0885911569473	0.000535722156071
3.94772218996	0.0973475372193	3.45103009364	0.0820384983597	0.000493302190314
4.73700846408	0.111119706096	3.69318910598	0.0891251032615	0.000290907388577
3.96496436022	0.106684594831	3.43979582211	0.0894410177979	0.000529971150212
4.49664898315	0.10184376615	3.64433909448	0.0918980460954	0.000365873961385
4.40310158432	0.112230393587	3.54596684896	0.0894423429122	0.000325207917874
3.93118873216	0.10281948447	3.38075706969	0.0843288701977	0.000499565159391
3.90364210737	0.109815083225	3.29694751365	0.0870641047256	0.000519132572761
4.45453424225	0.110856824121	3.86400907515	0.0875050897408	0.000370156969363
4.19052003959	0.109110132045	3.70451021906	0.0839047798243	0.000429065467069
4.39186992736	0.106727908803	3.63204464853	0.0869882554881	0.000327254861459
4.17505787298	0.116746426958	3.66557302923	0.0808375616976	0.000388913347803
4.35566330647	0.107414874931	3.57446234877	0.0857091567455	0.00039840871662
4.11956570392	0.108886851624	3.17983778562	0.0876679249943	0.000617217473483
4.16020736678	0.111734921155	3.47844932387	0.0907461240911	0.000436614633321
4.00852577715	0.107313450811	3.37284190178	0.0848870805487	0.000503766481661
4.30853276841	0.108224604222	3.65952034355	0.0860139452317	0.000354169969586
4.09476028571	0.110760126652	3.42596305056	0.0856027519216	0.000482301890483
4.29209739226	0.108703205187	3.50685838832	0.0852467987713	0.000399323078327
4.02677135927	0.109463858169	3.36521713938	0.085248008384	0.000406865345386
4.6215198602	0.112000549063	3.84961938448	0.0889439565723	0.00028176217265
4.21102692794	0.104990060015	3.46465291002	0.0882567572102	0.00044629138025
4.24995574748	0.111795005903	3.24134013962	0.0928059023312	0.000440989393945
4.53316980517	0.110479130331	3.72775947601	0.0958500866854	0.000313947068139
4.3539730891	0.118931372356	3.63643016638	0.0855244035525	0.000336783717308
4.93059660918	0.0863951114882	3.98444843057	0.0853775786097	0.000202868741552
4.93052417405	0.113164624009	3.94728978271	0.0843883533411	0.000222199413613
4.38674906382	0.110804960503	3.59513441747	0.0686973060454	0.000324741735598
4.10645547725	0.111408154645	3.28392262556	0.0867838473771	0.000583493338859
4.31804942857	0.105008751967	3.40148425794	0.0853162206408	0.000419433818833
4.00670827074	0.113647042281	3.32584339255	0.0868518456283	0.000530217097383
4.58185340673	0.109762451829	3.7216917467	0.0848185355106	0.000261672094341
4.21060172259	0.107222582885	3.50197057264	0.0826134199671	0.000421189538879
3.77450698919	0.109600462396	3.35995811516	0.0872751487859	0.000508529448697
4.05973864705	0.108693871742	3.33115719446	0.0903199247825	0.000552261511985
4.04227298081	0.115006514641	3.47021611034	0.0887916363606	0.000608745563089
4.35038111883	0.110429432648	3.49575912653	0.089274927658	0.000405896800808
4.41355803446	0.111683935873	3.57850061272	0.0840477767386	0.000360742154372
4.31970759544	0.1079069993	3.64803463228	0.0945687607054	0.00033027528889
4.09213902645	0.113303231769	3.54615366596	0.0929486048253	0.00052269469124
4.47183152134	0.116850785783	3.71857189678	0.08825417533	0.000311230070146
4.46234340928	0.110077977761	3.61295079971	0.0842687280636	0.00030518248986
4.12564273942	0.115859284603	3.52919461276	0.0836705998705	0.000440487941711
4.81986293424	0.108056300475	3.7183055957	0.093132572007	0.000303972280773
4.25480063716	0.111367222225	3.41743666645	0.0863012286383	0.000426250127672
4.11876584958	0.11559283693	3.29166758176	0.0831385234822	0.000560828706738
4.27594120426	0.109053185947	3.54180603371	0.0925016771095	0.000439991496555
4.59575296339	0.111823419489	3.73864436822	0.0897055784196	0.000264144800755
4.60452391479	0.116837152118	3.90099813192	0.0869214629425	0.000264843056073
4.62084047043	0.108042457128	3.81440003111	0.0847801352131	0.000260162753288
4.6276364265	0.110552168273	3.9764376091	0.0867180701982	0.000270975962084
4.21837170708	0.102118753171	3.8584122543	0.117147581186	0.000294626606547
4.21103333841	0.108945322142	3.27933258736	0.0852847998655	0.000427301617499
4.28961142976	0.110290378886	3.41430037612	0.086314438916	0.000426032813403
4.25173504159	0.113000125209	3.55034028791	0.0871157408973	0.000409166538053
4.40829455057	0.10966311327	3.77291365249	0.0877767067141	0.000319048759545
3.81514310425	0.112023937713	3.60697361196	0.0907525504154	0.000591110065771
4.54146975042	0.10751692451	3.69070321673	0.0902346680643	0.000316608064933
4.1639514355	0.11579858651	3.37051633832	0.0878047175222	0.000489692429701
4.38536964696	0.111324556601	3.6673739078	0.0827078505642	0.000328100326213
4.56021323435	0.111388302729	3.59543757624	0.0848048593478	0.000359132499851
3.90632613574	0.108338656776	3.6884559816	0.0876547947657	0.000521638583364
3.70990736209	0.107967374136	3.03320290439	0.0875511930409	0.000772635975789
4.51589905618	0.100219093194	3.67642976168	0.0839739511572	0.000301034025342
4.23849820146	0.109538799722	3.5597611327	0.0896137519193	0.000380330477281
4.22766428035	0.111791040173	3.43552571116	0.0863459892941	0.000453939136786
4.19349361041	0.121372706026	3.42750929133	0.08358878232	0.000477012202895
4.25182547106	0.110528448451	3.39423137654	0.0844856354559	0.000515401009479
4.58254223906	0.110548929595	3.75290054218	0.081634253086	0.000289760117323
4.38392344839	0.102239131306	3.56237420037	0.0871006908768	0.000356685612024
4.51325950848	0.106428089225	3.63296119252	0.0855873031223	0.000306518983562
4.29727986499	0.110691739784	3.49112734076	0.0848931112113	0.000370579545421
4.32669342745	0.115974049445	3.50797539823	0.0857341050296	0.000465940737858
4.15905851992	0.109669350417	3.44557228495	0.0889053508767	0.00042338189779
4.13208130339	0.108896875253	3.62994271781	0.0739243972451	0.000502091669646
4.29310232051	0.109001410715	3.52282469314	0.0538401097911	0.000400827883628
4.33867481798	0.118853998696	3.55041522118	0.0851163552853	0.000410695465173
4.23760574689	0.110844554487	3.51298366702	0.0831675238786	0.00041168083917
4.43689318754	0.103916758588	3.55514458266	0.098317659298	0.000373675468026
4.20343664264	0.110374463217	3.39930344837	0.0852201756146	0.000480957508934
4.05560133352	0.109709140354	3.56259993466	0.0890897113112	0.000459932743583
4.51368690161	0.110681246996	3.72986547204	0.0862890404834	0.000300712838718
3.80549229156	0.109729070449	3.17539862754	0.0888217779759	0.000644011751156
4.3781882134	0.111921621597	3.54209955321	0.0927436551226	0.000352827381226
4.31729639975	0.113535019332	3.65755533328	0.0907521809481	0.000338645844567
4.56818010989	0.112230870336	3.87918145763	0.0770742478436	0.000277842027918
4.2782506079	0.113797337463	3.56208356143	0.0897941650786	0.000369609046949
4.02846325827	0.105395812903	3.47880834868	0.0983502687892	0.000496702026525
4.15547209051	0.109590620925	3.96900963491	0.0884194060489	0.000454758958509
4.27456170609	0.108122364926	3.49091121685	0.0877716545793	0.000424870054412
4.60113388531	0.110346619573	3.56970684777	0.086007792688	0.000388364132408
4.14243952048	0.117263222882	3.4702638274	0.0868859777376	0.000463744693873
4.5381998519	0.127306856726	3.74372578102	0.091094056637	0.000312040929609
4.5913639655	0.106271513305	3.75475404582	0.0836094595755	0.000310755467256
4.64609897356	0.110168107777	3.81045081688	0.0870240100627	0.000279517530019
4.53389767714	0.0918567922931	3.69944113629	0.0864862820054	0.000340198941536
4.76244063071	0.112053514658	3.71266950293	0.0867630941238	0.000292261218689
3.86573535138	0.107024489108	3.42079726789	0.0833878079025	0.00055008319442
4.09852447537	0.103668289359	3.53727814177	0.089233222525	0.000522660489233
3.98974645002	0.107962105433	3.36417704494	0.0875274381106	0.000510484860408
3.78340868756	0.101462995725	3.35257097136	0.0830759662018	0.000478677724924
4.34901868992	0.110198385904	3.49078620391	0.0954581676257	0.000423717032953
4.32266477056	0.110004989016	3.50846332268	0.0855763230001	0.000385933689403
4.0433011176	0.102833929919	3.29305275847	0.0923932329175	0.000508762055245
4.58473786532	0.109952268288	3.67910877467	0.0865448296408	0.000303039934333
4.5368061	0.110179147623	3.72808401551	0.0901747468022	0.000278892411177
4.65976200796	0.106840623192	3.64988948056	0.0855651510005	0.000390995477644
3.97274994136	0.0955418231423	3.43780406953	0.0899840134106	0.000421478696226
4.61991822834	0.124993949694	3.46011771555	0.0854274906245	0.0004147575752
4.29592149879	0.104703825158	3.34481445117	0.0868394407296	0.000403610969993
4.05014809536	0.0995209224149	3.25619925582	0.0869331288579	0.000580252451989
4.13557459388	0.107797792107	3.30647067676	0.0847937204594	0.000487552384926
3.93310702364	0.110833785802	3.42490841567	0.07794231861	0.000443022850312
4.11867902214	0.107643074717	3.42800266856	0.0863000350917	0.00050932614637
4.14851833252	0.108880896294	3.44125530576	0.0912317052607	0.000458730917602
4.25242413221	0.109917623296	3.47148776004	0.0854098429336	0.000394410957477
4.23960973939	0.100493692367	3.55351140403	0.0856280796575	0.000412655700894
4.55947458027	0.1076408292	3.70269287382	0.0896282063812	0.000286678436981
4.17667433501	0.113170220998	3.38936532213	0.0874338900148	0.000481357215771
4.3248181313	0.115300549012	3.65973236226	0.0881272651933	0.000356777795094
4.20304300313	0.108380080968	3.37353630557	0.0898213449602	0.000479317293472
4.59362963037	0.110073604544	3.84456607341	0.093409425367	0.000283637363513
3.88456319431	0.111017903269	3.30278868374	0.0852162106387	0.00051299788796
4.03528592064	0.109022548649	3.42001122228	0.0867372752586	0.000445687814391
4.14792721515	0.104336811479	3.53015580772	0.0858619648834	0.000473396648247
4.19361516835	0.112330812697	2.94194879054	0.0944354799483	0.000475952443138
4.39384839743	0.110296977202	3.41050721092	0.0887444879048	0.000474308345618
3.9486943472	0.112572646065	3.49466927471	0.0869980876262	0.000402808523487
4.53214391442	0.108399854022	3.6939443243	0.0905675913396	0.000307799471286
4.39256550287	0.111552537865	3.44574520507	0.0943410965181	0.000381053070951
4.39358181818	0.106854325719	3.43190918973	0.0886837148425	0.000480787019433
4.33739197398	0.103345635715	3.43861312944	0.0924393498555	0.000414026117064
3.94151306625	0.114340188481	3.29156058091	0.0900125911962	0.000639503831812
4.36962666886	0.106454253503	3.47992521509	0.0850834736679	0.000406906641607
4.18362980713	0.104503075081	3.37212165005	0.0906645801666	0.00047486238175
4.10022128166	0.106515437106	3.59677234981	0.0897164301746	0.000412559821078
4.21423684335	0.110744618223	3.60134372003	0.0909247058293	0.000339148198961
4.55389206404	0.111213705712	3.97048898202	0.0868666988073	0.00029922603968
4.4332802986	0.10842148639	3.85552042477	0.0830057223049	0.000330284524613
4.28486073275	0.108395856369	3.63802964229	0.0867438014102	0.00035135391554
4.7686101462	0.107902548006	3.9803029508	0.0839412801874	0.000221061540242
4.2593503545	0.111037754096	3.39107680558	0.0850014238216	0.000470852813001
4.73993915759	0.108260136517	3.87874647923	0.0901006828916	0.000215572367167
4.5630287347	0.106066055984	3.87707259179	0.088243097427	0.000272844134225
4.51855200713	0.0997553805981	3.66073284546	0.0863551102591	0.000318010095062
4.04943037272	0.112276880394	3.37518274298	0.0886000356502	0.000484197042501
4.59191939892	0.10501708891	3.5673702482	0.0845355406322	0.000361625845814
3.96288457874	0.112149250952	3.18385614192	0.0943047736412	0.000647204154456
4.75911795291	0.107443354184	3.64467936077	0.0842907463406	0.000346071014251
3.98395788285	0.112570639612	3.2276903908	0.09260950648	0.000601847222091
4.00210424639	0.115620832097	3.21662906821	0.0838794345592	0.000609438026794
4.10180119743	0.122291129948	3.22129574168	0.0876395052845	0.000569081948196
4.14391222934	0.109126204582	3.4745148219	0.0839560627715	0.00050940874205
4.33198001826	0.107315907946	3.51136375661	0.0846558821272	0.000411905621148
4.61054914407	0.106145288194	3.7595367913	0.0850114759426	0.000280617019049
4.48545770648	0.100428080534	3.55474341254	0.082558680409	0.000362705077157
4.30775590682	0.111895142005	3.56060438861	0.0866757635286	0.000394690241463
4.24514327481	0.108595912809	3.42818675941	0.0843755171481	0.00045025727986
4.25608535467	0.10719138105	3.38478970426	0.088970029823	0.000394069559386
4.46545635747	0.108993010551	3.56152940025	0.08850065082	0.000417423098
4.33094756162	0.108433164739	3.81455195067	0.0849038146061	0.00029416950665
4.19320716138	0.108243245349	3.61485143194	0.0828646103255	0.000363804502589
4.15846365504	0.0969431466541	3.26101043752	0.084025236086	0.000514936985676
4.02105478958	0.103712994627	3.40532711749	0.0898362581181	0.000519003731527
4.23389495003	0.108992856046	3.51715750703	0.0884259928929	0.000465717583085
4.24084705686	0.117917512986	3.34807648286	0.0828239744009	0.000455532738666
4.33729648742	0.109795084487	3.66898315684	0.0864565980479	0.000349277185654
4.20608605913	0.107549836252	3.30694639371	0.0846670101689	0.000452890714962
4.16404809793	0.109159664535	3.46847332679	0.0854609810741	0.000475690284685
4.20862193078	0.109763682268	3.55003046153	0.0871107805044	0.000402676510347
4.39936130803	0.108457091124	3.40185009734	0.0872600391477	0.000449048972135
4.17239765252	0.109365637043	3.49777035162	0.081848328372	0.000472259432934
4.03091652363	0.110302170112	3.39742749461	0.0860874587788	0.000518956488439
4.57499412161	0.108969628499	3.85812964063	0.0868101775301	0.00028479872049
4.33121765642	0.107878996246	3.41928750272	0.0813149390988	0.000423866867413
4.08734033916	0.116968805907	3.47315983262	0.0857822026584	0.000504714746264
4.28558642746	0.11176667266	3.44986902245	0.0843372477977	0.000441287973684
4.21475361919	0.0968736940124	3.64671281125	0.0794027059813	0.000405176882228
4.4035331429	0.109600451755	3.69644858066	0.0844686887577	0.000346529072013
3.98049107599	0.112731871221	3.56965836154	0.0823643202345	0.000462670569911
4.11960653882	0.126006664683	3.35989340815	0.0869247802544	0.000527116918247
4.07598338399	0.107261510951	3.40979260372	0.0906392115723	0.000497016089591
4.14120635824	0.109802367185	3.42166407764	0.0823187921698	0.000470420034228
4.11928593789	0.111925036067	3.53198199408	0.0907475825061	0.000494566608792
4.08944081314	0.112745863092	3.29237304527	0.0810040204569	0.000513077006011
4.44407782363	0.111040697511	3.59786656452	0.0835132395284	0.000337991856088
4.59417806707	0.11045128115	3.49534368243	0.0791236001194	0.000404952808502
4.37437305855	0.108951252758	3.50355725473	0.0871653419911	0.000395353363704
4.16248285831	0.113688057745	3.42564403168	0.0640238690007	0.000434134400778
4.32097211171	0.103586023987	3.48689499457	0.090644978938	0.000388609306792
4.4290371763	0.114384199065	3.55345873761	0.0860554432248	0.000345029613174
4.14237104901	0.105972575301	3.40729951427	0.088509232458	0.00046167191937
4.07796035697	0.108878197302	3.26771504276	0.087214067871	0.000566887287229
4.24539342167	0.110077469913	3.43251188993	0.0856149862417	0.000403222833008
4.1555276296	0.110875467424	3.3842190678	0.105478022069	0.000444054755797
4.16635290828	0.11593776748	3.41858794209	0.0869168232036	0.00048374982971
4.32335666081	0.107283840924	3.49127840147	0.0873008980395	0.00038227190686
4.13946504339	0.110219897499	3.49216002755	0.0872086728892	0.000461341247038
4.3574120996	0.129791709283	3.55462864391	0.110920044083	0.000366342877709
4.32860521088	0.113121684535	3.59804679204	0.0990835934066	0.000381935756717
4.06148075943	0.108599358636	3.28726457201	0.0840082777565	0.00052178732272
4.10499270054	0.110401012827	3.35905227905	0.0837489845479	0.000488646488996
4.20695716969	0.1114557621	3.38500697261	0.083595356895	0.000473709896283
4.13909816966	0.113728058898	3.47304225464	0.0845399495703	0.000512027027458
4.27158477721	0.110963693601	3.57900973373	0.0842329579515	0.000415608731867
4.32954419912	0.106988159529	3.57219011704	0.0784154251056	0.000374537673599
4.54701587538	0.11066007378	3.81258558285	0.0830738985068	0.000335536257111
4.91507787327	0.111907488716	3.79015142428	0.0890875719773	0.000290509026876
4.49463799501	0.111153811458	3.83876243149	0.0842265843061	0.000279722816741
4.71912146334	0.109930386565	3.75661734717	0.0827567918041	0.000240158517648
4.46691256464	0.102070846877	3.61284063622	0.0841096946858	0.000404133299515
4.30600599613	0.109484783992	3.79242099526	0.0899709240049	0.000411696775448
4.40711489883	0.109532224068	3.61881966241	0.0853347051653	0.00030702327897
4.9485959975	0.0962907062791	3.93695744219	0.0951733071727	0.000241934118733
4.65554503122	0.113745797224	3.76192693438	0.0852925865475	0.000275640511488
4.09642733089	0.110204687444	3.35551786931	0.0803294558777	0.000494853948157
4.51146052469	0.107273553282	3.67462077194	0.0898442200856	0.000286945203229
4.04293002292	0.113837885639	3.3586478956	0.0754164898429	0.000480029431955
3.89802812026	0.111345444655	3.27074642924	0.0856626485499	0.000582318609148
3.92960731509	0.109100734607	3.3775401699	0.0900424514438	0.000445771535996
4.04250546043	0.109492651395	3.23104850425	0.0880699504677	0.000564827539465
4.23327839381	0.10817805846	3.61979302475	0.0885097590729	0.000403524713598
3.83688400763	0.106504601293	3.34066504264	0.0882060382653	0.000602972135849
3.99423110088	0.113969293379	3.27344317402	0.0859134520726	0.000529508424454
4.28587185329	0.113577689022	3.50469140399	0.0901278956368	0.000400059067131
3.89077856454	0.108909167891	3.22381478452	0.0874976768037	0.000577633062649
4.22570504657	0.102555879269	3.50147109084	0.0868975856423	0.000426703810185
4.24716657364	0.107205153634	3.39028860655	0.0920080770314	0.000458569003432
4.10879631633	0.107072414778	3.70451859612	0.0871273718434	0.000385213787961
4.00237787708	0.111869713087	3.21401646878	0.0869331460754	0.000597741375172
4.2692693742	0.105179060613	3.61424644398	0.0851264659343	0.000419417578595
3.95148797623	0.116443162451	3.27440147567	0.0895765099445	0.000614186791938
4.40325273674	0.109741308671	3.48313217596	0.0877585989714	0.000404243730645
4.06114141385	0.109999157241	3.48690588611	0.088416624509	0.000402395569086
4.18958517994	0.11262126242	3.21186368004	0.0729721376569	0.000436542911
4.38857796149	0.115248300095	3.63714335776	0.0902486454344	0.000381028641683
4.14281624371	0.109681600487	3.31144679237	0.0795128608911	0.000562765774624
3.91898789599	0.103986309174	3.37874762308	0.086753172548	0.00059139888122
4.08335780061	0.105222307536	3.29328960147	0.0859849022493	0.000477760968026
3.97290732739	0.109386499104	3.13435300155	0.0874263872615	0.000660318587963
4.05815254665	0.111999974599	3.13468984367	0.0881150041885	0.000661644769622
3.6783891999	0.111259171271	2.98966605059	0.088269039991	0.000846419178201
4.08842562199	0.116014803052	3.11782216848	0.087151473775	0.000595843415159
4.32022808741	0.113985970863	3.5038386253	0.0850287145848	0.000404395784831
4.51737851689	0.105730610967	3.52140598675	0.084384060053	0.000397248763477
3.89976306453	0.110675350253	3.17840650211	0.087369140657	0.00064512014363
4.03030538381	0.114682763924	3.26808005718	0.066829921861	0.000552661801497
4.10230871825	0.110573303365	3.57804056764	0.0931351812587	0.00036908833952
4.40197454275	0.112510009397	3.90210250084	0.0910084697431	0.000354213714252
4.42789419455	0.110208285391	3.60177333251	0.0866520876889	0.000323467881639
4.39285456308	0.109725045814	3.59574948192	0.0848034848987	0.000379774706381
4.16187291625	0.109552100914	3.47353380957	0.086055742683	0.000518726519978
4.66098814383	0.099124867493	3.95785713195	0.0862042375823	0.000212587598873
4.62133444468	0.10348199717	3.86384428446	0.0870777013473	0.000252439448985
4.0448110105	0.125527750841	3.28920180933	0.0859086625013	0.000584918628734
4.12747459966	0.109018191664	3.20723900252	0.0882148081479	0.000524758386497
4.22909810794	0.109437515094	3.44973796515	0.0885358798594	0.000432712807708
4.12989623209	0.106945618641	3.36602077616	0.0888242460271	0.000475164046156
4.3375424601	0.110953425572	3.56764143249	0.0862699195673	0.000357263256518
4.50693604296	0.108462881111	3.99988922997	0.084549741267	0.000256032835776
4.85762130468	0.1049876066	3.92367423859	0.0912171358171	0.000217751418672
4.29615969301	0.109341511882	3.51440679063	0.0909124272343	0.000391280352006
3.38551247415	0.109887495481	3.47598149496	0.0805015855033	0.000435050111221
4.44135997892	0.109887929427	3.68572942693	0.0856208477795	0.000351248620701
4.2799810731	0.110738623123	3.50035516177	0.088615794636	0.00035290069607
4.19399663101	0.109605332892	3.39650021555	0.0813031196032	0.000469890019137
4.19269404638	0.110388437671	3.29675133277	0.0867328260684	0.000491407889761
4.0921583865	0.105560475521	3.35185402907	0.102148293171	0.000549277367046
4.2791443467	0.106595581021	3.49115631312	0.0867601957772	0.000401276879168
4.38105232044	0.103021540671	3.674571478	0.0841789868236	0.00030666104355
4.57966134873	0.107407413686	3.65895500417	0.08646671804	0.000290353109803
4.28389400053	0.105406611254	3.42418645924	0.086570838547	0.000453863169992
4.37248162033	0.101441830972	3.85909707401	0.0885423262261	0.000337936678695
4.42182372066	0.106977061424	3.57509193832	0.0903923847513	0.000367683822788
3.62284231769	0.109472498361	3.00693056392	0.0886713911252	0.000743702464794
4.11483295077	0.111357649966	3.36214231328	0.091043469912	0.000554690521046
4.00555505362	0.105608413405	3.46936005812	0.0899534294367	0.000578317685084
4.39426450146	0.110668698484	3.48099056129	0.0849473863885	0.000389856395671
4.08492948648	0.144267305344	3.48426185332	0.0909818566932	0.000413978616236
4.22911983821	0.110673021955	3.82809976279	0.0824125802034	0.000270726702439
4.72533582013	0.110559805357	3.75578942217	0.0919474211754	0.000245875369743
4.17634477504	0.112148200939	3.38136882462	0.0810342773684	0.000315791568447
4.02851835017	0.114869653469	3.24131340823	0.0957570830756	0.000583597902083
4.7007507143	0.109376903661	3.75993572904	0.0847179891046	0.000289716583972
4.73728917851	0.106814033986	3.69159006343	0.0850529826472	0.000294336211102
4.72453077562	0.115379669535	3.77629717877	0.097916396501	0.000281595498431
4.19033898742	0.109955427125	3.50682634014	0.0972334161478	0.000402044367807
4.02623979822	0.113400464058	3.32195005046	0.0840864384848	0.00052347802473
4.25866077302	0.0990297460078	3.75976600555	0.0828738769248	0.000352915172473
4.06881431629	0.108188366468	3.64315562243	0.0879890569066	0.000429529786734
4.25228739689	0.111934428984	3.44841235413	0.0875691503336	0.000477027557937
4.08001651216	0.119587828678	3.29946495179	0.0850185018944	0.000536159056032
4.38152028345	0.102875065904	3.56768221595	0.0835933401036	0.00034378423287
4.42137871429	0.108073349647	3.94359833782	0.0855838000125	0.000296042385773
4.11973247705	0.113610036012	3.50029543174	0.0818626899536	0.000412984248645
4.10104838729	0.110742375652	3.35043695529	0.0871830983336	0.000532452737479
4.34384767149	0.109675760394	3.4522801855	0.0955555024837	0.000396215810865
4.34927667767	0.109830312976	3.531678792	0.0820385081472	0.000344422807726
4.1137709419	0.11224894622	3.40418598739	0.0883392242023	0.000523370273501
4.19282204068	0.104668177855	3.38921739624	0.082928738365	0.000464376556887
4.50371316308	0.105867593081	3.73480734552	0.0846735636619	0.000299186067822
4.48398161793	0.115490325537	3.7359912022	0.0904073494091	0.00028467133344
4.19034950141	0.111809078066	3.49783487454	0.0864139253436	0.000376966349243
4.70857594373	0.110515485586	3.92690655566	0.0895862057181	0.000222880264533
4.44892223267	0.110254042124	3.48688818196	0.0882464156723	0.000397670661728
4.37881954439	0.106683690914	3.55389553181	0.0866571154727	0.000380122788124
4.35228302116	0.111876181491	3.62444806807	0.0855565126685	0.000337639840991
4.11366590044	0.108652570323	3.30820665629	0.0903724577696	0.000455244946931
4.38696945481	0.112548963159	3.30891413783	0.10053184777	0.000410044962665
4.21688193736	0.112815510039	3.54778179623	0.089896559339	0.000378581801619
4.52379604742	0.112256165871	3.5371832029	0.0788209202722	0.000348816161662
4.46854720924	0.110628718229	3.77617479623	0.0840295388013	0.000350719582938
4.2615500121	0.109565796538	3.51298906692	0.0853499323024	0.000399039193369
4.38802787201	0.10984177383	3.55056961053	0.0847371435275	0.000371429693018
4.16673998827	0.110091187142	3.36242848685	0.0835688170672	0.000486839718605
4.04512285955	0.112380039721	3.35205139016	0.0959345527701	0.000512299538402
4.20110424585	0.106758519077	3.44216028949	0.077590600517	0.000420755371685
4.42032581737	0.1096278326	3.53220453885	0.0876896033803	0.00039832210684
4.32442158224	0.112133203429	3.84383260554	0.0872219664449	0.000388679632883
4.42462120808	0.11396178327	3.73131691327	0.0804044714033	0.000374612125326
4.26858187306	0.0998286791814	3.49395313821	0.0854658539858	0.000412521311948
4.24179315771	0.109645037397	3.55609269739	0.0903342463755	0.000413340263759
4.24216902987	0.11002303956	3.41121926188	0.0842803199411	0.000486168791616
4.06057874075	0.110274151662	3.43999694893	0.0940252002566	0.000442307694011
3.87136337037	0.111182265111	3.17542802731	0.0875557232113	0.000691891540956
4.01712117108	0.107802550569	3.28784896394	0.0871955111076	0.000556397005852
3.76906009944	0.111626327975	3.37660550334	0.085968907414	0.000805551980958
4.08027654168	0.106533461721	3.13458539581	0.0890328575376	0.000588575752
4.02259223489	0.117945203156	3.29671144154	0.0860603310522	0.000543054720131
4.11170177783	0.114037066464	3.66936952129	0.0742097556601	0.000405537552089
4.02806287883	0.10408247998	3.27233691724	0.0875136232109	0.000540348618687
3.67572606715	0.111257668266	3.1191927242	0.0866868655812	0.000583083583152
4.30763242642	0.107176557558	3.36569589819	0.0847800569935	0.00036912922929
4.27575227679	0.110775475006	3.57866958722	0.0893341397353	0.000370674791232
4.10998745827	0.10562950079	3.19723318881	0.0891490790089	0.000622633835457
4.31554775568	0.110344940567	3.48969631591	0.0849490643701	0.000398295039938
4.09436349434	0.11078105322	3.25834754497	0.08771747074	0.00049234056922
3.92441887475	0.111905661593	3.37458566889	0.08022175814	0.000555597698641
4.30920261621	0.111104047636	3.41846117876	0.0946468290384	0.00038701441673
4.40496055441	0.106297480118	3.72285134209	0.0927019185357	0.000338270313816
4.43110171197	0.111000184395	3.50395700761	0.0882299685156	0.00034539978527
4.2162846861	0.115077678528	3.58158365734	0.0753072280655	0.000431766643731
4.15044897024	0.110216755788	3.41578263371	0.0785239128994	0.000471878486679
3.9986139937	0.108108598428	3.30217012287	0.0869933219882	0.000560297957345
4.03397493034	0.103428934115	3.23468146498	0.0843773060295	0.000623346092419
4.16034115415	0.109665945242	3.33588213748	0.0848672806896	0.000511767872778
4.14650117293	0.110607531844	3.4598454296	0.0836208934217	0.00047251655087
4.43350277731	0.098436418418	3.63554824651	0.0870231827022	0.000374599832841
4.10873569218	0.110693223672	3.46803027136	0.0824371738716	0.000432718668319
3.92349097856	0.110294942873	3.26230472552	0.0856565009654	0.000586037348798
4.09283290851	0.108973487343	3.50265467687	0.0895751947138	0.000453748017395
4.06694161845	0.112444603999	3.61387661673	0.0880757238636	0.000397577414203
4.09081768869	0.111213006932	3.35160396222	0.0859044523544	0.000419507787949
4.42644558136	0.112681616405	3.66225669064	0.0872767078652	0.000367793357065
4.43132034139	0.113192247201	3.52042073288	0.084369167111	0.000391373634862
4.40362700913	0.105993377561	3.55859832295	0.0867293385022	0.000348666198964
4.50157378076	0.109606340626	3.63200804526	0.0840420317399	0.000341327827331
3.97658384172	0.105793485076	3.25131065471	0.0843328148997	0.000597607071653
4.0861222939	0.113710518912	3.15119946188	0.091383217751	0.000402994033453
4.18265904973	0.105246183171	3.24596278199	0.0918491038357	0.000488187200604
4.09122551829	0.112367927206	3.44454207402	0.0881041011024	0.000446085580993
4.11355951868	0.102669377903	3.3872497684	0.0924866360247	0.000554267916896
4.32507717267	0.110379845388	3.53455805907	0.0870306556496	0.000402693626176
4.3730080614	0.108683063585	3.76525389195	0.0836980296534	0.000275354184719
4.83093479744	0.110017675045	3.64610620854	0.08312602356	0.000291609373764
4.1749459536	0.109434323448	3.42482686145	0.087822285951	0.000491383392519
4.28914446108	0.107235465283	3.40516474025	0.0748695295343	0.000511520731646
4.13453998268	0.109017683814	3.64109128219	0.0856089803305	0.000508044973543
4.08083529739	0.113711369581	3.42270071069	0.0859540564775	0.000443321805912
4.25214347578	0.112375898518	3.52103849935	0.0901322768236	0.000412410290734
4.07361792763	0.106948817063	3.38066744848	0.085709125065	0.000481521990355
4.31946226799	0.108019481953	3.45827420084	0.0824704953993	0.000454787340229
4.15268162881	0.110954947612	3.52215634477	0.0865201678278	0.000407814605738
4.52359321029	0.107248427757	3.59936982017	0.0834137491743	0.000332947738468
4.3516087386	0.112117763927	3.52291304208	0.0890932701092	0.000412384428756
4.16231792626	0.109146231843	3.35433737878	0.0863089905127	0.000518695131276
4.29576645329	0.109030451492	3.34093854365	0.0840235597439	0.000560528665169
3.7233166389	0.107698146243	3.29456138127	0.0913689295391	0.00066572000594
3.93432779077	0.109468131289	3.45270959592	0.0844870999696	0.000527972640263
4.45498575791	0.112605500483	3.65317912324	0.0906632704015	0.000335077404849
4.37555167537	0.107099075594	3.65492739901	0.0866409220355	0.000342500836047
4.44557689968	0.109574008661	3.65534797207	0.0863007536015	0.000357057668418
4.48843953513	0.103759130576	3.64933656338	0.0879240661908	0.000343661024035
4.25761622208	0.107527797081	3.45947322507	0.0863801655746	0.000399019792692
4.45058045418	0.1117047339	3.5466512862	0.0947555255402	0.000328458061528
4.3124196226	0.10992067386	3.73216944014	0.0871616563706	0.000360411877158
4.67838845737	0.109208864219	3.52996905908	0.0916476724568	0.000412114583014
4.16298817102	0.106899245867	3.50407225031	0.0874953539463	0.000371210168777
4.04796051345	0.114418530567	3.22536031655	0.0860950731731	0.000521787721057
4.1285862203	0.109779378157	3.35037559831	0.0859009175821	0.000447583869668
4.15747710436	0.105549306797	3.38879986997	0.0932531824923	0.000465385048934
4.20311514666	0.0998875129853	3.5919871853	0.0855566619118	0.000418376833775
4.34381381618	0.102863835343	3.36341456949	0.0885203985153	0.000440727897427
4.23540484419	0.11103367008	3.44538995488	0.0858330235539	0.000467224680415
4.36942431096	0.107060618807	3.53885607838	0.0874914631025	0.000368290436308
4.29120642791	0.10501172635	3.53462573082	0.0861142226155	0.000429895462439
4.1732000933	0.105310176749	3.56524198073	0.0855258765191	0.000491321989507
4.14838472393	0.108826407535	3.37835364238	0.0873647582768	0.000494956139243
4.28663075473	0.110778354934	3.51206584672	0.0666828316168	0.000423184105601
4.03439404293	0.11073635428	3.40071541836	0.0862427122242	0.000503444934587
4.32553385851	0.11325056104	3.39673982768	0.0872360274728	0.000494769602461
4.35765686998	0.0854607858803	3.54567279203	0.0848743449357	0.000400712410852
4.17765149612	0.109802004516	3.36459211109	0.0866940598405	0.000486070288954
4.21706390531	0.109391009608	3.40871269762	0.0889588312548	0.000492476602918
4.32425343599	0.106962922337	3.32630036916	0.0879485054137	0.000427646186847
4.09529008474	0.111604490393	3.36250195365	0.0859266839335	0.000502133068941
3.71609992594	0.107635797648	3.23443685782	0.0823017272778	0.000524853047962
4.12698928614	0.112264056472	3.25183909751	0.0833783404882	0.00054568631544
4.48557031725	0.108535121527	3.61089727661	0.0856009445563	0.000324090405547
4.02017813811	0.113453501949	3.37403497963	0.0868992559348	0.000500138660708
4.21862668072	0.116496727868	3.44341423097	0.0890778716803	0.000477569917911
4.09185716974	0.1137970335	3.490709558	0.0956555657842	0.000494165107058
3.91574546995	0.104499527307	3.27680683122	0.0845057900198	0.00054210434263
4.17408925851	0.120278905796	3.48288485699	0.0863461610811	0.000421806336459
4.44953952963	0.111749156764	3.42256052212	0.0852309984484	0.000400116840343
3.99331240749	0.112084315627	3.43029058166	0.085055282572	0.000543562833892
3.85401260881	0.115400334273	3.26568205735	0.092334851014	0.000663844182238
4.35101319906	0.122032320793	3.51655075686	0.0849398822347	0.000425723149617
4.39937979691	0.108724569312	3.45009504685	0.0943638837975	0.000378523041702
4.08566061236	0.109438478267	3.40931812896	0.0847567125035	0.000488734444093
4.31980653452	0.11395231494	3.4980483302	0.0880600116111	0.000405161808365
4.22830998809	0.111023615778	3.52250104625	0.0899935550178	0.000433300640176
4.24455333003	0.114417754742	3.44338388472	0.0870636971817	0.000449304611512
4.10804472215	0.112447638823	3.38600693554	0.0853919150194	0.000497415392731
3.87383352134	0.112347563933	3.35873849512	0.087452027129	0.000575761925118
4.27182849176	0.113780552942	3.49749233866	0.0859392682741	0.000427705062438
4.45980132004	0.114018486518	3.67224278307	0.0857656606515	0.000327175296331
4.04290319827	0.106370848161	3.47905528239	0.085699592449	0.00049489694555
4.32066843051	0.112862426373	3.57851125156	0.095541864545	0.000389122742972
4.40286878965	0.112208706991	3.66883621611	0.0848878878783	0.000325790216875
4.01115760513	0.109776693925	3.31415071272	0.0823499318956	0.000524152819948
4.36241069283	0.111692001414	3.51416808077	0.0848014929284	0.000374380553442
4.17472188207	0.110502739024	3.4084051346	0.0861932569992	0.000461709888318
4.31244808741	0.109578119765	3.43455214388	0.0918154994543	0.000483481251555
4.04106292944	0.110414673881	3.37577143481	0.0993102259428	0.000457867310988
4.66030234589	0.114422622718	3.39346007083	0.0883417495663	0.000466521163869
4.11312284389	0.10496925542	3.32885002669	0.0818949046729	0.000483401309774
4.00142591745	0.11308739589	3.45789716183	0.0914363151774	0.000466815414566
4.35466770856	0.113949673347	3.56057695048	0.0843462038983	0.000353828076175
4.01647148489	0.112768860485	3.33583881935	0.0944408837389	0.000522474157237
3.97007592552	0.10809782978	3.39791652004	0.0878604668103	0.000467790103308
4.14598283057	0.108356108043	2.75512108859	0.0895814911925	0.000661068880848
4.13578361379	0.110147344177	3.14303393673	0.0876708144572	0.000475243984827
4.32829256977	0.111510958594	3.3153545046	0.0841959254471	0.000506671395714
4.3149177124	0.108307547509	3.53854054998	0.0809794231051	0.000407390956617
4.29706706949	0.117090045313	3.47747615403	0.0836919156467	0.00044506527285
4.18408286428	0.110225645157	3.42577151562	0.0858137612887	0.000533380890366
3.91782443538	0.10955390664	3.36075957701	0.0916495949444	0.000626012148441
4.09686330365	0.114435089484	3.5388838352	0.0791633142189	0.000415757785474
4.34932108281	0.105977326072	3.48903017052	0.0915265372478	0.000361405955439
4.18409747106	0.103016243332	3.54271651216	0.072597814822	0.000412075700308
4.00046477529	0.120447739948	3.16454025247	0.0877252096721	0.000643923712942
3.9690882286	0.111557417432	3.34922684073	0.0859792889554	0.000538355695513
4.13130034555	0.110055692191	3.32016352409	0.0865056269421	0.000547003833105
3.97031750006	0.109245714577	3.21900004936	0.0857955282517	0.000625344728704
3.77951463019	0.109960779473	3.26465712324	0.0871327738952	0.000586241781041
4.09561714192	0.109427622221	3.24914914909	0.0890506261405	0.000600850847494
4.36091644267	0.113500264957	3.725200211	0.0902417408206	0.0003928574938
3.74257412126	0.111943467951	3.09276037784	0.0879309903117	0.00073848478275
3.83530960967	0.111378318498	3.19012760179	0.0866525153157	0.000607028044641
3.9066070426	0.112099598371	3.30041798923	0.0831684323935	0.000534716446517
4.3841378571	0.110326353352	3.70083554178	0.0894274185786	0.000297628552047
4.41274827864	0.112297144793	3.57641844359	0.0888358277897	0.000334944153484
4.2559995428	0.112473324327	3.39557376228	0.0856553596129	0.000450868748827
4.40843371361	0.108611361129	3.98279124846	0.089564006904	0.000318478814548
4.40255900553	0.110663567253	3.7685258946	0.0853238302245	0.00033883085631
4.6040689844	0.115518471268	3.78359376522	0.0889366691897	0.000276492548109
4.44535520068	0.11186315759	3.49702773881	0.0884444782733	0.000363960168423
4.41064042445	0.112500861753	3.64028677029	0.0847595166944	0.000336793310746
4.40667730382	0.114378815159	3.64184801882	0.0871287341627	0.000356786331398
4.41266035651	0.105880508804	3.62913149681	0.0846409219776	0.000423302455131
4.41346114296	0.11143032839	3.5093695157	0.0870611569115	0.000409906849604
4.41406275202	0.110861134562	3.59602966421	0.0858124466635	0.000412945778858
4.26785660921	0.108495925784	3.53634996722	0.0910144061391	0.000439465755096
4.02313205402	0.116618417996	3.34445274848	0.0855387741453	0.000531240121151
4.73255878527	0.11585855884	3.42769489759	0.0874585543211	0.000337433972076
4.45952613485	0.111348921677	3.6252595764	0.0851050981324	0.00032762540862
4.55689628152	0.110853353048	3.58232051775	0.0820233494726	0.000333368621268
4.26516489803	0.113075427818	3.59790801812	0.0822690507302	0.000409060513144
4.30837572672	0.11406726082	3.43623195044	0.079235477849	0.000473912433836
4.32099930524	0.110622515515	3.64763075083	0.0862797170311	0.000396781995617
4.049536051	0.097473363678	3.30702089485	0.0741293223955	0.000530446515502
4.04910355483	0.110565114552	3.17752954927	0.0844164794046	0.000653281884435
4.05557251852	0.111919745542	3.24755250066	0.0691990141606	0.00057319101177
4.01107631899	0.109695416001	3.442565513	0.0875502230484	0.000520849909885
4.31792888861	0.112042200587	3.56128899959	0.0852884769021	0.000366942959411
4.38693312559	0.109361831564	3.64342966917	0.0816259071833	0.000372255896774
2.91551461336	0.108689476055	3.47036168314	0.0872820012626	0.000422139492376
4.44370040917	0.107064360056	3.61495529884	0.0888627865241	0.000358638832772
4.48327970388	0.115861232629	3.71736997644	0.0862146822542	0.000282422052759
4.52077597265	0.0990350295903	3.65416834949	0.0904639807488	0.000321034107721
3.88212836115	0.107898468923	3.13480551632	0.0872948592016	0.000648602724872
