r_HIS3_C04	K_HIS3_C04	r_RAD52_C04	K_RAD52_C04	x0_C04
4.14248601772	0.105642245632	3.35552368046	0.0881251464739	0.000308047127239
4.1994842889	0.100849011629	3.51317756988	0.083484936606	0.000309652136006
4.42367018366	0.106661613288	3.93370198062	0.0802858422777	0.000235198197229
4.16391789943	0.126055247395	3.26278263495	0.093225890635	0.000303490416285
3.65787433095	0.111525161889	3.28917201876	0.0897592620245	0.000403859903941
4.21391633963	0.110842573484	3.53220843065	0.0856001894523	0.000294063984444
3.70053059232	0.104548237845	2.9002455224	0.0864493364505	0.000530149413406
4.43161762349	0.106021014846	3.58829796613	0.0810583378359	0.000299224594332
4.17144124727	0.112265694888	3.26022976539	0.0850827480574	0.000328020746007
4.1283934892	0.11338442982	3.61976885716	0.0973017717499	0.000290320411837
3.88941017221	0.113107771782	3.24394440136	0.0877988329882	0.000330001138771
4.0934869588	0.110980165643	3.23318354242	0.0829257700819	0.000358626581572
3.9383058315	0.104328879546	3.21567942827	0.0888043774694	0.00043445362179
4.23275674591	0.119638890086	3.22658480363	0.0903531414825	0.000367689904059
4.3722540357	0.122752577642	3.45300845684	0.0871474322255	0.000247121954776
4.0479034533	0.111689424859	3.27428463969	0.0832754926258	0.000372671239875
3.73663912523	0.111609735862	3.12531077705	0.0810559253413	0.000409666689425
4.26932593821	0.109185230491	3.27147758859	0.0733294202253	0.000365966775896
4.09577227013	0.109012810811	3.20039420038	0.0805845965963	0.000407118021206
4.18098779899	0.112157114089	3.42712002458	0.0848039323169	0.000325652094715
4.31237894255	0.109202323481	3.33784131644	0.0763588483444	0.000290236126506
3.92706983225	0.109454589626	3.22240198325	0.0842441618797	0.000419551181738
4.0071391021	0.117043246937	3.14335479075	0.110783446897	0.000358984059816
4.17900253773	0.112999580185	3.24146379222	0.0870969774215	0.000364722074142
3.84998862027	0.115253610372	3.18143360705	0.0796865472969	0.000399067182272
4.33890270741	0.113147196718	3.53940199219	0.0865225803899	0.000234475775009
4.15068436098	0.112206671754	3.39360205656	0.0802238014457	0.00032064368963
3.50720698797	0.108688139241	3.07630330348	0.0938526429457	0.000469683069436
4.29950401042	0.117080478706	3.48365724786	0.0827071693917	0.000270253454184
4.23315154186	0.112106104271	3.32557225646	0.0936108668357	0.000338461205767
3.7048325526	0.109413514584	3.13295860361	0.0820581499815	0.000417518891312
4.23761880378	0.117092846123	3.30275543673	0.0730560205251	0.000338416381958
3.68576463617	0.114097677854	3.14469667454	0.0874193304684	0.000401247781802
4.0344400558	0.111720120013	3.33862116185	0.0871753094634	0.000401041702227
4.13865909508	0.112096078573	3.31865896358	0.0829042025312	0.000326199098354
4.42395723542	0.112652735863	3.69269502127	0.0861627361227	0.000240784875135
4.20707668858	0.113387966214	2.9681712296	0.0790492457702	0.000389522952236
4.34188105796	0.0857389671199	3.27174455492	0.078194636422	0.000370229431705
4.23457336456	0.112258580446	3.48014117462	0.0834484938971	0.000294426228324
3.83289254042	0.110183656517	3.47022942434	0.0845433561782	0.00032322598624
3.89496632078	0.113085233591	3.06283823478	0.1052584652	0.000503448937567
3.90181036893	0.115385810428	3.06512084497	0.0789099851001	0.000451501115933
4.03386885988	0.11309810133	3.24389236656	0.085337462823	0.000357228555165
3.8642383946	0.0982301870617	3.30189711127	0.0824844059583	0.000373403253371
3.65627724877	0.109253844691	3.17571315023	0.0844211540779	0.000444494704209
4.11682749374	0.114188512339	3.27841944938	0.086931095616	0.000334630888444
3.6961329977	0.108123687407	3.14913133457	0.0920442309114	0.000441096335716
4.07145938696	0.114758323538	3.33056236636	0.08950890413	0.000333052915561
4.20246836443	0.103225426308	3.33112210634	0.0676683116092	0.000362526188156
4.00809091872	0.120504586376	3.48944235214	0.085324819417	0.000368576569162
4.21267078504	0.107559195282	3.22459423023	0.0791920327322	0.00035699043057
4.30419448749	0.111916761037	3.43524803397	0.0902481930025	0.000283589528229
4.22412034268	0.113839039387	3.37038611788	0.0827614828785	0.000299830464243
3.56223020686	0.113209695309	3.16240704773	0.0886795486662	0.000388946060913
4.22922517868	0.106664241698	3.33775041848	0.0873833332101	0.000358746893422
4.08136161034	0.112324504379	3.38647561122	0.0832415457947	0.000300278734937
4.11067594324	0.109290998476	3.35592563463	0.0838441572506	0.000379973949761
4.00325362949	0.110324582016	3.2596594057	0.087624475813	0.000341672246757
3.77572368907	0.117297333432	3.66341863136	0.0834576377892	0.000383929289254
4.24602037498	0.110392657356	3.30937761446	0.0862844867867	0.000315238059513
4.75819650094	0.109828369966	3.25984892578	0.0870208470136	0.000305355758755
4.34429289297	0.1051069502	3.44884582243	0.0851196722505	0.00034879629109
4.34956456296	0.101053148992	3.48786517705	0.0875814178873	0.000274074257265
4.08317971482	0.110436104107	3.41863391065	0.060384064557	0.000340323088463
4.37112996279	0.11379341504	3.00881269658	0.0861408214126	0.000503531496839
4.33946715576	0.111693500255	3.15963214948	0.0925834163564	0.000397061971682
4.05415562396	0.108786604452	3.38355564392	0.0885691197006	0.000395609331909
3.68421201998	0.074304143148	3.22710724969	0.090089914831	0.000398548237455
4.06388831941	0.116166086269	3.27645432177	0.0849344501729	0.000342222319502
4.44382693834	0.11178950099	3.26857489806	0.0710832259981	0.000298746038612
3.96398045431	0.112071094006	3.3063774393	0.0866456863113	0.00035178642523
4.29269695166	0.110235403973	3.21208363166	0.0918717712486	0.000307068045995
4.11507124012	0.114578975548	3.33227475532	0.0854877166251	0.000352656829157
4.16070272263	0.114863629921	3.17297658353	0.0978317432093	0.000420043754953
3.79962551174	0.112220837045	3.24276113962	0.0853203367473	0.00043254533035
4.22577737003	0.114425631065	3.43174663539	0.0861525302071	0.0003070518983
4.09832490466	0.110163455301	3.21205379574	0.0870500789464	0.000389664773849
4.22341405084	0.106828028372	3.32918197755	0.0815486012769	0.000329287860722
3.78941180099	0.112222561803	3.03921495645	0.0852073203052	0.000480932861709
3.90243155618	0.109753311852	3.19846697454	0.0871917740861	0.000410547989229
4.08519241034	0.113123922328	3.20741506882	0.0830933162297	0.00037054199808
4.03706397594	0.0996253621093	3.36701738089	0.0844302463902	0.000377143357723
4.26849978135	0.100127998094	3.37483681965	0.0936146356542	0.000307327045788
4.06264461453	0.109819556409	3.30657070381	0.0862352312632	0.00035138036542
4.04523971259	0.110102017008	3.185225156	0.0835276527882	0.000311950453924
4.05846531388	0.115702050506	3.25479501903	0.0913789856499	0.000386945876815
4.15789761804	0.106074435929	3.49121956305	0.0835905225809	0.000300321393378
4.58482635018	0.115315531346	3.65131720601	0.0864757160667	0.000226054025926
4.07113085051	0.106823926181	3.21194245032	0.0873674730986	0.000314211592346
3.85572139129	0.115980548878	3.20485835778	0.0804102348374	0.000415119194563
4.00258846063	0.11120092083	3.21314461839	0.0841252520939	0.000420310724614
4.17009344255	0.106566358205	3.57307312853	0.0914613800447	0.000340648645937
3.36885242599	0.105449091621	3.34534488789	0.0829255251756	0.000337644898645
4.03205306589	0.115761682362	3.24059043554	0.0851056874349	0.000397315480041
4.0214429455	0.10754602437	3.17336257765	0.0850606050778	0.000467368053773
4.11755952561	0.109230524776	3.08631779216	0.0887401351407	0.000433788736582
3.91488013881	0.106596257024	3.09392215166	0.0847524984756	0.000511366276801
4.6145195053	0.115521935454	3.24989571826	0.0827890896175	0.000323635717279
3.90888401106	0.110984676222	3.17697506957	0.0929353896361	0.00041776823845
4.25506682022	0.0957111230842	3.26774689666	0.0864738081242	0.000369061471323
4.01479780756	0.103037585547	3.25494357169	0.0860106554027	0.000367274309672
4.26668229216	0.108720085508	3.29266404927	0.0706902285141	0.000276987531495
4.45497338845	0.107520590612	3.52477078379	0.087314898345	0.000256183581408
4.37223144056	0.112519409919	3.47657803674	0.0845215492157	0.00026675103774
4.31919929205	0.110315449925	3.46563480066	0.0920317742537	0.000227045542936
3.79566808349	0.0993531264973	3.05519712061	0.0821758504485	0.000556650488363
4.08859501507	0.105524564082	3.35994004667	0.0865590672117	0.000424585706294
4.12227169117	0.111603297029	3.29970960775	0.0889893187581	0.000347271334109
4.04364345557	0.113533405446	3.24983463727	0.0853612332139	0.000393329664192
4.18292372051	0.102834824078	3.53533828373	0.0855998739556	0.000267593082515
4.08438512558	0.115222836991	3.23887617176	0.0779153745054	0.000443718751925
4.07462952099	0.116385305302	3.35632189957	0.0829425407989	0.000383100775438
3.88923579748	0.119243156531	3.1918465793	0.0902848896559	0.000390557468094
4.25202836307	0.123752694593	3.39679161295	0.0910835316279	0.000299822123058
4.33581728191	0.108871800884	3.71840583991	0.0857279142014	0.000248764516358
3.28913155632	0.108501715996	3.27542364648	0.0840336624726	0.000374817971506
4.3272681997	0.106455539939	3.3998021169	0.0909368754754	0.000252562114934
3.98472088504	0.107539683048	3.281614348	0.0894837801585	0.00034889674504
3.40401436928	0.119747299968	2.80877386828	0.086404299861	0.00073937304995
4.23748578018	0.149876305594	3.41980717445	0.086211195844	0.000398346295776
4.05868861368	0.114059233733	3.52908881787	0.0863830358085	0.000409207753923
4.19936139924	0.110991072814	3.26943951601	0.0834258327764	0.000339758431496
4.28286258463	0.116664225958	3.63170932001	0.0805460624391	0.000222875519974
3.89430178356	0.101541634283	3.40487996757	0.0849889552506	0.000421799214134
3.98693363328	0.113607273859	3.0551089539	0.0899442108447	0.000406198794475
3.56274964477	0.113246739058	2.98776386063	0.0841505047626	0.000515342576962
3.79406355436	0.107630286624	3.1143328378	0.0854719293932	0.000508278132949
4.01884385574	0.112449339553	3.18478942087	0.0870552867759	0.000392391030489
3.88625073803	0.115143476918	3.19570983354	0.0888265080723	0.000489816075057
4.10571436782	0.110819847153	3.49544782623	0.0851790009367	0.000293625366274
4.38731335932	0.11393155088	3.39691388235	0.0875482102773	0.000260007451935
4.14608952384	0.114097005091	3.08562968255	0.0876088715935	0.000341854424945
3.90297029545	0.109835137471	3.39666255678	0.0836862176966	0.000291582057192
3.91633664941	0.116069160687	3.26298457834	0.0785873346714	0.000446693255689
3.99940219377	0.11565115949	3.08887891092	0.0861547497861	0.000417128620781
4.26539018681	0.116592002154	3.47676164369	0.0863228739349	0.000280432021909
4.12870080638	0.110161689536	3.23042240145	0.0852533391971	0.000427574952545
4.2770396607	0.115416018476	3.31747636976	0.0800608415237	0.000268268954996
4.16834499845	0.115731510511	3.5506386995	0.0862013619851	0.000278885624683
4.05761042123	0.117650925343	3.17279120114	0.090486602814	0.000428252222902
4.16691665329	0.113806341868	3.30770681375	0.083956383237	0.000342529583143
3.9588926049	0.11334739248	3.22531690795	0.0866851948398	0.000398973511033
4.13524815141	0.112373483826	3.36506022363	0.0861626066097	0.000350699061119
3.6790585675	0.113054878232	3.14645876168	0.0913537540064	0.00044390338436
4.13845998867	0.103949743022	3.41852729869	0.0844876029569	0.000304733846521
4.08218526629	0.111077946659	3.06123005889	0.0843380687098	0.000389402223931
4.05550447243	0.113848367537	3.35868531908	0.0786154024235	0.000369751165452
3.84840682778	0.112113796366	3.32293311322	0.0872211567578	0.000347352289763
4.24765537509	0.12387849544	3.35755988982	0.0791176121907	0.000325691043955
3.96598004353	0.108864153471	3.19079616208	0.0844302594054	0.000394913328953
4.21936100979	0.113963749497	3.24161756298	0.0910562438626	0.000330395936039
3.99914503942	0.113183985808	3.21520941533	0.0855936817427	0.000401000370205
4.19614383547	0.109502815112	3.2517022173	0.088484842	0.000355731732567
4.27174119464	0.113932847426	3.38562543837	0.0834159585301	0.000311937051642
4.50992240974	0.108726658784	3.68765351441	0.0836797410905	0.000214208349717
3.99863868006	0.112873258284	3.32668118374	0.0880134660822	0.000376467108079
4.54878962888	0.107628223111	3.28651533503	0.0810903060829	0.000337765605845
4.12587046186	0.111746874916	3.41596299051	0.085218502545	0.000336498995671
3.9117111146	0.112971866802	3.21485715969	0.0820238584451	0.000425699544458
4.15576348965	0.112134405759	3.24306181254	0.0984639652591	0.00034305962511
4.26490024888	0.108548650267	3.48269238938	0.0841684419055	0.000296877512437
3.96395163987	0.112112514236	3.13083989521	0.0954712194488	0.000445050373746
3.83684760722	0.112304026888	3.08067515157	0.0806532733452	0.000486748334079
4.22322634641	0.110964320409	3.43908529367	0.0879840094223	0.000330180304626
3.98140942409	0.110983130325	3.36636906429	0.0882661049289	0.000311367734203
4.09165893369	0.103983727868	3.50895196448	0.0818325119507	0.000335004453139
2.90695728146	0.116217902944	3.21924196104	0.103492865528	0.000357404808462
3.34756237338	0.113972528429	3.0724025435	0.0830729735355	0.000538682931295
4.19369626458	0.110389122479	3.246550482	0.0905983519578	0.000384991991654
4.41803793207	0.118642640559	3.50487261903	0.0812258648316	0.000216246689527
4.43204012695	0.10987081288	3.39155464414	0.083259934457	0.000256820308575
4.36858657043	0.108546327712	3.52294821954	0.0838536480116	0.000247028596786
4.10729541523	0.111333429173	3.32600098097	0.0853339453588	0.000339891206725
4.47647117628	0.111984296356	3.13636212182	0.0896300860463	0.000382211116734
4.26059137483	0.102199796287	3.2990222814	0.0841179552103	0.000358046918575
4.26744204235	0.125671265643	3.58872723899	0.0862542270455	0.000271513023011
3.85825397324	0.114819258241	2.99417867209	0.0865953661658	0.000547113937454
4.18731040571	0.109683230245	3.45076703306	0.0812612448654	0.000343344451657
3.92315766264	0.111231927681	3.54030183046	0.0838998299479	0.000417418346231
4.08891843922	0.111796901235	3.28008009107	0.088348185619	0.000358052120151
4.17562284671	0.113257308845	3.20420553567	0.103076503901	0.000377355127248
4.08701192536	0.112193702677	3.15024257632	0.0834424234987	0.000395596636517
4.21519360858	0.110069954214	3.34276748085	0.086036575993	0.000281818832041
4.24396728153	0.112100580579	3.37024235883	0.0923498435408	0.000317945764835
4.4548160266	0.119785903884	3.74949060055	0.079922386502	0.000260077478821
4.08037253081	0.113765513205	3.25322735067	0.0873972033789	0.000312953746197
3.97103277236	0.11397548556	3.16400525969	0.0825730907332	0.000422130114199
4.23175586491	0.13006712382	3.36590494349	0.0813571115688	0.000313002480299
3.95613183439	0.116031592175	3.21031911289	0.0873136515575	0.000403377224829
4.07867938306	0.110133359046	3.10992490087	0.10739595367	0.000411237070477
4.14431458002	0.112369354743	3.27920589631	0.0925009403493	0.000364249292494
4.21092154988	0.115883650156	2.82157529678	0.0841117293466	0.000432710337329
3.95577338301	0.112832532678	3.21250513183	0.0823392166687	0.000390782701648
4.25385217571	0.108052996523	3.25096440389	0.052241706892	0.000370770801267
4.05983874711	0.111610795752	3.34866720177	0.0939367668183	0.000332390920432
3.77184685079	0.117315382285	3.1358459184	0.085296807042	0.000469993147269
4.12460126763	0.114042141805	3.26853725435	0.0837076692119	0.000309355578811
3.87278791022	0.113986676406	3.37638931829	0.0832282555991	0.000367544095217
4.32629071138	0.105648988521	3.29827851033	0.0836707211207	0.000288495825111
3.97204066831	0.110156124199	3.12937389834	0.0888153996805	0.000527470570531
4.14289279829	0.108102198834	3.12394252119	0.078966903835	0.000481213471801
4.28481431015	0.110932912804	3.56585130171	0.0878794262478	0.000262917387031
4.29360840148	0.108981461383	3.33237877707	0.0846942065502	0.000261427320931
4.12134260621	0.111529233756	3.30617080335	0.08519363481	0.000312688834225
4.12323548839	0.109361849199	3.36433698998	0.0944850533595	0.000312521232819
4.22981537452	0.107587491957	3.49708479373	0.0748472819572	0.000315677263932
4.37688863926	0.107679451081	3.30044384413	0.0842267149192	0.000331697584703
4.24464380153	0.114944808251	3.3468479612	0.0856200639192	0.00028286484386
4.19135591177	0.113459159264	3.3544614918	0.0854238277489	0.000379634011516
4.13077197537	0.108728072563	3.28284992507	0.0854204735304	0.000378784771414
3.74112843041	0.111251454209	3.01216645202	0.0867468180987	0.000534719384761
4.06034217447	0.110345311452	3.30504665768	0.0862830914795	0.000369580060913
3.93927445425	0.110606943696	3.22669873787	0.0939219974721	0.000450743255421
4.1208302073	0.111081051634	3.3416424244	0.0895103681856	0.000343172099623
4.28382512524	0.114705623584	3.31421764483	0.090598485349	0.000296805946008
3.81533733672	0.113688244296	3.17473923359	0.0897906618987	0.000394280578917
4.03568393797	0.114319486859	2.99369522766	0.0821427027093	0.00037702313949
4.38475764206	0.111143068077	3.43260083333	0.0892199912907	0.000266701245621
4.58045183059	0.114305900937	3.75965111392	0.0826721180541	0.000277113867911
4.34975734956	0.115816501879	3.32466865593	0.0984036785363	0.000342318542799
4.18659031882	0.11248585231	3.28185558577	0.0820411310344	0.000277025916136
4.3241613916	0.111316092909	3.58799169063	0.0892580160072	0.000331608913115
3.95391977573	0.10865400094	3.29671567025	0.0871200044863	0.000424721727847
4.01717958655	0.107843286201	3.16251861285	0.0847554678471	0.000395174548127
4.04698993914	0.108682972511	3.265968123	0.0879249699797	0.000355930549898
4.11384849391	0.113011057167	3.28460276496	0.0870849536988	0.000355186952727
4.48966794334	0.109967980243	3.26790474565	0.111997822501	0.000344505958258
4.25304542134	0.107958994079	3.43167183905	0.0876032798752	0.000290474653989
3.93525717851	0.093342570986	3.20595689385	0.0839677663604	0.000453915568095
4.04782426187	0.109563164695	3.2865678825	0.0823159685285	0.000336883847578
3.7551090227	0.109536895187	2.96517458567	0.0846401136205	0.000589545418131
3.70501855909	0.100708199274	3.25013926573	0.0765096588375	0.000402337222693
4.31572148172	0.107764048824	3.31505373876	0.0843735726299	0.00027010833
4.29311881751	0.115438119483	3.1689939692	0.0840928964525	0.000306553435478
4.24255338606	0.111532904048	3.58644275695	0.086833609336	0.0002966203865
4.01648100161	0.11363624236	3.20279568125	0.0774953298021	0.000416979363779
4.10441417794	0.119759836525	3.32170155034	0.116113648807	0.000358762868676
4.19904866369	0.113347934915	3.27704987372	0.0845432688632	0.000351699762571
4.35488402757	0.111824546231	3.36477037223	0.088709240804	0.000314053308055
4.26057289536	0.117345311224	3.18826750174	0.0886980627807	0.000444096644401
4.08584338658	0.0961825047224	3.26805066048	0.0885746427111	0.000392896456774
4.38732846829	0.110806576755	3.46698213501	0.0861798224686	0.000268944206582
3.99038399307	0.111746687536	3.30989970109	0.0888030035418	0.000347621003206
4.30965448489	0.111412349951	3.38677120588	0.0859222700108	0.000328626020961
4.58862228359	0.112174475503	3.55041886156	0.0888785124797	0.00028328518634
3.9666122285	0.109703169006	3.25705194643	0.0859337101627	0.000348880578316
3.8734035371	0.106615162794	3.23137772404	0.0921308790666	0.000409682765555
4.17760287388	0.108712712488	3.29896568781	0.0895093095143	0.000296470995691
4.5146107295	0.110326309519	3.52252348843	0.0831887761556	0.000263878639285
4.63968907543	0.109327708389	3.50348445429	0.0839065532434	0.000209558610395
4.20273764778	0.114273893578	3.16422036917	0.0858298879195	0.000356242695932
4.05013631261	0.111997998973	3.16710103116	0.0897505028899	0.000479990695332
4.13339510263	0.11626784394	3.11040034689	0.0922912386386	0.000400642323912
4.49891613575	0.107931637075	3.9958148325	0.0882952408876	0.000197714141039
4.22094451872	0.113902838275	3.40024456557	0.0885412905667	0.00030738241851
4.37619548079	0.109914074661	3.54195364945	0.0874776404785	0.000322779775381
4.12595994601	0.107379333758	3.26557009508	0.0881284000621	0.000332502180152
4.03296410226	0.114460717293	3.23792806245	0.0910172334472	0.00037654668739
3.96465268797	0.11117703987	3.14594466629	0.0828772328613	0.00042296320986
3.92913291887	0.110524122816	3.05429091589	0.0893259908142	0.000507092529694
3.81640607407	0.113633407713	3.22133826155	0.0892851228009	0.00045648481673
4.24696807015	0.109371409666	3.39526349743	0.087402142252	0.000295071614488
4.02488565239	0.113158668361	3.38713083776	0.0836751362831	0.000465528050144
4.15414462099	0.115578682133	3.22772632892	0.0798407246013	0.000344680074757
4.09151964256	0.103668988778	3.30516303394	0.0844151761324	0.00034412479989
4.05183893553	0.11458353198	3.34028833141	0.0850879212588	0.000406907816695
4.43705264024	0.124509322871	3.68432865162	0.0850157696782	0.000203478417367
4.20363346311	0.111134319648	3.35879906087	0.114570548032	0.000347793881156
3.85844877588	0.112905902589	2.85015134933	0.085582873439	0.00053433772422
3.84993624217	0.104448742824	3.24493570973	0.0847965614408	0.000351384385384
4.24675064072	0.110455555608	3.46640061911	0.0856369600404	0.000300669444517
4.18006918941	0.113081135783	3.31703014753	0.0840124046896	0.000324991340812
4.1859969178	0.109653188934	3.3221752322	0.0859021293768	0.000398302237444
3.88109266819	0.110953076623	3.09741213197	0.085572389318	0.000512075455719
4.09003148641	0.111688628921	3.25498392034	0.0890688462746	0.000378177223006
4.02322272219	0.12436781989	3.24141354488	0.0870514852044	0.000370791909184
4.05658810162	0.111502000755	3.46333779952	0.0861516873157	0.000275109772003
4.23762683182	0.11187522767	3.353485794	0.0836136975325	0.000342742411081
4.16737598021	0.104550331133	2.83945568748	0.0847667275882	0.000346781711454
4.58478386151	0.100925943767	3.25526200727	0.0843037786958	0.000195173511952
4.33747722408	0.10838804676	3.3157063486	0.0849765777925	0.000321628524771
4.17821014526	0.109655436374	3.32176170873	0.0918625178445	0.000320956172181
4.32244473333	0.111158774145	3.30875489532	0.0969078162528	0.000328052064337
4.25697614807	0.11048107401	3.47508247611	0.0882428197947	0.000278059638148
3.88355081216	0.09882362306	3.09328723692	0.0860246135483	0.000468055912141
4.04953430487	0.110590337831	3.24820868965	0.100363805285	0.00034830639018
4.09696729394	0.10824423271	3.23589677687	0.0930249812248	0.000364175691549
3.84254933628	0.116577361691	3.25646631648	0.0829296993805	0.000399469442562
4.39595194552	0.112468005537	3.45682170922	0.0871819889372	0.000269666778906
3.80577577514	0.113424173236	3.0643735941	0.0879955746978	0.000465357223769
3.93658605376	0.11111009695	3.03118420914	0.0864812048814	0.000387753925598
4.20559058266	0.10440643326	3.32490826464	0.0847554226566	0.000289055827395
4.16643600647	0.113247931712	3.36662761011	0.0840052790477	0.000316323574446
4.1065823204	0.122781207777	3.43721807291	0.079143338353	0.000323763679069
4.10201089652	0.112011267041	3.25488815637	0.0826917246557	0.000374239500295
4.01776573012	0.11388238953	3.38833840157	0.0824028776622	0.000361842201101
4.39085178359	0.11131785329	3.05264327596	0.0852557678432	0.000473980795937
4.28475211514	0.107181974196	3.36261635732	0.0867090767689	0.000320912441686
3.82822387611	0.112912350642	3.15542037776	0.0839504999257	0.000507735341114
4.0749533741	0.10801134638	2.81470729386	0.0911082619742	0.000366188861191
3.9840531567	0.112788508844	3.51730629127	0.0785425996452	0.000460549428485
4.288861127	0.105346341143	3.28451269992	0.0842212131097	0.0003442741856
4.05314853148	0.118710307772	3.12144706102	0.0884590048875	0.000389681144996
4.02728631893	0.114300063327	3.23370153181	0.0838415933811	0.000379091897851
4.4404073611	0.117388952669	3.33248939207	0.0839033918536	0.000314706483652
4.22423976058	0.115649252758	3.30275274905	0.0887496610942	0.000334483339265
3.84982498966	0.10344427765	3.11775195081	0.0847033700053	0.000366740551972
4.03678183386	0.116236399597	3.31743538185	0.0852222460607	0.000282806412255
4.49491154117	0.116993870807	3.27717909522	0.0736365575572	0.000317072948795
4.18130714456	0.113046050652	3.29726241308	0.0839662070598	0.000296985518782
3.93938691152	0.112361977676	3.28152628158	0.084859735349	0.000369677668024
4.19247111239	0.124661543272	3.31503635071	0.0899742751111	0.000330580437101
3.91992316198	0.106779837647	3.23011179533	0.0843537281222	0.000383151632894
4.68960287639	0.111225674355	3.14778383821	0.0832781281458	0.000418962199283
3.99873713385	0.11287602795	3.27512970694	0.0836005841154	0.000361151548691
3.90714309112	0.101075371582	3.24754833087	0.0864595142134	0.000385110617741
4.21557137335	0.115205220208	3.48963339829	0.0978202986782	0.000303656853029
4.23183206874	0.108211650353	3.32761848968	0.0851193937855	0.00032066337231
3.94551939813	0.11345504973	3.31718716584	0.0818884695252	0.000350479654501
4.17305577283	0.112647321837	3.18948244667	0.0838191719883	0.000365112532531
3.62399284546	0.113841289129	3.03520994594	0.0883831858155	0.000488739814683
4.09045424196	0.108903081313	3.22988178789	0.0844240133562	0.00034374617727
4.64242269243	0.108902544707	3.84609572824	0.0802692146905	0.000182199160545
4.22456407669	0.133309771899	3.10918248975	0.0861915300473	0.000473286928765
3.8856583935	0.111952009611	3.02921438591	0.0858549949434	0.000441020892908
3.78967541608	0.115633640132	3.13249976017	0.0799806474746	0.000414141649241
3.87613959936	0.114666732845	3.16138211451	0.0901275016712	0.000397636003531
4.09726521103	0.108379197424	3.25742432151	0.0835600936732	0.000375606066807
3.78077010353	0.106202004538	3.26631088929	0.0848022695193	0.000443828141801
4.27496454941	0.100210279976	3.24955516914	0.0850010987698	0.000406799567439
4.06338856599	0.111303657616	3.20177140174	0.0837593541933	0.000387453373074
4.07609437272	0.112029612789	3.16231744459	0.0807359161736	0.000394442303866
4.39356116134	0.110115218687	3.36113596971	0.0877486906353	0.000287151673824
4.55970866344	0.112605931201	3.6378246032	0.0798119616208	0.000220843801838
4.67660836516	0.110744015694	3.54374355329	0.0800145386772	0.00026461791288
4.24674018239	0.10588397952	3.40448903091	0.0741863580245	0.000305995376122
4.33936361565	0.101696315299	3.32172728017	0.114438530597	0.000291430410785
4.3572113541	0.11197213113	3.39953366137	0.0737377232484	0.00026419734815
4.11413282622	0.109161610943	3.31182296125	0.0894116183504	0.000340968073827
4.33317429158	0.105415887855	3.81099028784	0.0814838808563	0.000270264590853
3.7936367617	0.111611625659	3.27584448792	0.0857337240436	0.000424127295041
4.21389001038	0.110342199507	3.36172801425	0.0807889904509	0.000288744224261
4.29623908986	0.112333544023	3.12622287293	0.0847409234104	0.000422373672343
3.82162301865	0.111653974364	3.42621183487	0.0920761614918	0.000420884487257
3.99090322332	0.107459203283	3.08850436975	0.0886900904392	0.000458838454739
4.23229745316	0.112602307287	3.51846600343	0.0748138240641	0.000271306899673
4.06332820856	0.1119772608	3.21449447631	0.0909598092694	0.000384109236638
4.33878439691	0.113116895264	3.23332681056	0.0868973033237	0.000414911393606
3.94810980937	0.142104915847	3.31721416589	0.0940956719891	0.000378692468852
4.25557793667	0.114670463535	3.34466119388	0.0727717901607	0.000370932636359
4.03935940434	0.103110337137	3.04241517573	0.0875703958287	0.000419802546252
4.00576264294	0.11207055279	3.3614957568	0.0862942019985	0.00027757044965
3.87338132647	0.109972101156	3.24559789897	0.0808883644475	0.000362939269826
3.67978053718	0.114488467849	3.21216902805	0.0865761866635	0.000426733665867
3.85497536237	0.111541887808	3.17661003865	0.0849774683559	0.000445073762438
4.09574473822	0.110454180499	3.19582385335	0.0784618441457	0.000318885804129
4.32655884454	0.111503255263	3.86595869119	0.0851649299667	0.000249972918683
4.16500244954	0.11106928051	3.49935693279	0.0729306723533	0.000284724064086
3.99165603027	0.11265686375	3.42256720646	0.0812828993724	0.000358687325273
4.07782631099	0.111986400028	3.03833140398	0.113811126881	0.000411636487544
3.96092477183	0.10764014412	3.1991644731	0.0832187671206	0.000407824818468
3.92105816119	0.113165536962	3.32442863965	0.0852969801771	0.000343394181167
4.25225792398	0.114382287385	3.3719513264	0.0767239034621	0.000298711630727
4.66725948931	0.110172127127	3.73315148182	0.0860927789817	0.000229982385871
3.87136186891	0.102840969918	3.09161207396	0.0809049221733	0.000411401713744
4.18915287367	0.106661365308	3.30865224245	0.087247406625	0.000332849167963
4.21086534798	0.118166664175	3.41686097264	0.0405500423966	0.000270532621092
4.41389349928	0.133280032946	3.43448357107	0.0840631399033	0.000260584193555
4.39055331927	0.110618143332	3.47883254017	0.0849274331537	0.000256336565933
3.88805164506	0.119662034186	3.33336664452	0.0745112651942	0.000331856454218
4.46936196827	0.108716391574	3.38499338465	0.0847609920934	0.000217696489228
4.15211354843	0.105784089537	3.18936697783	0.0669534152959	0.000383420216167
3.75000914352	0.116672241107	3.23798230795	0.105500395688	0.000377721709643
4.6365382378	0.104573977671	3.30682548556	0.0833484572609	0.000329618987862
3.94973065549	0.110097663559	3.16484495046	0.0817026881181	0.00039810650236
4.42293543529	0.106583186496	3.48883542315	0.0842793945522	0.000329291564317
4.19546838912	0.10961602711	3.20134852976	0.0857926658813	0.00039046950708
4.4867348072	0.115569156159	3.39900009301	0.0823009512211	0.000295238118151
4.2152262038	0.104561327629	3.26110609447	0.0826231714776	0.000420303494449
4.00583668291	0.106173669369	3.1758222262	0.0836905850292	0.000354312894911
4.21021432356	0.114966688877	3.30748024925	0.0900741494045	0.00034405996987
4.18863194112	0.105278093801	3.47596378816	0.0846869865134	0.000351654425123
4.11911439995	0.131935632533	3.21610163157	0.0853657106706	0.000406083879256
4.22464753416	0.112942369756	3.21785543347	0.0861107783656	0.000327258002425
4.12090386207	0.114084311522	3.32662303336	0.0845366315944	0.00032462496148
3.87683437771	0.115259064296	3.01295297686	0.0854290964099	0.000525838166031
3.95217381024	0.110244488487	3.15204074408	0.0829430033681	0.00039154607065
4.33800591959	0.109483063541	3.04024544747	0.0711474536923	0.000255907254166
4.25728862191	0.11176534951	3.31633857488	0.0763542416284	0.000325909560197
3.76184261067	0.11562379075	3.31616766877	0.086058272254	0.000438404967704
4.04847478087	0.0852644803164	3.09528233418	0.0880531192362	0.000489521824262
4.00167165008	0.112353589152	3.28536700428	0.0929633227132	0.000386094374751
4.1638055935	0.131407025548	3.2797394716	0.0830452696908	0.000335827186868
4.07676193409	0.111408689006	3.22150663751	0.0817698232225	0.000403967607684
4.06379880754	0.108747075914	3.49109958814	0.0871689436167	0.000267482191424
4.11957666987	0.116351471266	3.34622856801	0.0896924209583	0.000346400060261
4.05723171034	0.112024001551	3.32934555584	0.0840316152285	0.000366688742339
3.9095125139	0.113740488448	4.10188803021	0.0832956083003	0.000322443752438
4.00611143194	0.112284752461	3.18215545682	0.0865173527341	0.000413252680772
3.84515094461	0.109293463644	3.26372311466	0.0890434531906	0.000357167909975
4.33814580448	0.105629621438	3.41851261407	0.0843341510417	0.000291083289778
3.95655370705	0.109308309267	3.38675605513	0.0846064415545	0.000289008935841
3.9781713313	0.109652677214	3.06188591932	0.092285047714	0.000498708761245
3.91788884899	0.103884186874	3.25520613434	0.0913807680416	0.000374083736084
4.01018355618	0.11491839045	3.8323972509	0.0832979643477	0.000317354216579
4.13598344315	0.107716349997	3.61687319017	0.0841725819851	0.000188973507847
4.1587260033	0.122403263719	3.19693772934	0.0698981566825	0.00033282689395
4.18362602603	0.113551994667	2.66687014216	0.0798263903605	0.000315035443235
4.05182757779	0.127730171954	3.08747757232	0.0832993112896	0.000426717357486
4.49157880858	0.114981715415	3.4819793326	0.0831999631389	0.000250269347157
3.9782142719	0.111333243416	3.14399010193	0.0864520758923	0.000447700029116
4.42564268953	0.113712859397	3.23198787893	0.0965372880183	0.000332642686069
4.29430528448	0.097641919034	3.58195339837	0.0901872157155	0.000320877809926
4.12235553573	0.112400398797	3.21349746477	0.0868336985625	0.000321126641354
4.02817830262	0.115985536551	3.26548235368	0.0878549764756	0.000359907234382
4.18629006311	0.114231203192	3.44358817792	0.0863703180012	0.000298487579513
4.16538578592	0.099514748962	3.34212569717	0.0818873344082	0.000337869999755
4.20215382182	0.111368852465	3.18739875687	0.0908426818893	0.000389190476099
4.11989932419	0.109366933565	3.58101827399	0.0728926448906	0.000281924795924
3.83131186729	0.0932859457094	3.12024403513	0.0830211274289	0.000470438813523
4.04834137357	0.112083341733	3.14175213453	0.0842279501611	0.000406182734046
4.0622216008	0.100524629753	3.13216616387	0.0679502070039	0.000431098693027
4.15074924451	0.105895446812	3.1728017859	0.0853245905209	0.000405170036786
3.42709329096	0.10337349521	3.18926248874	0.100971956961	0.000396750274982
3.96417210083	0.116576083434	3.19656465111	0.0892858540424	0.000419359912553
4.2372122155	0.121139813297	3.29766640451	0.08772356711	0.000341383360915
3.90229725852	0.132024085364	3.19040771517	0.088725711233	0.000367164790169
4.13551140142	0.112882869743	3.32089901137	0.0866892532663	0.00035330485775
4.40624401066	0.105192914651	3.54983754865	0.0773361772791	0.000233340137245
4.25298477295	0.121817473366	3.39960884556	0.0856257232816	0.000310814988597
3.97156014554	0.110833851762	3.10649500012	0.0923400253606	0.000403501263263
4.70894454822	0.105823613321	3.3922768114	0.0770317509871	0.00027640261603
4.26169646085	0.112748883052	3.19722124697	0.0926591977156	0.000364582448422
3.68767090409	0.124491596969	3.23380548491	0.0868224880411	0.000503211218223
3.60291796451	0.111437381799	3.01839741466	0.0945813555631	0.000501523041763
4.03298065692	0.112186881136	3.13558741594	0.0864656457693	0.000431334650947
4.33141634365	0.115099971592	3.45686435786	0.0893567744196	0.000254003976511
4.05448726435	0.110688624537	3.25919710431	0.0841916922596	0.00035390823761
4.12866540246	0.110595528639	3.40431420969	0.0856390051243	0.000338216572225
4.14294678087	0.114139295439	3.23299362595	0.0853330973517	0.000366741226865
3.84645177597	0.110454622607	3.30828381942	0.0798160526184	0.000408006891988
4.13346374103	0.113366890662	3.19594450567	0.0838791446838	0.000422193146612
4.17690298124	0.117911972966	3.2575950829	0.0854722938203	0.000363870962227
3.55536112144	0.106362429743	3.19779214468	0.0862963778416	0.000354961480429
4.26552273384	0.0895898065631	3.40836561496	0.0825418463865	0.000323091675021
4.21492009967	0.116350818811	3.34226474821	0.0878391473841	0.000333153379626
4.15412782148	0.10929245222	3.2857519803	0.0785354905472	0.00037677914136
3.99246069276	0.110856826916	3.19729685302	0.0903338814658	0.000404880001705
4.15577515644	0.108745625504	3.46557283108	0.0901262660514	0.000308667535092
4.02853827803	0.113103228516	3.27169193403	0.084706514168	0.000366380000569
4.06684072412	0.110448331189	3.53691354844	0.0792563153345	0.000292813379357
4.28677816806	0.119757465795	3.29764134297	0.0849203981733	0.000327098735979
4.01565254558	0.115938446612	2.86624358523	0.0841292503775	0.000375734254511
4.33402684275	0.10462752032	3.49027629918	0.0864716285772	0.000317544258392
4.41932155381	0.103675628686	3.2019078337	0.0834226825536	0.00039736374594
3.85294004829	0.109259070573	3.13189909502	0.0878630575891	0.000451262950292
4.09205442183	0.106400077345	3.23449572759	0.0845625929422	0.000388513421401
4.38245118555	0.112201800397	3.25088141156	0.0843785320277	0.00029574569633
4.1076322454	0.111239677461	3.31087900394	0.0769772408422	0.000344167662774
4.28761710168	0.111820759948	3.43307570258	0.0886886754196	0.000293321074973
4.05968154402	0.111339572377	3.51681131642	0.0870616107809	0.000301865726202
4.02588808541	0.109775515588	3.24123050081	0.0854514997648	0.000363038697215
4.14872516201	0.11443822649	3.37341139872	0.0804074940611	0.000308951101479
4.4806592457	0.114197114174	3.65342014262	0.0991647409999	0.000255481228921
4.22878345708	0.119082884027	3.32134532956	0.0854769374943	0.000351227405371
4.00571060806	0.113199140748	3.2134594991	0.0844399118775	0.000445049065017
4.17217859753	0.106774357429	3.3867061904	0.0838713178751	0.000274643394464
4.30546279604	0.115243739921	3.35123519651	0.0865757061212	0.000349892086144
4.17808398562	0.101949808007	3.30155443795	0.0798992774509	0.000283961784704
4.16252685595	0.112208006076	3.15818055435	0.0830477127798	0.000348955827916
4.09529269777	0.108350120088	3.56474813329	0.0821439690426	0.000289589191647
3.79194570183	0.108882747679	3.33901848376	0.0860390526453	0.000327318302272
4.20913480583	0.107867667968	3.30095363233	0.0844111844191	0.000325902318671
4.16725261614	0.110797175916	3.22795102271	0.116369575922	0.000333949677861
4.01239408271	0.118394479469	3.16878339132	0.0751008643334	0.000447154268511
4.34836089743	0.124367316015	3.47840456293	0.0774990172426	0.000235535519671
3.72793157383	0.107778380586	3.22555262574	0.0901110448433	0.000316767502647
3.86791171876	0.10526959652	2.99781417936	0.0845337827401	0.00047083051832
3.82916591315	0.113326984734	3.0974629775	0.101093360461	0.000434973761803
4.05177701472	0.109056922517	3.21147648961	0.0929816260144	0.000404010506356
3.90635507449	0.114564414961	3.28065094485	0.086297822633	0.000403728045149
4.27395592759	0.118226943437	3.32142569052	0.0742231035631	0.00034506040319
4.13431967369	0.110509278556	3.3582192122	0.0846387746883	0.00031537026625
4.58626663868	0.113663687956	3.23512921486	0.0939635173967	0.00044897300152
4.22232562523	0.111319555846	3.30379739321	0.0842931877921	0.000322003582725
4.20584864725	0.109228698286	3.19396624092	0.0875112879238	0.000319100337784
4.12218750879	0.111563751916	3.12439421556	0.0863198703989	0.000379468349809
4.13597566601	0.110582552684	3.24356125512	0.0836638024918	0.000318823034822
4.20741193859	0.115634663777	3.49264370103	0.0760054815268	0.000308797176144
3.46799119793	0.103033733605	2.80386837182	0.0818376594845	0.000597289097749
3.99167788635	0.12566457149	3.22858460122	0.0869253642384	0.000384218702409
4.19363908759	0.107931250127	3.26335653927	0.0848356983205	0.000364134601089
4.19164800033	0.107706968997	3.26022621555	0.0880746937693	0.000321515221012
4.05506492559	0.111341836834	3.38067592736	0.089728285044	0.000309691248915
3.93356318979	0.116085601909	3.40263136223	0.0886119828873	0.000306762278629
3.6826857272	0.11271130159	2.92800381629	0.0848643791913	0.000598672993405
4.24345438208	0.10493917735	3.74644904353	0.0858521146783	0.00029346090645
4.06383243934	0.112167090024	3.2487420776	0.0845366943102	0.000357847027089
4.03903836423	0.114210523693	3.29237930617	0.0866487582181	0.000351289900375
4.23933705269	0.119551077179	3.21992869121	0.0865816373545	0.000393595090697
4.20629673027	0.113357090251	3.38272301043	0.0839674497189	0.000293984167386
3.87412752987	0.116225851352	3.24557970983	0.0902079840366	0.000360715779432
4.16291635953	0.103318599733	3.3281695005	0.0844606728804	0.000355983008634
4.05153158656	0.113639061696	2.84289968732	0.085010112891	0.000386961195652
4.41658057713	0.114562659998	3.34953846039	0.0857308699953	0.000303049692094
4.08888017716	0.114564092511	3.20441828416	0.0870682745223	0.000392106883071
4.10308119978	0.112434577527	3.29578100783	0.0882372425581	0.000372168240972
4.11047937685	0.112434910079	3.1492668224	0.085156487949	0.000368793721331
4.07882825964	0.111862812348	3.32768724731	0.0899766623837	0.000351782078168
4.06212024346	0.1109777819	3.33610710749	0.0826335218419	0.000401248539396
4.14893049348	0.1128102307	3.37118052941	0.0981686839635	0.000327946426504
4.61169487903	0.107868360364	3.51313270065	0.0680800836053	0.000246472030077
4.1490772799	0.112331380202	3.26100014065	0.0985250545453	0.000344193284616
4.01228523366	0.105825023607	3.47013045347	0.0859753438637	0.000429806821242
4.38410686394	0.116807340846	3.39025640776	0.0852316831171	0.000292447306052
3.71610990824	0.115477500031	3.29629824737	0.0863147824628	0.000350785053553
4.12886872837	0.112424964688	3.33073053904	0.0868784049773	0.000427586086103
3.69145328289	0.0953230975428	3.02674090581	0.0845431212176	0.00053817882318
4.18795002928	0.117979679077	3.13680687492	0.0982943509801	0.000440983419574
3.95600172032	0.11653565586	3.14958848603	0.0846297347528	0.00044724835771
4.85863908191	0.10966644827	3.17646241378	0.0844758463144	0.000428969721812
4.29862837592	0.108923587938	3.39761868515	0.0893397668395	0.000285963122765
4.14816807609	0.106301931737	3.35477667754	0.084327471064	0.00034248665495
4.15316448679	0.117140235075	3.28051955129	0.0854819528187	0.00033671488298
4.05035205268	0.113311375957	3.23962714886	0.087502463817	0.000335096339278
3.76830875826	0.109038698944	2.94835911088	0.085028438868	0.000617750961036
3.85050962819	0.107659932351	3.00996604176	0.0876569164275	0.000489032829356
4.08968627242	0.110559282855	3.20159663425	0.0807114543975	0.000354656640215
4.25716422544	0.110268883061	3.37421306428	0.087155886232	0.00029751756115
4.03482115934	0.110672443258	3.32559705429	0.0871303291839	0.000357454427962
4.09851042063	0.108837429928	3.18462759098	0.0983415755445	0.000365505296644
4.03855496092	0.105585433547	3.33267040388	0.0878396506704	0.000339841255489
4.30597223775	0.111486227816	3.41998665384	0.085658292856	0.000281688461548
4.0707748961	0.109882028681	3.22286660004	0.0918667328893	0.000344338059311
4.10886307015	0.121657599025	3.31309022375	0.0810856663735	0.000360074083996
3.941993392	0.115476161622	3.38481158909	0.0879629885673	0.000408714178726
4.47166056858	0.114859171562	2.93854713495	0.0874938191191	0.000526192192845
4.15730490943	0.114759553259	3.53177621045	0.0842441884396	0.000266377145052
4.0647779815	0.111995777263	3.27673221813	0.128374097707	0.000301176222464
4.25489876963	0.108528817272	3.43731529373	0.10341709662	0.000275362283099
4.30311091549	0.107603586762	3.25413317846	0.0823703299935	0.000298248437201
3.86118910212	0.116259527909	3.15038964531	0.0867524639399	0.000406688176764
3.95190288247	0.110844852219	3.386967304	0.0884776200321	0.000296478238609
4.39762157551	0.108061293562	3.50368200378	0.0636016586307	0.000250506849842
3.80762114485	0.114023361205	2.8360603223	0.095413383236	0.0005014312667
4.25408341231	0.110674856238	3.41944202698	0.0810425142116	0.000325890683774
3.94092716964	0.103334838636	3.12634218049	0.0850696425774	0.000403178391981
4.07832637764	0.11295840585	3.16338523463	0.0887839172877	0.000408232574177
3.79114038293	0.107919461822	3.11717585812	0.110756414803	0.000465110691069
3.94374174233	0.106610611986	3.16449575723	0.0829982310944	0.000422879025635
3.96472676163	0.107408277964	3.09308009202	0.0936186161225	0.000485450407505
4.20946631023	0.112232550259	3.47851039165	0.0829563265941	0.000249916234959
3.54745557195	0.113668714485	3.28898126964	0.0873738695909	0.000330801512642
4.26834795021	0.098748667449	3.41156515383	0.0929639335041	0.000278576734533
3.88034184027	0.108681125017	3.21675886663	0.0742059048719	0.00042259517225
3.86501054635	0.111323020827	3.12841397163	0.0855504349509	0.000456515026634
4.1115964661	0.112505912104	3.32868079131	0.0865661268201	0.000365411268004
4.14076054199	0.110762080063	3.58984625614	0.0819067642081	0.000327620000555
4.11841578868	0.0784015599827	3.28371385421	0.0840585633881	0.000361079262977
3.99205835337	0.10636994292	3.13478633149	0.0852178605087	0.000403121340328
3.8752833016	0.120258821164	3.16955699947	0.0813101299208	0.00042759832754
4.04145073675	0.115479559719	3.5559638045	0.0785453591307	0.000349041698978
4.0635824749	0.0933108789092	2.79350533375	0.0840781466665	0.000414062222325
4.20836831451	0.119554674221	3.31545261007	0.0873626872712	0.000332791532219
3.98776396143	0.111928214684	3.0674125515	0.0839580514061	0.000384686641395
4.01282958693	0.116309066211	3.44940061807	0.0857921244995	0.000376696856082
4.16548890018	0.0963946025561	3.53827292853	0.0848070721384	0.000350468785393
4.03197588369	0.114065948321	3.26956355633	0.0901802629697	0.000385963994858
4.0608152812	0.116072674009	3.22225310834	0.0871093253296	0.000388903908144
4.16984495694	0.112761180444	3.63204643235	0.0864093537774	0.000248889062288
4.12226152073	0.114329623253	3.3158325918	0.0847044153767	0.000346612798697
4.18033917992	0.115805616807	3.16626217408	0.0868273885766	0.000442132984111
3.93296437326	0.106318093062	3.09027284455	0.0849116771705	0.000484649293527
3.9725127584	0.122103318661	3.27828414408	0.0752204192641	0.000393642546767
4.33928688103	0.114151782228	3.44651910914	0.0824425707434	0.000261936170358
3.91855711893	0.112374055144	3.02803629242	0.084970559603	0.000491674398361
4.20053647896	0.112791227117	3.24418326095	0.0790542235657	0.000332944412212
4.13459459051	0.0997686772255	3.27412661642	0.0861520953488	0.000358829130678
3.69902347511	0.122312821381	3.08887555847	0.085374067364	0.000530554332567
4.21093209384	0.106871312234	3.24520671558	0.0874524096891	0.00034245758475
3.69196463601	0.111225799177	3.1432246455	0.0851989887522	0.000532543232879
4.0859248383	0.112688466073	3.6499184774	0.0878107012246	0.000328916888575
3.89783178637	0.109716116169	3.34756499122	0.0850945582179	0.000373514870939
4.39230961771	0.108982891844	3.39531273059	0.0867417693721	0.000288962195779
3.74167642868	0.113683684075	3.01926322516	0.0847662983065	0.000458881668473
4.18031928955	0.0219886908173	3.27433658536	0.0823818389372	0.000342699421764
4.31076774092	0.0969652930825	3.40592525913	0.0861937185452	0.000280817510337
3.98982741208	0.111432285534	3.62896878039	0.0894209738289	0.000276066931412
3.83013602655	0.117516745104	3.27300217364	0.0835400368046	0.000395004358516
4.02119868115	0.115087359409	3.12771354363	0.0821910798317	0.000387098551756
4.44684627433	0.100296524064	3.56447856599	0.0840843795407	0.000262262092539
3.94249721496	0.113933304756	3.30363964946	0.0851794816989	0.000360856232318
4.11193453377	0.11275189753	3.34229012147	0.0816643310799	0.000373179403985
4.06717111949	0.0814778827277	3.07362039662	0.0895035327035	0.000410000281317
4.44100973824	0.112231923105	3.35248486216	0.105366873811	0.000242926065392
4.35191163022	0.113559613249	3.54813293499	0.0833291662974	0.000240699835062
3.78872669881	0.113808690055	3.15207200217	0.0858779206025	0.000439399971374
4.11447827208	0.107895451436	3.55529626291	0.0690694986056	0.000405669150157
4.02934557003	0.109052925784	3.32494801898	0.0891059132782	0.000382153754275
4.11084221201	0.107386085332	3.21377558328	0.0863767674941	0.000397242615559
3.97359294312	0.11280243909	3.10113300611	0.0824973931675	0.000341516622586
3.77076168666	0.114237668027	3.07957471557	0.085802620184	0.000494856681507
3.82939701773	0.109511964559	2.98914460711	0.0865451188853	0.000472705122446
4.2103176953	0.122959934214	3.31423598371	0.083328851287	0.000307775196473
3.99723105517	0.11194178354	3.30767510469	0.0911095750955	0.00039299278678
4.14086392202	0.110073104228	3.15490365752	0.0843274162846	0.000299401317995
4.11804250157	0.11536560011	3.35962026323	0.0772437513904	0.000358345904265
4.28028349579	0.113405753612	3.52942742615	0.0755829256964	0.000266397417728
4.58677309107	0.112180639211	3.67711862533	0.0854245241953	0.000223523719184
4.3397870547	0.118268949438	3.46537214001	0.0802378058304	0.000253538165408
4.2749075037	0.112989250708	3.17318692273	0.0835936190269	0.000402614132129
4.23006124884	0.102234530411	3.64710251674	0.0842908083305	0.000247784733373
4.24677029516	0.114229492871	3.45068135059	0.0850321960622	0.00030284553735
4.30871503151	0.0968286249095	3.16711544206	0.104557542891	0.000380100935381
4.08480508879	0.111744194932	3.39893413085	0.0880230714474	0.000366017263097
4.32270387137	0.112141997035	3.39822474386	0.0886374254467	0.000271449234048
3.82596223444	0.112947455647	3.14560309398	0.0838958113519	0.000448928447498
4.03975155947	0.11013273196	3.2383159456	0.0813906670964	0.000393460272384
4.02501619742	0.113952514504	3.29334897785	0.0819600155734	0.000348379456678
4.04469023892	0.111993857201	3.30835033146	0.0823458496908	0.000392864271491
4.05258779128	0.142852435268	3.19234632322	0.11547783281	0.000390517855806
3.99039423333	0.108974816746	3.20191874742	0.0912470204227	0.000378950564755
4.17125927866	0.0988616944352	3.33108676884	0.0762451897516	0.000366754136006
4.19179475739	0.109832194872	3.31313878779	0.0811286282083	0.000336687002059
4.04071151069	0.112926398071	3.23305748992	0.083736889113	0.000394446866666
4.63875889371	0.104026761447	3.47323745134	0.0838261182739	0.000260088420956
4.37115103122	0.114745977514	3.47495530173	0.0874113035729	0.000281375884398
4.71722709576	0.110574067163	3.68987942024	0.0945488770441	0.000172365417713
4.42281963195	0.112118909218	3.47024154979	0.0861600662717	0.00023666503954
3.77335579431	0.113875967742	3.32789936417	0.0876630203642	0.000329706884202
4.12382127872	0.11405329846	3.58586488168	0.0913480208363	0.000334642370013
4.15991891454	0.0910874061884	3.30036050335	0.0854907080192	0.000372728305822
4.32344666237	0.10762027282	3.48381897048	0.0846243487135	0.000298118492802
3.95588541375	0.109711766986	3.13181387512	0.0828662481305	0.000436985616767
4.23296965357	0.115191607498	3.33176790383	0.088336283781	0.000322191429454
4.04842446501	0.11285601942	3.20570895096	0.0740831154432	0.00033792070033
4.14158683735	0.105598507755	3.45737964952	0.091845934261	0.000272409755526
4.33863684158	0.114543593484	3.49939771322	0.0841357299142	0.000227940769545
3.85484549092	0.110791996358	2.94327913311	0.0866083198889	0.00044844015301
4.04236468199	0.103248627421	3.43106378358	0.0855979814599	0.000328444256335
4.25856766528	0.103982491693	3.4045483537	0.0864124482227	0.000293601375091
3.99415299762	0.113773265384	3.27366853016	0.0883869359061	0.000381886909963
3.77290783282	0.114555797348	3.14552827961	0.0897042884508	0.000409019303346
4.34058305244	0.102243192684	3.49920809514	0.0855971469545	0.000215006461352
3.96326980751	0.109643628343	3.14736182691	0.0797268100967	0.000408603094526
3.93032984718	0.111985261103	3.10755803247	0.0914264318949	0.000415332472362
3.89520370311	0.113149380441	3.14879038894	0.0872284305043	0.000479192536388
3.5579768207	0.107599993949	3.2252865665	0.0866358662997	0.000417270110509
4.16320329498	0.113824085661	3.81390612501	0.107309055507	0.000254949429741
4.04460157066	0.110112265732	3.36222115189	0.0861288412169	0.000295625350883
3.96609589128	0.0972893483476	3.33298469472	0.0822606801706	0.000326584083322
4.0945086666	0.108019850444	3.39360477754	0.0963915695597	0.000344648055457
4.24961910935	0.110169229937	3.60556286905	0.0837951122677	0.000292166302083
4.51205141299	0.110864866364	3.47020188711	0.0863602045573	0.000248965732702
4.2554251386	0.110863984261	3.3023379216	0.0957635783581	0.000351364341889
4.22034074888	0.103592844482	3.5182697747	0.0930430219512	0.000326046130868
3.9436109064	0.11301600222	3.21184351067	0.080210968631	0.000442786832968
4.21095558529	0.11971421458	3.30054663413	0.0841158300472	0.000347501651972
4.29260923742	0.112210853864	3.37760677177	0.0844939733074	0.000297428356099
3.90866379253	0.111933372749	3.38230528633	0.0826645196107	0.000352389018017
3.7602982033	0.116207723944	3.15884850844	0.0934176685566	0.000430263812818
3.96110865246	0.113469531799	3.21820356004	0.0910765972358	0.000349374920131
3.91379622777	0.118713354886	3.20670011776	0.0788877452708	0.000420219294071
3.93544215907	0.112400015074	3.10197189963	0.085307505212	0.000477898541605
4.2688443232	0.122276913067	3.35953528801	0.0901692289112	0.000303020054549
3.89272149896	0.116849685857	2.6996254767	0.0892631635423	0.000485521637155
4.26862475893	0.110833411183	3.65128736707	0.0920992581552	0.000286953371838
3.85213695085	0.107757695721	3.15630729042	0.0851099695388	0.00044420179283
4.35069164112	0.115691146803	3.34404461792	0.0850545256223	0.000308968583935
4.25133334661	0.111072292749	3.6229395764	0.0870527799818	0.000243927076608
3.65524192166	0.112412709128	3.37912022838	0.0878547482844	0.000321050614556
4.14674039392	0.113988243616	3.3816641764	0.0874850071544	0.00029067926342
4.24923356332	0.10914358684	3.41582972311	0.080925354815	0.000288800541407
4.09341998341	0.111849952363	3.53770534251	0.0917021158179	0.000223292558849
3.73975817255	0.119728033234	3.07861693798	0.084390933047	0.000594695951997
4.1611515687	0.112949548315	3.49153660619	0.0915912809092	0.000424408552912
4.13072236319	0.0999026019362	3.21610717608	0.0836889656009	0.000400589736798
4.25661483019	0.0999201722602	3.18216708732	0.087445197191	0.000336131354775
3.9835953767	0.105726714558	3.40704988396	0.097263779782	0.000292299464695
4.04949788289	0.11512542357	3.20296944769	0.0868880840205	0.000435159927277
4.23455408803	0.108774616638	3.45456279849	0.0843437602674	0.000343390139883
3.52516602323	0.116599624647	3.21887968401	0.0826222499854	0.000408272712337
4.13416035418	0.106742555669	3.30860030124	0.0837391460238	0.000343108125342
4.17656946524	0.112184876791	3.23352781563	0.0903271356673	0.000364007290896
3.84900534914	0.107108383951	3.06628900409	0.0851127510557	0.000466192869486
4.0043801221	0.11172590577	3.56634791022	0.0888179491092	0.000399272549061
4.42183518502	0.115134811201	3.79480967084	0.0871526566917	0.000209229111238
4.00001422404	0.119854086035	3.23044568323	0.100740738339	0.000356021775937
4.12156459893	0.119766580574	3.56970993112	0.0859089498058	0.000296877796938
4.21925111058	0.112959222723	3.32824323503	0.0882825212841	0.000354002993539
4.02859357664	0.123112638815	3.29804790359	0.0820008092162	0.000355966499557
4.19831594795	0.101567509216	3.37797044471	0.0789378436898	0.000319791334626
3.79874563585	0.115912687534	3.42314205156	0.0791009135231	0.000408398236702
4.1317428323	0.107582853544	3.59609098663	0.0832851826413	0.000282805080701
4.1433146516	0.111899463607	3.22948151436	0.0937664696655	0.000375674126197
3.94697337831	0.103274101702	3.11018103993	0.0828534507443	0.000479506061387
3.95296201874	0.109742170254	3.22857414092	0.0947683439259	0.00037093714652
3.9340326492	0.113812931248	3.06591695885	0.0892053156456	0.000452952406922
3.59796954106	0.113088895578	3.18861770507	0.0839276944734	0.000434314442527
3.85815180647	0.109650311861	3.14964260722	0.0877439379006	0.000456984538504
