r_HIS3_C05	K_HIS3_C05	r_RAD52_C05	K_RAD52_C05	x0_C05
3.82640229905	0.109000999794	3.02235070941	0.078540095766	0.000338518092499
3.92344931687	0.104790753131	3.3128915795	0.0870154875335	0.000279501505427
3.66940154382	0.114176687304	2.86889993959	0.0690496442247	0.000353147461983
3.79105159649	0.10963617707	2.94006179529	0.112629851332	0.000313361779792
3.97029093699	0.0970091877195	3.24766480863	0.0782143563185	0.000262013228363
3.84087456363	0.113388983757	3.02935512668	0.0739100705498	0.000317036786659
3.94393034144	0.11046253506	3.0234966795	0.0822828120592	0.000277653622245
4.236067739	0.106918251922	3.3423278925	0.0777015688203	0.000160608320874
3.97220222861	0.107513254718	3.08282263327	0.0862440203304	0.000268868232271
4.07499711379	0.102856405439	3.20643853843	0.0879437529073	0.000219607278459
3.58923913161	0.107119722311	2.52318841749	0.0721638104411	0.000269674557717
3.73760926504	0.109102754335	2.88215487416	0.099264526029	0.000345816429706
3.86417327887	0.113959199168	2.86847441188	0.0832898572154	0.000308907768121
4.13922717745	0.109945415183	3.25060535621	0.0776683648342	0.000197436291915
3.92898973943	0.108907359366	3.41066974627	0.0778944267543	0.000200403898764
3.88609446174	0.113959880231	3.31172713673	0.0765349220069	0.000208383276352
4.07272599358	0.106774367791	3.66053264251	0.0829641374194	0.000193504522624
4.55725138284	0.109629350021	3.41650908455	0.0790909610156	0.000146400364341
3.82385981123	0.115174445567	3.18433364162	0.0791671707553	0.000337492522737
3.8655314316	0.108242617649	2.81805940185	0.081458218002	0.000361669484672
4.4290196997	0.108550686824	3.36355819983	0.0861309856842	0.000138831677128
4.13994137097	0.109703429992	3.30832115009	0.051461257149	0.000202247229131
3.94945582618	0.106786208181	3.22597603141	0.0715412693971	0.000190369625068
3.82154832482	0.114506860736	3.02838945958	0.0782599167006	0.000273524563841
3.88158128067	0.106597918681	4.9492067995	0.0697744501778	0.000283866508457
4.11810964668	0.108045085174	3.31054908264	0.0791574065663	0.000198557698431
3.80109347844	0.101993831741	2.87282864444	0.0823415034862	0.0002747872139
4.01094699448	0.108763579166	3.1172804909	0.0821242870778	0.000225805117446
3.91335835432	0.112619943015	3.02169270728	0.081263517752	0.0002505434676
4.13125116833	0.108222368104	3.24767599995	0.0785746424124	0.000194870081752
3.96679021943	0.107994179864	3.24329047648	0.0794383144393	0.000236977918667
3.81950406218	0.110701639162	3.13092165518	0.0814593827265	0.000282201461368
3.81707779133	0.108115865436	3.02102364763	0.079691684903	0.000280284215742
3.79645504609	0.107843616163	2.87957632964	0.0795906187047	0.000303315752578
4.29788135238	0.108934297655	3.37688592547	0.0820348063745	0.000162541934869
3.80033588203	0.109395620703	2.98703756121	0.081171162044	0.000252200233933
4.19233614273	0.106677644347	3.15881845307	0.0859303875822	0.000195108973638
4.0622548264	0.101717554846	3.48190081433	0.0789776405344	0.000152245682346
4.38511909696	0.109439534486	3.11900167648	0.0808400225672	0.000258467743157
3.80979239128	0.108924361631	2.94379380891	0.0822053664231	0.000231002582358
3.78459901193	0.106773723509	3.14553827598	0.0791640147492	0.000289080145476
3.99859705704	0.108153703826	3.1204752	0.0797794765326	0.000276213817753
3.81865255318	0.107672779302	2.96626832676	0.0986533386541	0.000298959670683
4.04407634083	0.109278798053	3.39875880407	0.0822490779061	0.000180620223029
3.957305311	0.103807249848	3.08906986032	0.0826766920018	0.000247164810161
3.66937007429	0.103623917293	3.02281605374	0.0744640744368	0.000340084071386
3.57732839959	0.108306350608	2.42523011869	0.0720903870763	0.000355557673813
3.93472130657	0.107912471384	2.93807879954	0.0854961715449	0.000202670630125
3.92704790133	0.105520724554	2.92916662342	0.0700181414037	0.000269458721282
3.77201649531	0.105454944485	3.22675791272	0.0856357615693	0.000245826719545
4.10481805712	0.107559171202	3.51389299538	0.0855953295916	0.000265797370273
3.83480995079	0.112570520706	3.01438866829	0.0736923767899	0.000278650066479
4.03667294404	0.0937802883306	2.98199362824	0.0799909992962	0.000320698904204
3.38770600429	0.108586775753	2.79481918375	0.0844955087733	0.000429785220555
3.81892524371	0.107800562897	3.23196708713	0.0800931072094	0.000274825062784
3.88649257398	0.109382960348	3.0781837564	0.0783776453639	0.000289885854211
3.78403472155	0.110313100532	2.98726564609	0.0881648113883	0.000317220427489
4.19667257483	0.108396452655	3.58360257782	0.0702310007894	0.000198249146243
3.75019547916	0.110064841315	3.33189796396	0.0906299599095	0.000288258698339
4.45565899948	0.105554905997	3.4794506716	0.0847197567747	0.000163735513114
3.93015790565	0.109705932423	3.14525415441	0.0805372095352	0.000252704835189
3.74083050107	0.11244474217	2.90927756945	0.0780723438014	0.000372481910862
3.99231561527	0.107878559695	3.18231720151	0.0782064370905	0.000231736959231
3.58334334604	0.0972311059668	3.13534040397	0.0846804982605	0.000262605346845
3.96508522303	0.110449114872	3.09640906218	0.0792255769233	0.000260502065921
3.82204643127	0.107017543163	3.08451157838	0.079576512898	0.000280277809157
4.01149852558	0.112732811144	3.08926692278	0.0921639392957	0.000277598657756
4.4264219515	0.115441696564	3.13582086096	0.0816126146342	0.000192516675072
3.92905883058	0.108296435476	3.18728729602	0.0771233491784	0.000254978733411
3.88268885226	0.10750271935	2.98984254571	0.0880559735454	0.000310625397544
4.03245686735	0.108302101702	3.21647600883	0.0753421375706	0.00023041877837
3.70021412495	0.109201006426	2.93560353576	0.077972217351	0.000338914423886
3.63489641037	0.111991388489	2.99352839189	0.0778088846348	0.000272253365031
3.93193984829	0.110803778766	3.07967324212	0.0831142515581	0.000252513195223
3.84556984006	0.110458582845	3.23879630859	0.0798221786801	0.000230236226612
3.91188869014	0.109132435897	3.20695174042	0.0785411108515	0.000243742040806
3.64248695659	0.104108618259	3.1548029328	0.0894925942517	0.000269102822436
3.76960765479	0.109294463517	2.99340590763	0.0787990562566	0.000331987992906
4.40663522852	0.108126901781	3.20866648288	0.0719575614053	0.000247222285822
4.40072958082	0.108075664494	3.34562466663	0.0857493656388	0.000143520829208
4.2360681353	0.109109446025	3.16351281734	0.0725668484759	0.000261857281282
4.43571045808	0.117029730834	3.41528705979	0.075236543644	0.000140736875841
3.55180191048	0.109831890144	3.03249247318	0.0781510013482	0.000286749913145
3.83000318906	0.110217173831	3.03821325712	0.0796480996118	0.000255918355762
3.68796854548	0.109126658759	2.99200255048	0.0799660350724	0.000256849104414
4.06957879736	0.111881836211	3.51189184386	0.0838790822364	0.000206793926132
3.93377264729	0.107844659028	3.23791758056	0.0707088275653	0.000215191975866
4.15112467962	0.110054115969	3.3428576849	0.0838541307014	0.000215219129497
3.94734722118	0.106935767293	3.05237174264	0.0614687321385	0.000254286779577
4.07790201022	0.109346609091	3.24972960832	0.0881268454078	0.000198947955116
4.30301982731	0.108862665382	3.32498860197	0.0762734444984	0.000175949444373
3.57626490002	0.109345392161	3.03404660327	0.0970920825756	0.000261447566874
3.6859325494	0.107898900954	3.20227260853	0.0819196272796	0.000221298077714
3.77772229848	0.104851131752	2.91047834351	0.0826141411221	0.000302437248681
4.21815576315	0.107206131141	3.0916704469	0.0798399530552	0.000217635976531
3.78673490376	0.109062662589	3.22011301606	0.0809526212835	0.000267251143433
3.58703403981	0.10795366274	3.14405501011	0.0777901770043	0.000252451585363
3.75914899495	0.105975798222	3.03603925151	0.0861425302338	0.000279641804454
4.5182508898	0.116213781448	3.42963851443	0.0822476779253	0.000145753735534
3.83136717803	0.111082386075	3.49184006292	0.083536797245	0.000177589682499
3.93102969018	0.105052203851	3.17319592714	0.0805310239282	0.000263667623162
3.58752828284	0.104539840935	2.89832845967	0.0821325071131	0.000396503599233
4.17398982931	0.106895693977	3.36040213468	0.0828925070516	0.000185819524832
3.97040128772	0.109047794527	3.07894821135	0.0838357257636	0.000251805197505
4.02542559698	0.100603518328	3.13602071234	0.0820244843315	0.000255699817247
4.14770645281	0.102605259012	3.34509881232	0.0777629693693	0.000183697215132
3.85981506151	0.11130475387	3.01897536574	0.0824521192115	0.000266902993023
3.76890922439	0.103332362188	3.47202915679	0.0818250004675	0.000236372448613
3.82761234803	0.113037061044	3.21116423826	0.0856082657329	0.000288456705231
4.36622140693	0.109276130048	3.35116696924	0.0860636644558	0.000157516037018
3.86615388508	0.110986788412	3.17451735446	0.0881280775241	0.000234523332823
4.1886015522	0.107349364711	3.22227218778	0.0747393326424	0.000223999177512
4.31543744828	0.100226637129	3.32824382088	0.0839675991658	0.000170889589502
4.21482745447	0.10657014668	3.25612477841	0.079211167991	0.000188648748686
3.92108754336	0.107752522838	3.05206119729	0.0781417526404	0.000225107536061
3.94190522951	0.109305800986	3.03618012579	0.083118746262	0.000293609047173
4.06019817039	0.106157237771	3.07800269446	0.0900245955815	0.00027140809894
3.65209362961	0.110023276484	3.1068195993	0.0807565524351	0.000223310829182
3.86512928102	0.109756789866	3.67605551774	0.0718425261256	0.000280146830127
3.5341584062	0.111654740899	2.85455946018	0.0791457192802	0.000395845505356
4.02895909301	0.112876034652	3.20308019642	0.0777208212007	0.000267588647491
3.9397303421	0.111291150577	3.05992720435	0.0825713204251	0.000282849728288
3.78958672099	0.108269175224	3.71890703376	0.0810720373507	0.000240705139348
3.83557118908	0.111448988782	3.57395236124	0.0693332769666	0.000275623862258
4.04427183134	0.105535426473	3.36097407615	0.0776673825237	0.000236877522121
3.96399169927	0.107793648495	3.12570354717	0.0821119858297	0.000240297584937
4.35547340334	0.111526352453	3.33672055002	0.0839933781203	0.000160854322693
3.48982230941	0.102007578129	3.58969871013	0.0834991355298	0.000245493112633
3.76372777935	0.109310123989	3.41690878022	0.0921467028431	0.00032620511575
4.12750388988	0.110010564141	3.27740950666	0.072679186677	0.000221184828232
4.17461963625	0.121484995104	3.24581582795	0.0814033253042	0.000222253707398
3.95562353964	0.111303168089	3.11661931542	0.0784192984832	0.000323728961756
3.91759368261	0.111645161618	3.09068045623	0.0798258853019	0.000288178252946
4.01553379199	0.109283549449	3.24163947627	0.0762622326171	0.00025505393589
4.10497996154	0.110485603398	3.3174090034	0.0810166944019	0.000226063822095
4.20268202347	0.107889962641	3.1458564612	0.0855586896701	0.000176125326809
3.86499104645	0.131021017513	2.89103156778	0.0868837802893	0.00024708034994
3.8509860882	0.110074019643	3.30737535078	0.0831377642399	0.000252759153623
3.79242878838	0.0999408811951	3.11718683274	0.0880022932692	0.000306859481698
3.8042204078	0.100342563566	3.04557146465	0.0850048693402	0.000278181177353
3.97065818623	0.105143753236	3.0553765306	0.0859580844311	0.000251781810039
4.04492111384	0.105744453561	3.33732257623	0.0848126652144	0.000240096992422
3.92852557597	0.10672634155	3.09258837441	0.0801705589981	0.000249107384614
4.04101942143	0.108506443096	3.21779739286	0.07935098908	0.000209896772469
3.97601047902	0.0999180373547	3.18496721091	0.0853481785838	0.000227571610014
3.82957702352	0.109606549076	3.07547669895	0.0690451523695	0.000268253121363
3.93394497039	0.110463952017	3.12089237707	0.0844627147385	0.000262898509818
3.80195784355	0.11064355406	3.03379745893	0.0738371357439	0.000302024359199
3.93567595128	0.110424659627	3.27500715765	0.0711612520293	0.000268991086302
4.22113799865	0.0991156361894	3.13738082125	0.080395980914	0.000217910620398
4.06952849925	0.103050625252	2.93513513537	0.0946381124065	0.000325349202523
4.04344373687	0.1059976543	3.25772485216	0.0834045468505	0.000220337761348
3.67679559423	0.111356880101	3.03897121048	0.0749889716062	0.000277594424405
3.88738802901	0.108642100327	3.34113010445	0.0838761472228	0.000252298118108
4.040804274	0.108130763749	3.05165810933	0.0854870818951	0.000268933053461
4.04895019689	0.112565846476	3.47973187146	0.0807917868944	0.000224539139271
4.16202530786	0.106229037545	2.8917268679	0.0825699764009	0.000172082736348
3.88800448016	0.108339541589	2.97284731832	0.0771717594401	0.000332553534516
3.84196453772	0.099792311454	2.72656390832	0.0790474696416	0.000288020986165
4.30193593914	0.109857388359	3.21588873628	0.0809166501325	0.000182725054351
3.912040718	0.111621274619	3.11257338626	0.0759792203261	0.000256879191832
3.97622935359	0.10912413431	3.24140853923	0.0805172959108	0.000212485285191
3.86703332598	0.106896366308	3.11430139303	0.0719164922234	0.000254045185289
3.95139244492	0.108896261672	3.08700250308	0.0789003722006	0.000234137144245
4.06511499309	0.103309586206	3.08626930528	0.0820733562037	0.000278237733454
4.01751681946	0.108660814036	3.21186301157	0.0773720870308	0.000267331528636
4.01190693548	0.10895783972	3.1226472207	0.077802402617	0.000279427327264
3.92631713782	0.105882467559	3.17206123788	0.080376640845	0.000240625080025
4.09170109235	0.106548370123	3.21746277369	0.0793878394841	0.000243847899392
3.93906165862	0.107335101406	3.20357092135	0.0739307033628	0.000292622574395
4.02899884603	0.111069406705	3.38413114378	0.0853122694076	0.00021463141286
4.09203574168	0.106901446226	3.15838839494	0.0796461390582	0.0002426909155
3.98758456998	0.107536778563	3.10305325066	0.0884036924444	0.000279877710483
3.87138702111	0.109747819771	3.1613299553	0.0761087949437	0.000278690266868
4.27632818602	0.105210136977	3.04903276407	0.0568858408598	0.000302517326017
3.69925954995	0.106822260597	2.94411627914	0.0811383796121	0.000341888216026
3.91693270872	0.0996984584284	3.29271437009	0.0768480146029	0.000257710111766
3.93260140955	0.122201464416	3.61703596072	0.0768749370359	0.000242690083006
3.70792848616	0.106214220618	2.8870120911	0.0774356308015	0.000299068527918
4.20466025376	0.101492884027	3.51105937938	0.0763040628363	0.000162170439659
3.90128451399	0.105120895738	3.21560168021	0.0757845628161	0.000257798381488
3.82816586605	0.110191014571	2.96502361451	0.0680088853849	0.000336949459332
4.32641465353	0.111597428179	3.22250375777	0.0835987646914	0.000207860168367
3.81318118115	0.10485217685	3.1735463755	0.0800785726498	0.000272042826713
4.30026709072	0.108349684779	3.15732843734	0.0809206912536	0.000251378367073
4.0453691312	0.11141804273	3.20371609302	0.0841894380348	0.00020780716083
3.93361117902	0.109824367654	3.41829836583	0.0782013250204	0.000248892498819
4.09250291917	0.106384728288	3.08183929269	0.0945087801778	0.000222951249987
3.97103723417	0.109734502464	2.99706188788	0.0751283821486	0.000254553896315
4.04079381561	0.109499879004	3.34505127097	0.0806568594261	0.00025869272217
3.95323462218	0.109990392628	3.03956846045	0.0780842148251	0.000254359990589
3.77947532979	0.108867850986	3.46607409676	0.0756382522102	0.00023628602515
4.27853711685	0.0898820380095	3.355679215	0.0749282159332	0.000157146995102
4.02805500685	0.116136854597	3.11477475529	0.084970080799	0.000261687435265
4.01006402388	0.108908549224	3.08907179421	0.0797265595728	0.000263149545026
3.58948365396	0.106720986662	3.12693285041	0.081715551566	0.000300277183251
4.07176185163	0.104706875122	3.26377323588	0.0866564595743	0.000202229410302
3.82403553203	0.105470662782	3.15149275873	0.0719650715972	0.000250382544943
4.21871667716	0.110281756509	2.98858923499	0.080843988096	0.000263390703318
3.79760773194	0.116056843942	2.9067520803	0.0753594861287	0.000336834056837
3.82311424569	0.108032072767	3.0529958027	0.0791547925104	0.000312889145157
4.03488598377	0.117519353004	1.61961190742	0.0782483211622	0.000225573018002
3.99545911932	0.0850902684646	3.115618331	0.0833138141563	0.00022535284512
3.95394581953	0.106870482393	3.28621529135	0.0953761217174	0.000239813599052
3.98030062337	0.104535220941	3.15362829981	0.0775762018608	0.00025374063988
3.83020446913	0.106073439081	2.98243960881	0.0814023677362	0.000314610889225
3.98686756026	0.106256678576	2.94491170313	0.0788568823544	0.000268092002555
4.74752867516	0.103797656304	2.64086484915	0.0801171905457	0.000243720940828
3.90707666066	0.105864091314	2.98779842464	0.0857416030165	0.000317099684616
4.10184248798	0.109124933656	3.46272382676	0.0905000809489	0.000225234729484
3.56092980749	0.105859829524	3.12681371402	0.0951022722684	0.000272316171274
4.00083617986	0.110123814828	3.25733651745	0.0793653582013	0.000218993793847
4.0859423096	0.107616796225	3.09261312733	0.0802098017447	0.000223889798041
4.23496648759	0.0980459187279	3.850560177	0.0775495616965	0.000197940327473
3.64905960607	0.109053569114	2.99989138109	0.0757143402493	0.000331146217048
3.79728614861	0.104531380851	2.65445008621	0.081781770944	0.00029358877776
4.03375509268	0.113716615073	3.11391256715	0.0825589380351	0.000222361943351
3.88840619841	0.109570363085	3.41875735741	0.0974934849995	0.000254746758709
4.02784329562	0.111591344265	3.15089614951	0.0793747683676	0.000254603312381
4.26836657213	0.10180092339	3.21892927679	0.0825778329556	0.00019173292693
3.85336442057	0.103087066436	3.0244927894	0.0759714886894	0.000284039767023
4.11465868494	0.103854011582	3.06709655902	0.0814646048485	0.000253844483164
4.11338504829	0.108275568931	3.13531349818	0.0783749586232	0.000225578271218
4.92657459494	0.107449687437	3.20041417739	0.0875581341094	0.000209583542537
4.09540950132	0.100182030399	3.07099264815	0.083752629607	0.000209345536733
4.38406140647	0.107541257133	3.21451918173	0.0734724570211	0.000198304088637
3.80143952133	0.0998560592439	3.06101582453	0.0908875980774	0.000300072981454
3.98618758027	0.109439955138	3.33873250148	0.0824979125912	0.000218960209387
4.07021801766	0.106856847551	3.21981726922	0.0804486222121	0.000223407510824
3.70171615268	0.107554970345	2.95722408319	0.0814681762612	0.000338842234746
4.06684164502	0.10983757465	3.23003170607	0.0789830933098	0.000206946490692
4.12210555879	0.111403314294	3.28236520611	0.0815516970633	0.000200742508019
3.80935791908	0.104714159904	3.01631732722	0.0783887166616	0.000292149574638
3.89347526823	0.111470580301	2.78084716121	0.0795123517714	0.000264873927898
3.83113321135	0.104874246106	3.03696609771	0.0827208469492	0.000286303344371
3.77285258894	0.108198268794	3.06182707842	0.091456995302	0.000303746831097
4.15200892814	0.108169599872	3.2294852958	0.0779079153455	0.000211748242295
4.0601705929	0.105973922162	3.24815933817	0.0799546819135	0.000207890604993
3.71455573302	0.111427509868	3.20654429956	0.0825192513808	0.000290456258571
3.79361139024	0.103757428413	3.1918447365	0.0795158474258	0.000276399075607
4.04686121378	0.108072828469	3.13666423293	0.075434298238	0.000225487119955
3.92983331476	0.106283415198	3.04456639984	0.0706309350768	0.000264288188417
3.89966383462	0.108009954137	3.06281894165	0.0598704860237	0.000297128813794
3.9832943848	0.10850912205	3.34938265796	0.0708305218476	0.000238064724576
3.90680712793	0.109106489707	3.20613513421	0.0801315705907	0.000275758142703
3.77645599047	0.107277139167	2.9135372536	0.0805428403251	0.000298814823957
3.93212199132	0.103235816207	3.1631486286	0.0809874920013	0.000232843811157
3.79231991962	0.109786981521	3.10310502152	0.0803307387091	0.000311615858809
3.99708240003	0.111265001973	3.2164040713	0.0852218160485	0.000296967271167
3.65824694991	0.116224747811	2.95781568276	0.0736531084444	0.000334488892645
3.81247822003	0.108506012429	3.1186840286	0.101986952424	0.00032267735912
3.86608105772	0.106298766073	3.06352609465	0.0795753090639	0.000261935379305
3.89497851234	0.108213825465	3.01650224076	0.0936656263377	0.000305742197291
3.58468792124	0.109375553653	3.04257587361	0.0815163298789	0.000336855392692
3.926603029	0.105312719366	3.32751030758	0.0815959323624	0.000259232791007
3.98873660192	0.109704767852	3.07232520897	0.079426749418	0.00026202716487
3.96362462331	0.0954987644718	3.16700490441	0.0794674805468	0.000235937508449
3.83996355672	0.108286369914	3.15891719484	0.0855911341559	0.000321586029451
3.79184140747	0.109422498964	2.87526439409	0.0750734554508	0.000258473752755
3.48983594332	0.109646181597	2.86579388768	0.0810252646278	0.00036792283887
3.72223603594	0.108443501644	3.61454183531	0.0931458999093	0.000220219974493
3.80295298362	0.104920529449	3.01215136169	0.0775225835762	0.000313668243452
3.74428121037	0.108140875397	3.08864320851	0.0831973049371	0.000266455347456
4.02673527986	0.110997767178	3.12996173626	0.0685297603231	0.000260129757753
4.00190101894	0.110985099837	3.07420367439	0.0791355852393	0.000241796237364
3.87401618422	0.108900196328	3.03334891766	0.0824374528725	0.000277429815812
3.66725915902	0.102878261823	2.87818930225	0.071460556661	0.000355022619994
4.03893744204	0.11036388519	3.15469104121	0.0791453176375	0.000244888742957
3.90822836003	0.111277321177	3.12225509162	0.0830701678582	0.000258070839096
4.01714155371	0.109813948195	3.18417122322	0.0868815616461	0.000253886197139
3.99257584174	0.111165779345	3.2561403831	0.080128515296	0.00019959787872
3.90248351767	0.109333020866	3.06899767647	0.0861911458704	0.000305333444153
4.02015697127	0.109289895228	3.17261057963	0.0852871155839	0.00022978450966
3.87105166867	0.109622211002	3.07835280525	0.0864131091292	0.000331635829966
3.76890389082	0.12070004016	2.94443567402	0.0707872705304	0.000301329452553
3.9997176301	0.111709996154	3.0640219738	0.0850420208485	0.000240116517272
4.1146352401	0.104383160592	3.81852802896	0.0781021743052	0.000223831834874
3.99110893847	0.0860538444652	3.16897751911	0.0794915272786	0.000236757890991
3.92940074538	0.105219570621	3.05546243335	0.0829979364323	0.000283322591953
3.94176471362	0.108623356158	3.57349611151	0.0836079059998	0.000264563225022
4.08969865054	0.105819161304	3.18543148414	0.0687536051942	0.000223052347227
3.74527657133	0.10291200398	3.15793209406	0.0779879581075	0.000247147306736
3.69995429954	0.108843521483	2.57494693212	0.0816609980884	0.00038117339883
3.98391768866	0.105719201335	3.1153609344	0.0694769415587	0.000210796109177
4.25038167391	0.111967573975	3.03161694634	0.069991511452	0.000262435264642
3.78878936795	0.114363601374	3.22693512275	0.0832220003105	0.000225455522332
4.25227250834	0.101402190604	3.52224512857	0.0808365980832	0.000164377886915
4.10667450396	0.115503742352	3.25032330522	0.0811353951924	0.000186212013025
4.15964480034	0.11036237679	3.3900763182	0.0748082102024	0.000185580104069
3.75264403073	0.109974117562	3.03587652718	0.077136377046	0.000306539581363
4.24872692489	0.114297559383	3.19455417309	0.0830523560327	0.000221928971157
3.98063586474	0.106395010893	2.82209962516	0.103377413423	0.000245318472927
3.91935083822	0.104418423269	3.10646958935	0.0829565486359	0.000319334409747
3.83561123591	0.1127193284	3.03967771728	0.0815870330864	0.000296523534867
3.83046705875	0.108370059514	3.45614967817	0.0761011738081	0.000220774459112
3.92794716092	0.111970816513	3.04613568216	0.0806449500341	0.00031499779527
4.15021777243	0.139584885955	3.14328680146	0.0795613585879	0.000255978822655
4.0855759233	0.112708987208	3.38112543113	0.0786763850828	0.00018025755426
3.71455630443	0.105428658158	2.71305676723	0.0770277994162	0.000296595944835
4.06867858036	0.108711313937	3.20166028808	0.0792808632109	0.000239655692967
3.97678277266	0.109411397924	2.93240793459	0.0855163791193	0.000266921258857
3.61090280682	0.103640325288	2.94626517427	0.0741716816752	0.000295238215185
3.50898221385	0.109242622661	2.95937255848	0.0749992950108	0.000314504705886
3.81162618982	0.11151227817	3.01197564285	0.0833856132854	0.000306277613465
3.71166562815	0.108049125176	3.09806050149	0.0813299539326	0.000315650642427
4.06144929181	0.116106596945	3.06756867299	0.079002038666	0.000217801591744
3.66744461267	0.105326819499	3.20421485318	0.0819371199616	0.000254576452501
3.87071794334	0.109063394895	3.03677164706	0.0585413903082	0.000290103141182
3.8179924184	0.109795318625	3.30266974322	0.0798010497945	0.000296849795894
3.73118745697	0.107493495732	3.31655805939	0.0807348065358	0.000312448928687
4.11718486339	0.108432965206	3.183354867	0.0751172788034	0.000189565107232
3.80257841823	0.113398692805	3.06381759299	0.0791260292687	0.000265708117719
3.79767679924	0.109770396835	3.14034230264	0.0707825577377	0.000273001257513
3.81367584912	0.108048264315	3.00969955824	0.0777933774003	0.000289057953715
3.98803613898	0.108102341144	3.15277656942	0.0764264182552	0.000240321679522
3.77491217041	0.115630623112	3.05376779541	0.0667045745129	0.000290045296369
3.51114870365	0.120998971612	3.17568983078	0.0833116583301	0.000268220483673
4.038881304	0.0925263950428	3.16643126893	0.0811386626556	0.000237850893144
3.96066878565	0.107720779432	3.08606615533	0.0797520343711	0.000263338016707
3.75676825974	0.107063082231	2.92643128346	0.0803728797201	0.000303365413028
3.83793700227	0.108087037779	3.03339128183	0.0780356840167	0.000272970599479
4.31292040434	0.108432733734	3.18331385666	0.0902285698685	0.000164269255447
3.86661225308	0.109085146608	2.99527276991	0.0843130144878	0.000300611654174
3.90515226251	0.108076820009	2.92867791311	0.0785815411652	0.000315826405229
4.02669493818	0.110171739381	3.13021007617	0.0834119454981	0.000225294911703
4.37364612801	0.109346224579	3.06048135985	0.0777199176156	0.000271017741695
3.62680451275	0.110634019744	2.85570970562	0.0911092007719	0.000412163636606
4.16290135657	0.0957998612938	3.30758851528	0.0812852225966	0.000203878656402
3.54708781351	0.109762686236	3.00967231967	0.109264497597	0.000334169618982
3.89093346646	0.107432699166	3.04010451358	0.0820842579163	0.000317735103914
3.8711965282	0.106760215959	3.0841903492	0.0726284010109	0.000257453148984
3.8901116986	0.108718646045	3.17811112919	0.0798645895518	0.000236407422576
3.94081796865	0.113649819487	2.56063435676	0.0826230212432	0.000249678896967
3.6589030374	0.103921597091	2.99113942206	0.0894285184682	0.000246284380107
4.05726786076	0.106709255442	3.13668733436	0.0818537432005	0.000252259335314
3.6697492439	0.112141523181	1.86571220166	0.0647986583873	0.000242157286093
3.91897286426	0.108767856788	2.73321655642	0.0808063298746	0.000421196191646
3.81531525123	0.108514126336	3.02972001	0.0805688923924	0.000251806171026
5.24992574677	0.108533817253	3.30333045135	0.0825138055591	0.000258488213031
4.21310679364	0.108269207013	3.42527097163	0.0724139981176	0.000236245945778
4.09937456521	0.107854863017	3.01506316909	0.0808822992496	0.000256852358168
4.29520729611	0.106135182295	3.30527672129	0.0795639115985	0.000193552598917
3.38343329553	0.109205018997	2.95916067137	0.0842127409672	0.0003333135895
3.98717765897	0.109049391948	3.15760102752	0.0786096807749	0.000236769155023
3.90482106215	0.111427222704	3.10291765725	0.0801392020628	0.000241415799978
3.88439344828	0.107530542649	2.54749283666	0.0880683512431	0.000263017644683
3.67807966563	0.113505846398	3.08796904823	0.0782399947051	0.000280574150623
4.06105497612	0.10931948066	3.42909891083	0.0906788099923	0.000181916760799
3.83420243268	0.0991801646146	3.05172946472	0.08583305351	0.000283363100067
3.67640781668	0.0931543937607	3.08101114689	0.082281165527	0.000338594098031
3.74173921871	0.110191313295	3.18918650564	0.0805700217197	0.000277646541255
3.52497972285	0.109899267904	2.90843365987	0.0819396537396	0.000419712587303
4.01366764602	0.0903486566273	3.06756337674	0.0831932885465	0.000257929420364
3.90977955352	0.117120961774	3.32073561147	0.0858660003215	0.000278456751564
3.81819804125	0.110475160405	3.40075100709	0.0835797944778	0.000274841242117
3.93850059361	0.10597798541	3.12800822736	0.077138764704	0.000250188176029
4.14512238381	0.111032955283	3.29224813513	0.0827730945228	0.000182747529869
4.03565331576	0.108319400728	3.28544602055	0.0786273467042	0.000223915979968
3.97508812782	0.113927726776	3.36836271709	0.0747652929313	0.000228562716253
4.11547704759	0.10838500313	3.37374980367	0.0789335792527	0.000207078754693
4.07154212793	0.106571864652	3.4119135836	0.0935479807393	0.000193677303312
3.80903822565	0.10999399643	3.08896115531	0.0800257945752	0.000276082670323
3.81620153134	0.109588524825	3.08480410076	0.0776226631331	0.00031008527679
3.8422732234	0.109019851132	3.13222215947	0.0798982904716	0.000241639500143
4.13087678082	0.118085805916	3.250852335	0.0798070986778	0.000172721107561
4.19717472666	0.105957798367	3.24015320916	0.0837375607903	0.000239304337512
3.91746190492	0.115976254437	3.16653429641	0.0824437911287	0.000268527359877
3.79791543673	0.109360939191	3.1261690644	0.0814609362769	0.00030145417737
4.07991760839	0.117622453473	3.24808905629	0.0814081339829	0.000218471988344
3.84746004975	0.108784832352	3.07071298765	0.0804143412048	0.000277477470267
3.97475386109	0.111232444322	3.27549212905	0.0766438194487	0.000250382653736
4.32281327499	0.109754721352	3.28987388432	0.0792466215449	0.000148543702514
3.480307026	0.111311236256	3.15307980567	0.0884876891065	0.000271378604648
3.86267007286	0.113164343049	3.16297307212	0.112190145247	0.000259669140918
4.23239853926	0.108520338776	3.24076243199	0.0809171088852	0.000229169814649
3.94748245927	0.107671954745	3.38260447505	0.0758891822163	0.00025479493746
4.8143043242	0.10819621549	3.17657722633	0.0867675090758	0.00023494467518
3.82376241986	0.110811862809	3.09619200511	0.0799653620789	0.000342194031469
3.84112282862	0.11305932325	3.37891040102	0.0853575203818	0.000292892779405
3.8832940969	0.114113742842	3.00196401581	0.0638871057956	0.000269807412396
3.89631766973	0.111386394716	3.20605522753	0.0807786513702	0.000253690184212
3.50662363324	0.108503094239	2.92511295857	0.079410149319	0.000326113053431
4.0845285072	0.10783344053	3.23653334112	0.0759605998402	0.000214412823372
4.0776168125	0.107872758696	3.43341627374	0.0828929865572	0.000176123508746
3.912844202	0.112183478257	3.10436744397	0.0811530323208	0.000283663015761
3.69797928788	0.110280433397	2.94857264285	0.106685084228	0.000351161597621
3.98809934656	0.109140775985	2.99857865696	0.083430354283	0.000283580138791
4.23147380396	0.106294770238	3.63385319084	0.0851587331395	0.000171725410785
4.04590807114	0.109177960017	3.17386550437	0.0747810974437	0.000248669456921
3.93254061653	0.105970185042	2.99646464906	0.0813272123555	0.000308155056082
3.8324522553	0.110167351673	3.19601190551	0.0865400113048	0.000334759333265
3.94525252118	0.115322392097	3.07417041886	0.0777002248368	0.000254945799659
3.93434692186	0.109803105879	3.32471383669	0.0763454340217	0.00027578930037
4.29062019179	0.108407832296	3.62241730391	0.0779451427976	0.000181546043293
4.00521457779	0.108036771974	3.06529618903	0.0827121905188	0.000258320335288
3.87194152228	0.111555773821	3.06312732311	0.0861070750464	0.000267955566479
3.92106772606	0.104953225933	3.40290318033	0.0803713661602	0.000227439624495
4.26574818178	0.106849003193	3.16066714952	0.0819578386091	0.0002323758354
3.75500504987	0.110847567535	2.98423002141	0.0767926091649	0.000339166012018
3.70084535453	0.112250235167	2.95420054546	0.0855455323148	0.000343816480543
3.86992491978	0.109987645142	3.14398215035	0.0785699988937	0.000225456251065
3.83153016175	0.108758385041	2.9993831087	0.0821559312694	0.000316347707284
4.14173570665	0.108126208636	3.05508028193	0.0785434909315	0.000196869415397
3.7260532765	0.115649789236	3.23094104519	0.0750696501073	0.000248194284346
4.0534785034	0.105358548873	3.37284695365	0.0795567715604	0.000193262657364
4.10254771092	0.103400762331	3.39502985744	0.0846501485314	0.00023675113574
3.85581226075	0.104115049049	2.92024503995	0.0837301998529	0.000314850613258
3.84153467661	0.10954331979	3.19739119745	0.069316372798	0.000228655459912
4.05615838094	0.109777282176	3.11984536274	0.0710130001245	0.000232567122797
4.07072996083	0.0837840557276	3.11749222593	0.0765147574538	0.000238919233379
3.93362892786	0.118252978658	3.40942630384	0.0759319596344	0.000233771069263
4.15403128533	0.107775852629	3.34979293904	0.0758971823922	0.000189862196007
3.87031160309	0.1047580708	3.14365807908	0.0787083731965	0.000260489831654
4.13106899615	0.104517862595	3.2086091003	0.0780287810917	0.000217601658243
3.7824712401	0.0975043865176	3.36929633302	0.0842426119735	0.000343190163341
4.13950516158	0.102860392737	3.44019750657	0.0765154037953	0.000195634540814
3.92053662876	0.111247645596	3.09917389529	0.0737070031421	0.000251886505955
3.86371594276	0.109540357542	3.20852137655	0.0799474975938	0.000222401129643
3.92685751782	0.102616046281	3.34089595538	0.0791239589358	0.000176680100812
4.33872891955	0.120322336092	3.36438110099	0.0792725826903	0.000189115143986
3.89722807796	0.112059821354	3.21474889728	0.0766235290906	0.00027966293319
3.89365800312	0.107199713206	3.11240208919	0.0836094135001	0.000229407826887
3.82313795252	0.104733024243	3.00604294549	0.0849544939912	0.000269322119524
3.8512706599	0.100934463644	3.20192666689	0.0817721707668	0.000237764146988
4.25146560376	0.104768428854	3.03834009379	0.0854523812136	0.000229727488009
3.93995736108	0.106995683878	2.96819884539	0.0908634612984	0.000263922602993
3.40271577769	0.107877848293	2.86538378448	0.0780779984825	0.00045196815337
4.44812570655	0.108208507032	3.19462070382	0.0764457028897	0.000222158708047
4.02532110109	0.111391999113	3.63397107688	0.0759549584796	0.000238006924397
3.93582344311	0.108888689019	3.28783641877	0.087440249107	0.000203803819781
4.17445951192	0.0973266373146	3.07998617368	0.0794727833277	0.000318169791403
3.88244553235	0.108289329806	3.03612156704	0.110396258313	0.000279872637601
4.07569760357	0.111795452224	3.12330066379	0.0818137370896	0.000221426779539
4.06192862548	0.106951014873	3.54772683656	0.0797809347147	0.000210075506556
4.00239409997	0.104610070022	3.07748638336	0.0793158370223	0.000239984102397
3.63248678136	0.11052607388	3.06454434081	0.0759977959484	0.000305682004552
3.83497081022	0.105941748286	3.04146862016	0.0814483497441	0.000270017083642
3.97204111917	0.109454605082	3.22440451353	0.0810118973187	0.000238926098242
3.99679344805	0.109743290104	3.15529285053	0.0797556049747	0.000241787390666
3.98036849832	0.108710040054	3.01244391741	0.066671474207	0.000243879331031
3.69833632486	0.107205893999	2.89508720904	0.0808964918973	0.000381097352166
3.94771161646	0.109481732963	3.07238642016	0.0733884988452	0.000252506360182
3.87978755549	0.0983925224253	3.00118083591	0.0770732235089	0.00029537023766
3.93415747511	0.0974973050953	3.07712209826	0.0770514030948	0.000277152726076
3.90838152458	0.104978014448	3.11364927836	0.0783988430476	0.000259648423234
3.89729186506	0.111757761253	3.17341855397	0.0807175259979	0.000247672759558
4.03900687347	0.107335414032	3.32859634434	0.0828493566581	0.000197794290444
3.83429627826	0.110290187575	2.91979452016	0.0803871301494	0.000331083541618
3.74293104982	0.108404612385	2.91911334421	0.0840095405763	0.00036383626563
3.93546937222	0.109527722911	3.11962301437	0.0811795768825	0.000265120164025
3.821802269	0.11174650603	3.10771947791	0.0822616756059	0.000326991497847
3.98908304607	0.102782863722	3.02105922918	0.0819079487339	0.000272249890767
3.89583529052	0.109618103273	3.23489628036	0.0843497666826	0.000214168948892
4.05498675252	0.10797295513	3.25708533275	0.105784785936	0.000221861125847
3.98939808125	0.113811066336	2.8687411651	0.0804498566382	0.00023096159739
4.01092672988	0.104676789493	3.18026668131	0.0785766535625	0.000230668004304
3.9221553873	0.107145893231	3.08451937941	0.0799566160193	0.000264421208289
4.07968030917	0.108553976758	3.46131759046	0.0785550965566	0.000205001671872
3.8746218215	0.106454163616	2.97958691722	0.0917174458944	0.000296049842474
3.64597627443	0.109398510874	3.17230669206	0.0794289104566	0.000254826248211
3.79731777768	0.115398474881	2.94282589163	0.0752908974116	0.000310542407144
3.83496901833	0.111525463472	3.12984013143	0.0784529152592	0.000259536234106
3.87719806121	0.110730000428	3.00440990327	0.080994361492	0.000320529357172
3.80621405857	0.106465073139	2.8856826799	0.0830327536698	0.000333020552702
4.10623798767	0.121948172588	3.40957694516	0.0965782412295	0.000346398287833
4.39829198688	0.108590447335	3.24428942632	0.0825636411357	0.00017689291404
4.08160752445	0.114757001159	3.25759325697	0.0836971721338	0.000215751476041
4.05633498545	0.104637323737	2.97978747264	0.0774840116297	0.000218605368046
4.28030392899	0.106500705663	2.92275046735	0.0791327554818	0.000219351750655
3.71559047902	0.111847874365	3.07133830556	0.104316795661	0.000315627154196
3.71999620351	0.10126324549	2.91172034372	0.0800807697287	0.000256260496825
4.12370932125	0.113119443276	3.43142910223	0.0817892006654	0.000210750948998
3.63123218389	0.108691597076	3.13020559106	0.0809624047445	0.000312049714653
4.02128735739	0.104887404238	3.18494412955	0.0759823784827	0.000218174776277
3.83412122964	0.10913118025	2.65179259333	0.0840071002496	0.00023091771538
3.53988554463	0.106531829189	3.14546477822	0.0767515688334	0.000334237043641
3.89273555752	0.106527885733	3.02228446793	0.0824713048934	0.000290589880089
3.86965428447	0.106941251441	3.01938111476	0.0752222165284	0.000253420889268
3.8838649361	0.111816933636	3.01878498949	0.0811103235646	0.000266171679966
4.00152366901	0.108649212443	3.20512626412	0.0813898860393	0.000234395412013
3.90780553502	0.0891146045878	3.36680604429	0.0780417727588	0.000267031941446
3.86992606441	0.112278778952	3.10597541118	0.0804585023177	0.000297287611749
4.15605093743	0.104127010887	3.47393126161	0.0785846379173	0.000173503839182
3.91126408794	0.113822665005	3.0360722264	0.0751506438081	0.000252359481873
4.06555686375	0.110883214653	3.24387302455	0.0826954771628	0.000205313899491
4.10071517746	0.108264314083	3.13977424979	0.0788153606305	0.000219094909283
3.62936554711	0.0927182934343	3.02858368379	0.0768220390847	0.000262559742406
4.08103476575	0.110959991306	3.18353333869	0.0831098591655	0.000230993047047
3.91787211141	0.111639299224	3.08742780336	0.0762703700108	0.000291597415405
4.40592501052	0.106657318772	3.30198385626	0.0774138129042	0.000242838654524
3.94001164704	0.102931298476	3.17839031978	0.0857203324538	0.000239508486853
3.74288032964	0.111199729665	3.36415960792	0.0730873324964	0.000273683176036
3.83041223647	0.102624340395	2.92241843492	0.0767213244551	0.000291419360126
3.89998101197	0.0926960543802	3.17867624196	0.0830077989938	0.000252053354841
3.87348560254	0.105667553644	3.05702389136	0.0816003337584	0.000253867300242
3.61610373547	0.104276635253	2.91197800279	0.0781364334503	0.000419902562946
3.78210308366	0.110427194532	3.26509651952	0.0790556671709	0.000257502964257
3.86573487784	0.10892807614	3.17166767254	0.0831369269253	0.000263870737212
3.89201301345	0.108411962105	3.21839876074	0.0825553410998	0.00023656319406
3.62282046498	0.106320947047	3.2505198113	0.071174325051	0.000364410215796
3.93121993545	0.106549230306	3.43708011127	0.0822140256011	0.000272345268852
4.11009361475	0.107734515561	2.90419772948	0.0793790666434	0.000202005444317
3.91840222545	0.0887323447053	3.25232995139	0.112884480058	0.000220962091474
4.24607970241	0.10404225712	3.30046485176	0.0841730796329	0.000178224305357
3.93796557659	0.111025689862	3.26620186033	0.0705817574895	0.000219193892865
4.0574885524	0.101944033869	3.07221342151	0.0820408746099	0.000235302422129
3.90969852936	0.108022461289	3.09249642874	0.0812501934801	0.000246595150624
3.96380165617	0.109081360921	3.13293522037	0.072425206975	0.000292587390586
3.86686734682	0.100881114245	3.12165350491	0.0813263421697	0.000240080415083
4.00179935303	0.112240184473	3.07919000588	0.0869075607312	0.000275738484523
3.99147652744	0.0931543210347	3.08422802061	0.0803190434912	0.000302309645709
3.72341063818	0.108751503942	3.0125276725	0.0827124257995	0.000326303463181
4.05033610188	0.106799406537	3.01717297918	0.0774031946187	0.000199368595149
4.38438619295	0.10343638606	3.51250226992	0.0790668255846	0.000170490074732
3.89193683119	0.113201754278	3.05646526249	0.0609330919041	0.00029711757106
4.01725937837	0.112025710718	3.14762442519	0.0809996708281	0.000227989300245
4.54120244039	0.110367559859	3.19441221338	0.0850885274978	0.000219360600623
4.0491383596	0.114365522615	3.17957006101	0.0791462347768	0.000227843294354
3.68489513829	0.108344693457	2.8428783177	0.0767744716727	0.000319238927994
3.92478608137	0.11008376214	3.2514540638	0.0835224314607	0.000337842767589
3.9566714661	0.104704390628	3.11985793412	0.0789883025449	0.000259564554879
3.61120336014	0.109215555578	3.08565031595	0.0798833311171	0.000242133761912
3.96404660056	0.108615946233	3.11516889343	0.0805293079701	0.000275212154137
3.78578647167	0.10466198393	3.09716033922	0.0769105525247	0.000242835468265
3.50965742994	0.12080793004	2.8999806241	0.0805128544752	0.000375454215137
4.01904762769	0.108928324373	3.14266860802	0.0769975067621	0.000218020364453
3.70385425454	0.121852712033	3.11733701323	0.0856111508124	0.0002763219724
3.83106923652	0.105925043123	2.96507985033	0.0831906825472	0.000332265587791
4.05441318789	0.111179438323	3.12325466481	0.0785005513218	0.000261691420499
3.95405363378	0.100411044496	3.20501611938	0.0791309445681	0.000212672402905
3.75138241247	0.111061257586	2.77691289905	0.0714815213855	0.000350618528226
3.84514101247	0.106874993591	2.85107221407	0.0755279882551	0.000301883232898
3.52849865476	0.108846696593	3.12419281504	0.0785920107496	0.000255746017444
3.86469384816	0.10695326267	3.33850260075	0.077900438492	0.000278341159107
3.80140225864	0.11053871528	3.2325718472	0.0712068744152	0.000223392934487
4.70965014806	0.112749554511	2.99963261751	0.0815477990683	0.000243225377513
4.71454333362	0.110695093129	3.20603836129	0.0873214175608	0.000304343340764
3.83731321364	0.108025350277	3.05568968168	0.0796442458246	0.000279775375996
4.07900795952	0.111480518819	3.10763662055	0.0796687643349	0.000274920538729
3.99279759092	0.108356289887	3.07131603141	0.0756766387022	0.000234836494517
3.95228335246	0.111580899995	3.0621123849	0.0798845754639	0.000273581902271
3.97099167261	0.101906444026	3.54743629204	0.0832576807146	0.000184528448384
3.8007545943	0.110202888662	3.02638845529	0.0769282017239	0.000295370870914
4.08417646672	0.1092682394	3.21302764718	0.096454995281	0.000228464781524
3.97526531207	0.109972856576	3.02062393108	0.0815826645401	0.000236492163594
3.60914693815	0.0879804284449	2.92670598268	0.0833030281137	0.000410762549998
4.04854178913	0.11199775397	3.05263610919	0.0806105710675	0.00027859551355
3.89647499216	0.110446576389	3.0242097242	0.0804966005073	0.000313594009438
4.04459551589	0.109387314607	3.18576143142	0.0812520914355	0.000233216237566
4.07346500688	0.109724694831	2.71709588919	0.0950242238734	0.000226022446653
4.06309815444	0.111101179561	3.3370622654	0.0767558270202	0.000196454501801
4.00885977925	0.107352778267	3.23170824606	0.0840213135699	0.000250839728545
4.1368616772	0.115387569342	3.18351281159	0.0807403917448	0.000225488495284
3.91817432142	0.106829399482	3.10454512436	0.0834583992477	0.000258262351458
3.99500968611	0.104529948655	3.25585534822	0.0820187085866	0.000212499363809
4.32168728684	0.107794266323	3.33804251274	0.0782031896097	0.000141790334631
3.70781190691	0.10672875113	3.04439914905	0.0820897801712	0.000259091581569
4.09020718883	0.106077467669	3.43366324745	0.0792776394574	0.000196273338961
4.204097799	0.107548123071	3.24449542644	0.0806183994564	0.000171636245569
3.9987166121	0.110313046998	3.27307139487	0.0799891224697	0.00023180315583
4.22880662482	0.112699531702	3.16902601509	0.0787017733598	0.000189261856492
3.68511542186	0.110774279781	2.92441566709	0.0851592948201	0.000350673376178
3.77869634269	0.108417920624	3.01599610677	0.0812130298928	0.000273469270609
3.7273462463	0.110266483755	3.03224921861	0.087234901122	0.000294695787466
3.81110281301	0.108827794314	2.93411596027	0.0905850204882	0.0003648182228
3.86521648515	0.108156522272	3.03380305508	0.0793963743227	0.000279605959679
4.13260703805	0.108609468141	3.28597416017	0.0788147209833	0.000198942708622
3.89713837952	0.110686014932	3.04926815991	0.0855034250947	0.000265350635552
3.90569850271	0.104774155818	3.11237039207	0.0873503343028	0.000274807982464
3.92293891985	0.130992871294	3.01031942718	0.0890092159127	0.000264025694658
3.76023702226	0.108315652234	2.90114457034	0.0805401634986	0.000368195628618
3.96530892168	0.108573691511	3.39636745877	0.0853466166435	0.00025193714425
4.09044001483	0.106031777951	3.26399812117	0.08343306137	0.000209693837668
3.76489657689	0.109070069809	3.13006710496	0.0801415745524	0.000335744055694
3.93951809499	0.112701380402	3.18508142351	0.0805226495897	0.000251144115016
3.89374563887	0.110368768433	3.16199429935	0.0611605542122	0.000217966074142
4.18633927991	0.112677705206	3.2660052424	0.0746401524554	0.000207244332853
3.81658023343	0.102815865621	3.19380874398	0.0926042953087	0.00026173875442
4.0055277238	0.106671075864	3.25128716752	0.0868428771508	0.000233266163288
3.88780336785	0.1057089627	2.91369005715	0.0774318111162	0.000289676611607
3.81016384483	0.103871879125	3.36465232781	0.0785126965263	0.000256319708124
4.10844143549	0.104438192604	3.19939999693	0.0782585179604	0.000162095005064
4.18509152709	0.103757347395	3.13523003106	0.0849772742182	0.000222702067435
3.82251887751	0.117842141981	3.14593381148	0.0730925189032	0.000258647173975
3.85737858362	0.103588065095	2.9755471915	0.0819945365971	0.000297665846349
3.9465080756	0.107573606905	3.04012937537	0.0794163151693	0.000273532474604
4.05735797263	0.111140522875	3.04722639891	0.0805965511252	0.000271881806836
3.60754795376	0.115596982225	2.96679855522	0.0781408812145	0.000330690923489
3.80788095522	0.106394716491	3.03357437697	0.0817061798112	0.000362191291471
3.72554900576	0.10767862608	3.03368330817	0.074910392653	0.000346139683801
4.09944906749	0.111051338355	3.32947065174	0.0859309480385	0.000298611669346
4.19416773671	0.113063463427	3.25210223276	0.0825456561605	0.000211127115533
3.93550567732	0.103904287664	3.11678470358	0.0783813729137	0.000251289338784
3.55196872089	0.101152762834	3.02112977221	0.085161137942	0.000257128414104
3.74727953376	0.106053323684	2.98476717133	0.0796085974347	0.000333879521899
3.94586371256	0.11041388054	3.1298623834	0.0775210814644	0.000259709667116
3.75992924447	0.121473661728	3.0518578896	0.081514122997	0.000374204769943
3.80731412925	0.109500088134	3.01851559921	0.0723471806499	0.000299491076241
3.95002023579	0.101542982488	3.3169897238	0.0777352858608	0.000248593026754
3.69352859484	0.109479986426	3.08754346838	0.0797875519434	0.000260989456903
3.87022187213	0.103555749301	3.26084359741	0.0907475986457	0.000239810123432
3.41497320731	0.106792543006	3.07669459956	0.0868903176386	0.000252423048715
3.82415693596	0.108388749724	3.22453467705	0.0642541640742	0.000217335712911
3.98717610154	0.114345898709	3.24544752964	0.0870997504775	0.000214443620773
3.70589918557	0.109299450357	2.88965327063	0.0764809697584	0.000304842881379
3.89535155424	0.105952621251	3.17854502741	0.0842115056298	0.000197903295169
3.51192206871	0.107841118767	3.04786498324	0.0808498767937	0.000296627568807
3.73402289149	0.10938863616	3.14801641567	0.111283600903	0.000229769323961
4.058938597	0.107698025871	2.95008725369	0.0836590521218	0.000325747598602
3.97454686014	0.10754825131	3.10230923514	0.0818019471718	0.000255253605118
4.19270150225	0.111198183751	3.42836536063	0.0833549509413	0.000180098823251
3.70261309891	0.117689739567	3.10400669492	0.0774863332236	0.00030124433036
3.99013100656	0.104867032847	3.19716456062	0.0826890788119	0.000184972354649
4.12431313346	0.109429185009	3.20731917299	0.0990954488869	0.000223370772298
4.40468677203	0.11302045639	3.21810776795	0.0797928798819	0.000203068414037
4.00395744694	0.103017956987	3.01942307687	0.0803887650885	0.00018924913428
3.88164324925	0.109600006295	3.17305249784	0.0815145868862	0.000194735733285
4.17364893168	0.109444919135	3.22008172022	0.0838823368964	0.000208816293843
4.09539357836	0.105713412154	3.20151024931	0.0852960623754	0.000220996527996
3.89692893192	0.105139561036	3.06361065665	0.0726672104335	0.000277396582605
3.78419106589	0.1110022239	3.03125563733	0.0852282232418	0.000218143172243
4.56887602534	0.103362876029	3.45292315115	0.0798930183415	0.000151497638685
4.16774610395	0.112581645747	3.2310657075	0.063385756297	0.000182012584415
3.954518133	0.105563613532	3.03538528428	0.0784285942405	0.000272212564237
4.0736317863	0.0651455905263	3.2094893033	0.0829264698993	0.000244891965466
3.94661729615	0.107826638891	3.32380091747	0.0865958474381	0.000311505766216
4.07850012116	0.10521553264	3.29918093522	0.0759526907049	0.000205585532934
3.96506565999	0.104695478804	3.18670873166	0.0779709357127	0.00026274419346
3.85300169683	0.112818011255	3.18500820278	0.0774058611202	0.000246475783416
3.98729313352	0.109011629837	3.15427507315	0.0844339007036	0.000318159799497
3.64105391561	0.106685042725	2.99047210037	0.0801788640451	0.000251277836689
3.68579072575	0.105901203295	3.05367024259	0.080652792912	0.000277130145188
4.14809162198	0.108914706565	3.26284534781	0.0866801754629	0.000175032931062
4.13141770878	0.105145978438	3.0800164262	0.0807013415919	0.000233648442565
3.87323850239	0.105680820675	3.19939440725	0.076135688903	0.000265122806591
4.14044247283	0.107105235317	3.28810674975	0.0802444101779	0.000187825607251
3.75471239274	0.108806457953	2.93025069105	0.0946543765437	0.000374342074508
3.74257211548	0.110470637432	2.96522859341	0.0753292907218	0.000345872734386
4.15239312486	0.109257721123	3.22808725476	0.0786365953556	0.000220555958526
4.16995296951	0.108554683401	3.59282827482	0.0800757997702	0.000175152144224
3.93206564104	0.110691516392	2.96080112328	0.0870008771629	0.000313105971403
3.54420511404	0.110504099408	2.9515939419	0.0825701451475	0.00032155947582
3.68352711862	0.103030346874	2.89313523112	0.058045880166	0.000362976617746
4.09085589846	0.108340086459	3.27700527183	0.0769707349995	0.000231341595189
4.38402979473	0.104775794701	3.10567873833	0.0809306037445	0.000255874309282
3.73877711598	0.111242107436	3.19520388868	0.0791024606456	0.000207956977013
3.77183500867	0.110855911047	2.73900372379	0.0865626798056	0.000214022375176
3.81243438862	0.106358758533	3.25260557411	0.0913681279133	0.000218554561301
4.18296584087	0.11810683639	3.37339142045	0.0821459476433	0.000155413690187
4.14915419831	0.10733769904	3.10439176757	0.0905232680444	0.00022214920155
4.1865814709	0.115671076896	3.28713371666	0.0713178215798	0.000172050456483
4.61152041256	0.111193746344	3.52748714163	0.0888205122859	0.000112998578276
3.52424927786	0.107446728178	3.09636442081	0.0739286304955	0.000274790105274
4.47269966699	0.109377948681	3.12134730006	0.0766777699412	0.000214139155419
3.89210008375	0.11103181172	3.43297944241	0.0760570213078	0.000235541633532
3.83414519732	0.111141055232	2.98941517426	0.0766140303636	0.000323918261574
3.88636036499	0.109412537285	3.28063916493	0.0759654485693	0.000237114831511
3.70171204005	0.112042810136	3.3391494186	0.0556917640203	0.000324855144002
4.04735287691	0.108741683914	2.95916744366	0.0782367783986	0.000218229518094
3.78650440799	0.10594950755	3.03402355758	0.086368122469	0.000323058115383
3.27557769087	0.107869283047	3.15852879787	0.0802340655582	0.000264971579652
3.79063265842	0.10859347488	2.99191084691	0.0801091827348	0.000292624824078
3.67970854279	0.107938967955	3.07857816797	0.0836737841572	0.000274695793072
3.78797573013	0.0971444380351	3.14064301015	0.0899625168625	0.00021602171643
4.0351704911	0.103698383243	3.07093398594	0.0843509167431	0.000245081985748
3.91504406447	0.108294304237	3.09888791241	0.0932156427348	0.000232873129032
3.84989360311	0.100952305187	3.20638254122	0.110728519081	0.000221414340075
3.72566022672	0.110686853411	2.89801200043	0.0785179622696	0.00034011114731
4.05735408181	0.108178785878	3.18644586956	0.0818824725429	0.000211439518095
4.04973801423	0.108045565998	3.17871482315	0.0765411786846	0.000231922117584
4.21080431997	0.113065574715	3.25827406102	0.0766101817338	0.000223045152925
4.00454449332	0.10829129807	3.24773459266	0.0434451989402	0.000231579814148
4.18755279639	0.107076375579	3.256889461	0.0788801700099	0.000206548550982
4.09361153748	0.101585724198	3.21248163516	0.0752786454417	0.00022053925608
4.07295371333	0.109634602745	3.0312276305	0.0782703196436	0.000206404463987
3.94190482396	0.111084260643	3.18679530905	0.089709011296	0.000237294938151
3.84778233135	0.106963331844	3.10367140557	0.0748198183071	0.000276573766039
3.84049742111	0.109344393366	2.97360503971	0.0667368685542	0.000317116385847
4.06876760514	0.103416589451	3.24720833316	0.075442655109	0.000241436102209
4.03892428027	0.116118170466	3.25695687526	0.0944016668071	0.00021227678612
5.09054304421	0.103255616522	3.02367152699	0.0842625146723	0.000280490770449
3.90324571765	0.104044274012	3.17966165167	0.0828487631939	0.000232448973351
3.94815689173	0.109561823075	3.25459377505	0.080428193433	0.000217503151011
3.96697382667	0.0996345495647	2.84817899854	0.0851486981669	0.000250531521722
3.97520462537	0.107869723976	3.01826937908	0.0684302157556	0.000315793114812
3.85288116504	0.0933792292417	2.93073923011	0.079612717306	0.000263915549712
4.29085985248	0.109089470947	3.25261091276	0.0506726493676	0.000218082500465
4.02893513813	0.104896129697	3.13921756125	0.0706283117225	0.000235818971526
3.93804363884	0.110789511456	3.05485193115	0.077181128045	0.000279681945383
4.09633876871	0.106416882482	3.14172698767	0.0780350099078	0.00025104989474
4.0273379751	0.107025455941	3.33097474563	0.0798027053037	0.000230697328134
4.01041084193	0.109093940617	3.12397644653	0.0713604045076	0.000236930177632
3.89144803127	0.109800684847	3.22712259529	0.0830570865431	0.000254725446962
3.94598873436	0.0825558313243	3.23386864014	0.0803143717002	0.000233033656296
3.94331123449	0.110334008785	3.28797629532	0.0980884707181	0.000222134114423
3.63114878685	0.107442867655	2.94228043714	0.0744999607634	0.000379649205104
3.96827682747	0.107115305219	3.37134735166	0.0735461284573	0.000195315044139
3.89586714104	0.101846335798	3.26823079463	0.0837979274584	0.000264110241191
3.94172373215	0.107737676808	2.9151235331	0.0758828521415	0.000335502109102
4.41998160644	0.108942474565	3.0647453448	0.0852495007793	0.000303037003357
