r_HIS3_C06	K_HIS3_C06	r_RAD52_C06	K_RAD52_C06	x0_C06
3.65588667871	0.131208176017	2.95584303143	0.0856387144924	0.000191609405656
3.81971554003	0.126000108816	2.96240983787	0.0805163632414	0.000181010048596
3.51582542477	0.108961382787	2.94937913878	0.0842701418697	0.000222688165733
3.76324562988	0.114625913535	3.53643948718	0.0946082652309	0.000209611353463
3.62709419719	0.114132496947	3.03757751672	0.0843779784478	0.000225532095577
3.75603897453	0.114950817849	3.01877911078	0.0689737445428	0.000195522208632
3.63528579137	0.110661616134	2.89942154185	0.0717675445765	0.000251631284891
3.69390192729	0.108213660566	2.72573487785	0.0881431274593	0.000306247359877
3.6906328952	0.104108325122	2.95450779158	0.079404022414	0.000216530365902
3.35596451987	0.112627276619	2.87267152168	0.085909976848	0.000262120021806
4.09522665959	0.115061593855	3.07882715909	0.0828729222127	0.000170217559078
3.90778246982	0.109152863561	3.19681786652	0.0841282276587	0.00012466276155
3.61470429156	0.112235639031	2.82924479443	0.0829252477383	0.000268875030789
3.47791304965	0.109302205991	2.86874589586	0.0875788248729	0.000239830760123
3.77708637213	0.113829375357	3.21272216454	0.0844788396998	0.000194345179212
3.69441543471	0.115499761739	2.89343201316	0.0874712626017	0.000238313839099
3.58021285337	0.110523294691	2.81634863831	0.0879258133917	0.000210718171739
3.59807532117	0.106203623224	2.90106528204	0.0865408299278	0.000249602202714
3.92472509636	0.11255152035	3.01733115468	0.0843689621872	0.000231269306258
3.66106843977	0.113764755002	2.79526842672	0.0848907606329	0.000205407050017
3.79257173161	0.113553207432	2.81431586966	0.0858522635836	0.000260647912064
3.27986453219	0.100373676259	3.25391081669	0.0874328994029	0.00018881182329
4.19951489326	0.111318617725	2.94639276158	0.0764961405853	0.000208908403774
3.88021932946	0.120431597768	2.96883079103	0.0833191262437	0.000196808778461
3.77793880404	0.111085374895	3.00285249328	0.0835603894699	0.000189394097717
3.71840501823	0.110915258017	2.99709632526	0.0777740768487	0.000197083360262
4.1636309895	0.10499268199	3.21436363543	0.0808388955323	0.000160130964628
3.6968372563	0.104867672972	2.94323760094	0.0864781918623	0.000227122584227
3.52216749481	0.109768946347	2.80555659424	0.0872547596821	0.000262330733241
3.83694391938	0.114039242336	2.99158502211	0.0819099700575	0.000193206666434
3.88558962151	0.118739413671	2.97451421592	0.0858801158707	0.000192356695956
3.3465163059	0.112353059961	2.7526820589	0.0901306180623	0.000302569068582
3.9956881583	0.11604451135	3.03439007056	0.0809627399428	0.000207683202401
3.51012826085	0.0903785033206	2.72486374185	0.0815148810041	0.000297089532791
3.0108594583	0.114229801043	2.81233084026	0.0889074516155	0.000315164548697
3.27376032807	0.112223232934	2.88032111054	0.0801565243929	0.00022574028497
3.55253484501	0.0973773577194	2.7809141269	0.0851012357024	0.000282439366708
3.42393751807	0.110089526027	3.28440083044	0.0862410316015	0.000226465345296
3.59381045917	0.114107297007	2.82367336847	0.0851942606781	0.000257913185897
3.88071435892	0.110222446635	3.10238827671	0.0958341740829	0.000164173324981
3.579272822	0.111911455467	2.83475347284	0.106907370174	0.000274423078719
3.58269490458	0.108399949231	2.73773709856	0.0951155675607	0.000314600325618
3.91403081703	0.109210062799	3.07015040464	0.084800889741	0.000167806641772
3.91493032292	0.124093059864	3.18161571986	0.0874702530421	0.000153971229157
3.29248517626	0.118130769377	2.83507974776	0.0907560924094	0.000272221963393
3.71298683931	0.115231391277	2.86139656703	0.0763275508632	0.000227919298237
4.30953280445	0.103699900819	3.15655175503	0.0705066230646	0.000182864847671
3.8767918298	0.114291415471	2.92282394506	0.0849661342115	0.000171340377361
3.87165200281	0.113375260307	3.03909884211	0.0442392348551	0.000196138975373
3.58080170243	0.112249974581	2.84589879284	0.0798178175842	0.000284389672487
3.30347711825	0.113178171083	2.94441364848	0.0837657373175	0.000240459506105
3.93680027736	0.0936002687241	3.18008982788	0.0841874633838	0.000138005314088
3.93507286971	0.112947728083	3.08241301865	0.0926818785968	0.000164538058924
3.63205855699	0.111435999799	2.78909727293	0.0832979250109	0.00021043522124
3.64990132578	0.116920039425	3.10558771421	0.0811044440752	0.000227091262577
3.63472224049	0.108632176389	2.87162216748	0.083297522231	0.000277635765569
3.64691403736	0.117682313855	2.8732582942	0.116831085534	0.000251784956727
3.63270722536	0.100306228692	3.16756856569	0.0840802240999	0.000241697837428
3.64395523804	0.112569826615	2.90701547883	0.0875041842208	0.000245139468775
3.48627195604	0.113292209013	2.88873217064	0.0848785142531	0.000234083677586
3.76745146301	0.127332495338	2.90676218222	0.0831370695491	0.000189711516974
4.07641846332	0.111553739112	3.05248729025	0.0914045338289	0.000170755448416
3.83027093732	0.108040405875	2.84865368724	0.0808436234049	0.000177606415481
3.52966120885	0.113089127161	3.01191805736	0.0909713896014	0.000204356445936
3.47768145547	0.112442323727	2.71034042284	0.0839826358367	0.000248073102154
3.59226065693	0.106235358171	3.02672202371	0.0837119507275	0.000179463896951
3.89084658111	0.109235349367	3.05022752112	0.0880789714558	0.00018225201227
3.84751929661	0.10762626951	2.97498352431	0.0795793459285	0.00017881558287
3.55382134892	0.108031003426	2.88530281895	0.0861454953635	0.000251906302973
3.84064757631	0.105551077592	2.86855724206	0.0852298615888	0.00020248799866
3.80957815381	0.110162035183	3.07731488087	0.0859828945341	0.000192693817022
3.68945129123	0.117341292845	2.71482691083	0.080574177726	0.000219251737865
3.7957261061	0.110888422463	2.8217152364	0.0918725459788	0.000282915121214
3.69857395615	0.114566310395	2.95023791971	0.0845690477551	0.000224808244893
3.70121851294	0.110760181046	3.12740561191	0.0814898893012	0.000193315247959
3.66328073637	0.109550808511	3.03483296278	0.0841433105594	0.000203798944129
3.71402686893	0.111078354876	2.78084428386	0.0834342170268	0.000244963249888
3.69965371829	0.122012505039	3.11791109144	0.0828566594034	0.000194348420198
3.51120100548	0.111556550457	3.02003679535	0.0864531172955	0.000199765911963
4.26067334207	0.109122964493	2.90736148835	0.0892569058161	0.00020231892763
3.51419355256	0.110126898044	2.81623660505	0.0801959566536	0.000208406675638
3.96648271891	0.124817741176	3.04839107112	0.0941392731652	0.000170192317348
3.16030543527	0.114132260946	2.67594792393	0.077970981944	0.000347568189711
3.65830197482	0.1071331666	2.85020274677	0.0819297872741	0.000242150310739
3.53548052585	0.103991107194	2.87362929692	0.0791269729431	0.000224531854476
3.60407118347	0.108045306509	2.49144498548	0.0850797106125	0.000247979679986
3.78128111229	0.11571094232	2.95706105663	0.0857159349138	0.00018985071306
4.25971972995	0.114655242157	3.1282020714	0.0890118989664	0.000260424253377
3.71027193403	0.111920063776	2.97538143838	0.0698103882518	0.000192857644867
3.72924435348	0.109315075819	2.89772912641	0.0879560034124	0.000225938089856
3.37542809787	0.12038984104	2.9491675636	0.0943799638393	0.000237130201761
3.97135622793	0.115428417555	2.93003661464	0.0782691107757	0.000217265640202
3.73184735736	0.109243112302	3.10340713102	0.0848400703852	0.000166049557269
3.78821483214	0.109726183439	2.92991384477	0.0849760311538	0.000196511250252
3.75512370947	0.117223759084	3.10898946961	0.0728489778522	0.00020346812627
3.56932052777	0.120394988656	2.97090357788	0.083420506105	0.000218117234449
3.7956698788	0.109133633663	2.97100515759	0.0851140060605	0.000192248575379
4.10725400238	0.106476124627	3.10998589065	0.0825627177161	0.000176655164224
3.49188926571	0.109471206013	3.05220476968	0.080215491208	0.000180990376217
3.79237830479	0.107833209462	3.11580129765	0.0932395639527	0.000173806610746
4.12043835781	0.11248210742	3.46588885	0.0785492156	0.000202677223926
3.54427721047	0.120660037094	2.69541983958	0.0818268740248	0.000323461200585
3.73962863967	0.112821562869	2.99785514681	0.0894258163441	0.000201167931183
3.65292325782	0.106148924457	2.92340935534	0.082062009118	0.000250223585183
3.8396886398	0.11733338884	3.00470708671	0.0869841011016	0.000217823879093
3.78923908948	0.110325087036	3.00285159794	0.0805543305363	0.000197342982953
3.40752857146	0.116446147615	2.83305993784	0.0901670653113	0.000308092600758
3.59389779003	0.106548202718	2.74217621319	0.0836700906146	0.000227320646217
3.21762981076	0.122800810852	2.7502589092	0.104752269764	0.000305842435353
3.84509966217	0.111419866547	2.96488980338	0.0856293384587	0.000195475973203
3.6093060917	0.102695090287	2.81181239344	0.0854706460484	0.000277499062698
3.61046066013	0.113718682261	3.08993386329	0.0824125441781	0.00022712841756
3.69565547383	0.109096085299	2.9428080317	0.0868813751091	0.000232877499978
3.66513069529	0.114322783147	2.6687585047	0.0848632592726	0.000184975512646
3.36034284621	0.113556984306	2.84628771231	0.0845898771195	0.000242710630995
4.14192677522	0.111679505574	3.13802468375	0.0845078378946	0.000165736522
3.40986246168	0.11178452079	2.87788320979	0.0842933939203	0.000226563388761
3.81439411846	0.114047475177	2.85616519664	0.0836476350675	0.000254725155178
3.67897796953	0.113130941672	3.02306534875	0.0774744992195	0.000186377086749
3.36393973321	0.111907026244	2.66198346756	0.0881695839566	0.000382722951147
3.46635826848	0.105760945992	2.8444407418	0.0886994110177	0.000241009633415
3.71925720778	0.11061130329	3.05748192013	0.0818651117836	0.000162890758746
3.86908194269	0.101438581235	2.98293152198	0.0796009477982	0.000197215368829
3.72722366684	0.114202518733	3.00348424448	0.0814960577354	0.000195840961242
3.66575173852	0.115697171677	2.97521126611	0.0845664817558	0.000290498431727
3.84278726075	0.110548391778	3.11323187815	0.0819056129414	0.000162128388487
4.17186023499	0.10603386467	3.17047878184	0.0858649385522	0.000164902614015
3.43814416424	0.117466922401	2.85285971315	0.0884311652771	0.000269660692924
3.81527502308	0.1115308538	2.91703164658	0.0849856441106	0.000201256868527
4.04933561953	0.116726071143	2.80152850286	0.0876476945913	0.00023769033338
3.76913426714	0.116152483272	3.0703545411	0.0812851017081	0.000192939187689
3.51141938385	0.109813488894	2.71211005663	0.0817781776302	0.000196122892007
3.73567882667	0.110556387597	3.01720717849	0.0848012389446	0.000193474998653
3.85848620925	0.113641930589	3.01249746549	0.0829931828173	0.00018093216606
3.39835247464	0.111725209844	2.83195630928	0.0836505106726	0.00030229717708
3.81061915512	0.114559616101	2.92040188248	0.0892756917124	0.000211140386083
3.52010249299	0.110727878132	2.81841528071	0.0825923576542	0.000267745251809
3.79428828146	0.11505058538	3.03231198464	0.0829037755146	0.000199935961703
3.66341484939	0.119147018733	2.98826610527	0.0865757092351	0.00019501204747
3.66857435073	0.115506102576	3.01271997132	0.0838519008029	0.000202560432474
3.66476174997	0.113071645738	3.00332538164	0.0887361129063	0.000256017237501
3.8671319507	0.110187140825	3.05714523911	0.082261603524	0.00026749349277
3.57075305685	0.110379257712	2.95325551732	0.0917141463255	0.000276268729274
3.43291767993	0.108928530003	2.88344503082	0.0872806431789	0.000273640133832
3.85762572701	0.111237205896	2.98788386631	0.0804378013898	0.000158074615163
3.55240224227	0.113826520489	3.55989766397	0.0883381612403	0.000213665835055
3.82357720068	0.112643648533	3.14841765038	0.0874156594483	0.000151474256471
3.4867908108	0.099731541829	2.83295066291	0.0721933851079	0.000251504904748
3.92476884183	0.106445539453	3.19848743214	0.0849746626718	0.000124636252746
3.74686580816	0.116256039485	2.94936983865	0.0820958863768	0.000246302277049
3.75853517349	0.102491405365	3.15250751179	0.0813717254913	0.000183622388519
3.42332640575	0.114555131651	3.06821094355	0.0873936334912	0.000262467814075
3.5997034768	0.114951366776	3.0519998828	0.0955340694429	0.000193332918106
3.76790902613	0.11239395106	3.04698914131	0.0810967854861	0.000200991863639
3.84095573698	0.112118651657	3.00293608012	0.0858019369133	0.000248620795167
3.91228069237	0.120820414624	2.90932431229	0.0801030237355	0.000264691187743
3.63064639612	0.105485539466	2.76927897835	0.0872035494446	0.000281447991937
3.91722525931	0.111139236201	2.94748415244	0.0831423636106	0.000201193949341
3.74700433923	0.123666660193	3.04952276588	0.0888094789441	0.000181148709228
3.31769552743	0.117951879663	2.82029229751	0.085869909566	0.000263241643668
3.32533735153	0.111118952515	2.79829458917	0.0848496033282	0.000382329371451
3.72858343858	0.108505795809	3.05446768224	0.081570871839	0.000139791723406
3.73521189961	0.10830610594	2.91975064266	0.08742467298	0.000204799658353
3.97782302367	0.11047735783	3.17916846632	0.080655716324	0.000148725356256
3.64144428167	0.110557004138	2.89265548412	0.0875244376123	0.000243695012968
3.59999356391	0.11626962627	2.91282269195	0.0812942428886	0.000252298285977
3.53628383445	0.110006748823	2.83548012217	0.0839476220867	0.000274354242245
3.60779764826	0.113511203772	2.89108682286	0.0845292262684	0.000252897789869
3.66163511067	0.112587829981	2.91677884359	0.080898761924	0.000239959101246
3.76169229704	0.10579754641	3.02663898005	0.0892627152614	0.000186133329965
3.64107269317	0.112433139546	2.78535657013	0.0902930730348	0.000225047269925
3.51493366485	0.108254158092	2.85822786188	0.0827537848526	0.000243950519532
3.83539370645	0.142498154055	3.00588052264	0.0918174044701	0.000173724776228
3.65221034661	0.129081282765	2.87588580142	0.088744268234	0.000269449772593
3.49879342171	0.121189177239	2.78825303797	0.0819050146212	0.000289546619539
3.86306863997	0.108729282213	3.12545611884	0.0840198892847	0.000154963088189
4.03900895482	0.11389320202	3.15054506388	0.085246221178	0.000141716628598
3.6600277255	0.107811260071	3.022401869	0.0792319991382	0.000193381413239
3.77484115938	0.107854600901	3.25747382018	0.113096278001	0.000168645184453
3.94864595947	0.112246111373	2.92533664128	0.0826073388098	0.000208989211221
3.51221897425	0.110602096785	3.10459311546	0.0846215560762	0.00027023157857
3.60318355652	0.0950474157774	3.01544369048	0.0854356326087	0.000221040777667
3.74168734659	0.111900549191	2.99193720862	0.0798687715215	0.000197980314395
3.94082663053	0.107682462565	2.92388412159	0.0819387888352	0.000220190852967
3.6774141734	0.112526560619	2.95293523871	0.0827912808887	0.000220933950435
3.39666169176	0.115024558985	2.77604955989	0.0742213013716	0.000203979204329
3.64381236072	0.114602949595	2.73067196649	0.0838825262679	0.000254398739129
3.48293691865	0.114086899282	2.88385432578	0.0812534166644	0.000227459618172
3.73612910197	0.111442404001	2.99878149003	0.0855652716804	0.000203022142532
3.54919836519	0.128065013067	2.83688448664	0.0833893608327	0.000225348104351
3.78955422166	0.111513009653	2.65004193775	0.0843220525782	0.000186705113137
3.93553022994	0.101468046946	3.04961287904	0.0857550845811	0.000171750786853
3.7802680911	0.108417181132	3.0357132819	0.068956958357	0.000204597583098
3.96095564126	0.113657969845	3.06704049734	0.0828715265245	0.000162370164399
3.94177671109	0.0961660133947	2.96036125748	0.0869114830452	0.000210262146492
3.62197050293	0.100582822664	2.98825175482	0.0826373181001	0.000201945534109
3.53978639327	0.0336680819959	2.95306040768	0.084899133713	0.000261423773548
3.70804383066	0.112172231542	2.91914144474	0.0850145553401	0.000258358079235
3.36583872031	0.115137172406	3.47893523207	0.0838546416406	0.000176111084107
3.78683532383	0.113039503119	2.92334923136	0.0812033937053	0.000215587026172
3.77253116193	0.111872996233	3.11077181859	0.0921048673807	0.000201123712521
3.78081320935	0.111671166973	2.87637324037	0.0903905574505	0.000206011529268
3.86537250733	0.113777047642	2.68648426766	0.074530216992	0.000227244455715
3.5976392385	0.112856620867	2.86162325806	0.0856615985137	0.000288136284263
3.86032517664	0.112423343329	3.05227295571	0.078818871837	0.000160095316837
3.503335392	0.108448977811	2.77925159491	0.0867976520278	0.000299692208757
4.1134400568	0.112483104639	2.87509934732	0.0835101717796	0.000234218242673
3.69585347564	0.112986823097	2.85044237975	0.0852381926744	0.000241129900899
3.7282949984	0.112548958275	3.05124759358	0.0865789106899	0.000220083251584
3.57695155682	0.11754862672	2.85260257131	0.0906394580755	0.000244636665069
3.64222684158	0.113537140194	2.82772777734	0.080299208587	0.000213311743735
3.72283351004	0.127940217409	2.9063568898	0.0856234031171	0.000233031064916
3.72719752398	0.107822813171	3.01303292174	0.0882956210178	0.000171103917881
3.36749405833	0.109065739683	2.85441347828	0.08553952685	0.000341811654927
3.5768629969	0.110444451372	2.96593516004	0.0820012240646	0.000215752196578
3.5731683438	0.11206776776	3.05543862061	0.0847291802426	0.000227855469427
3.94373965546	0.107690983291	3.10605270691	0.0930802326157	0.000124582135593
3.77362688364	0.112430055829	3.05899242602	0.0882410354644	0.000209607739028
3.53570819998	0.111706144896	2.80829782511	0.0756775235469	0.000248153697201
3.71344702061	0.0902842429915	3.03809413736	0.0840808777545	0.000207077375328
3.45975839237	0.109763707788	2.95750817963	0.0831554153756	0.000205637152365
3.50107920372	0.113188510311	2.90878572588	0.0889450708593	0.000247239022015
3.52855929644	0.112767243118	2.92271573251	0.0843284647191	0.000243488019419
3.6681957094	0.111816560402	3.02673154053	0.0837489422021	0.000198217580183
3.80753202701	0.0968685130839	2.939094997	0.0835891251563	0.000207019567771
3.72898424367	0.109555029444	3.13553531364	0.085146479084	0.000209891025662
3.87639286314	0.109208029409	3.19283731239	0.0888376157355	0.000174732733255
3.91095337529	0.110474365305	3.04043671129	0.0837027802134	0.000186780821928
3.87039285061	0.111235445369	2.97395666431	0.0848794925885	0.000204915398958
3.66363019419	0.107535335201	2.92721298636	0.0839709490302	0.000233098321727
3.87800006968	0.104383090943	3.05544536281	0.0832860447105	0.000169340779764
3.440997138	0.112751244926	2.70482987283	0.095493597434	0.000258919731584
3.68195584896	0.104984141609	2.96362598884	0.0866147083144	0.000206763876776
3.82219951045	0.108956369256	2.98880606299	0.0921655535198	0.000178524971099
3.84558134702	0.107703928597	3.08928928464	0.0829033305431	0.000162168553522
3.77322642404	0.112918982373	2.99329139985	0.0856105701555	0.000171662791477
4.01192251835	0.109966586075	3.08487201217	0.0908980708421	0.000148137827608
3.59892358421	0.112816613435	2.80773702715	0.0814257857609	0.000233965721426
3.5430270398	0.111247346503	2.98619171186	0.0800906813212	0.000248840328356
3.75724917516	0.118034712153	3.19962578538	0.0782669900812	0.000198552814397
3.70463770617	0.117708875174	3.02369546309	0.0835231721292	0.000158436737379
3.63903577812	0.107952167367	2.88249386512	0.0889901952443	0.000234764435691
3.28039037739	0.119604249762	2.94292903074	0.135523596121	0.000235145449273
3.71142836754	0.113599486581	2.9292832466	0.0909552051819	0.000205476202698
3.55785238929	0.120137353898	2.92923940772	0.0906222073801	0.000225553883893
3.91725887968	0.115049677802	2.97324096885	0.0849093050382	0.000208083841004
3.60846076388	0.102987818664	2.95988030179	0.0874172272247	0.000204249895923
3.70198344702	0.137424016783	3.03912003315	0.116208042262	0.000184018733337
3.61689241288	0.10802642443	2.97554976488	0.0824546211987	0.000219435648504
3.74236711878	0.109842170159	2.91309047967	0.0813319191732	0.000236135551958
3.80972723025	0.109489674363	3.21773392326	0.0766013213871	0.00017462090264
3.54638335004	0.108886813469	2.82619612339	0.0837105367091	0.000284162636605
3.80390378221	0.108704110107	3.08741132564	0.0858967821449	0.000148922392738
3.80441504117	0.111832545585	3.03109285471	0.0806455014474	0.000162738673864
3.59940710193	0.112024371677	2.91314893196	0.0870489098337	0.000228098159849
3.74629977649	0.118529516111	3.07616760677	0.0827790998306	0.000188970609891
3.75278630525	0.110240088979	2.96838044597	0.0867081334302	0.000205908668026
3.58128617324	0.110921319833	3.21016019233	0.0844734330821	0.000211789010752
3.74403843763	0.102131862834	2.9951992925	0.0876971117431	0.000211726677651
3.69465321344	0.113108645479	2.91452105808	0.0827846178981	0.00022216972866
3.81934028079	0.132163077217	2.94684150206	0.0826304181319	0.000190304369936
3.28325427695	0.122337525198	2.79622755392	0.0871673768132	0.00028594428956
3.72575850504	0.103350361891	3.05135396269	0.0824215163055	0.000157518197875
3.67539946035	0.113787790757	2.87231641483	0.0848101259345	0.000237832648091
3.50350708795	0.110083994392	2.81014903471	0.0802053078454	0.00024156671083
3.58167124499	0.113142571975	2.93027331792	0.080598832771	0.000212477868005
3.76584160741	0.111810307791	3.01333557384	0.0808641082227	0.000185086642771
3.95763858988	0.110630263238	3.09044571498	0.0831822159159	0.000137760459759
3.91192996767	0.11319309976	2.3275387616	0.0829512925546	0.000183494976956
3.97152596984	0.103227166395	3.20587244133	0.0819166610228	0.000134506137267
3.8404803832	0.108441283052	2.87084794704	0.0893640725583	0.000240890353064
3.76312340231	0.113320402146	3.05881403136	0.0821600029046	0.000192476718394
4.00119128671	0.11321973895	3.10848152551	0.0830340293226	0.000139424190053
3.42172989227	0.107471101707	2.91089401597	0.085031537792	0.000259672985453
3.66313228211	0.103395075388	2.78569299515	0.0804394002506	0.000291709265415
3.61716541799	0.115298087541	2.7868144983	0.0854927786797	0.000265914173588
3.40313471078	0.111545435735	2.78631358663	0.0830500519742	0.000301534467577
3.48785607101	0.119419412405	2.78710232988	0.0989108649536	0.000291335097775
4.22158734926	0.106938967923	3.02113805679	0.0807361353602	0.0002267213849
3.5460870986	0.102234707018	2.77248918302	0.110528273113	0.000205899871579
3.86911669842	0.111265160142	2.93234434711	0.0824158467299	0.000215636570112
3.63185772687	0.106518884269	2.90624843923	0.0782351740978	0.000273842210136
3.67400543069	0.152321886503	2.92935955774	0.0863899586059	0.000233756714552
3.71635192925	0.111994215898	2.85880709828	0.0765139734755	0.000200817926898
3.69464826537	0.108534432679	2.9144753555	0.0727459004244	0.000233542504999
3.674593474	0.110658258621	3.07824301526	0.0867497744347	0.000194727910349
3.81478875727	0.100466308579	3.03202260093	0.0780690632175	0.000203675774057
3.62673795319	0.111286305735	3.01636421494	0.0837772197124	0.000211572341518
3.68611468495	0.112609575942	2.98708688938	0.0900062042962	0.000215971942511
3.35779833919	0.10174302708	3.01045882171	0.0878557232536	0.000198998484194
3.84718951827	0.117488723486	2.86496822278	0.0878556837617	0.0002316887969
3.47096794317	0.107537786125	2.72872708465	0.0775011011428	0.000308675184995
3.84961648423	0.113919197334	3.07811387225	0.0809463352742	0.000180275253259
3.76075342509	0.0833778651311	3.14016107854	0.0850711031404	0.000171384485512
3.78340026077	0.107111283253	3.10675112239	0.0677833440637	0.000187451530307
3.60694650021	0.112207323024	2.92255967118	0.080119619736	0.0002178033291
3.62479610258	0.110852703945	2.92034987629	0.0824273764903	0.000219388072112
3.7717064475	0.109587836166	3.06206576152	0.0848248005426	0.000173686005477
3.39114818222	0.111571393974	2.61619069785	0.0829580471157	0.000299331526589
4.00279133941	0.111354814511	3.30541790762	0.0834385695414	0.000133503356534
3.85231890137	0.116812074763	3.14991299982	0.0846907192685	0.000193590365999
3.21865480037	0.0974562796549	2.72612155339	0.107016194126	0.000335713917822
3.77002369287	0.112030953151	2.93179556204	0.0837788036139	0.000214022542799
3.92853945491	0.105139826378	3.25560453854	0.0767001033186	0.000130127837448
3.63029684132	0.105659834435	2.85356670245	0.0786790825023	0.000237901434786
3.61651223322	0.106099534332	3.05254951731	0.0835641467701	0.000175572437382
3.8710606655	0.110858039548	3.69395330048	0.0855988496541	0.000197792185896
3.63190200678	0.114257446446	2.95380370076	0.0845758314104	0.000221998899828
3.60415369922	0.0918664199851	2.80554758784	0.0750453447996	0.000272733140024
3.83338969715	0.110397255246	3.0734569764	0.0854955422132	0.0001899197937
3.67861589765	0.109827696233	2.79752473042	0.0854620769971	0.000250097306082
3.63225909212	0.117479780891	2.92953541513	0.0807972143364	0.000211339479952
3.67637736129	0.117795364634	2.89990324462	0.0850267791959	0.00020722457141
3.36019701826	0.113563986818	2.78605977664	0.0676244220579	0.000257411074067
3.85510775592	0.112057882118	3.03910564731	0.0840984764795	0.000168021673062
3.98817667339	0.115382032091	3.29915560613	0.0869091161236	0.000143357268938
3.68043612144	0.109781586296	3.30549894024	0.0784678717475	0.000234769954601
3.80914190768	0.11265298922	2.91429000498	0.0819682063343	0.000210451440251
3.90071366807	0.112868975099	3.06291892636	0.0702416164131	0.000175184335384
3.79919675829	0.112124470885	3.1227371467	0.0871566978713	0.000190358837234
3.76921511082	0.108605604673	2.79207853051	0.0837880312668	0.000257511744242
4.06987602606	0.112999882504	2.88788378259	0.0816241979069	0.000242253420291
3.5821389763	0.113713140519	2.97283489851	0.0804813139633	0.000214275149943
3.45069626287	0.0973297824064	2.94470450619	0.0791096967204	0.00025307416892
3.99482968083	0.119205953024	3.15648856353	0.0896551300957	0.000134401359876
3.73753524441	0.114670486984	2.97842053136	0.0830827177686	0.00020633647677
3.36348520669	0.108890412919	2.93806077173	0.0797530364534	0.000242380270449
3.79232464342	0.111639025932	3.0179765764	0.0752431029466	0.000185295987169
3.99370136965	0.114114996612	3.06161609181	0.102816030998	0.000168928610056
3.94930682256	0.10569577648	3.0687907734	0.0695645990431	0.00014787720466
3.76984964468	0.111486836455	2.88857567011	0.111777748328	0.000221615871085
4.45511535594	0.112196653551	2.88985349169	0.0815174253955	0.00023631327011
3.60887830466	0.100977262081	2.92865180793	0.0826353963087	0.000214575927466
3.78201749074	0.106984510939	2.90858267877	0.0829441099992	0.000227089814912
3.603186748	0.113759739093	2.71858402547	0.0834530063783	0.000298319441926
3.33369897661	0.114214672276	2.86074932041	0.0869613118918	0.000281884761932
3.59784267746	0.1123523109	2.73900528586	0.0885691344368	0.000261951373256
3.72636441199	0.112029433288	2.91615162922	0.0916528619414	0.000205126240133
2.89163664527	0.114376501498	3.06256268979	0.0853593766691	0.000168061510078
3.57416254727	0.107692534692	3.07849174395	0.07540677954	0.000235400901801
4.01809438712	0.105480658212	3.13905433158	0.084213689186	0.000164708939933
3.59185842125	0.111405392147	2.81748812435	0.0752323742647	0.000257689422594
3.62574369773	0.108543705873	2.87455741824	0.0851758010402	0.000238766793289
3.8267886163	0.111811294593	3.17005757536	0.0890800533938	0.000186380401615
3.8641865823	0.115833182919	3.08927983897	0.0923076118806	0.000188911756184
3.68681403929	0.109781723196	2.88081270222	0.0912867741136	0.000246852070597
3.76706514439	0.113872537849	2.9016614112	0.0829729899216	0.000206522966883
3.64257311604	0.123671022208	2.92692954655	0.0791157326339	0.000233268149631
3.82741455012	0.111581644483	2.92528210764	0.0883627134873	0.000181360076386
3.67338584475	0.107983705964	2.91424580951	0.0820679068294	0.00022486830446
3.58707680417	0.110449485748	3.15890289393	0.0848311311835	0.000248761481176
3.31891566587	0.114667939387	2.85583146711	0.0820927179147	0.000239124336617
3.71488624673	0.11616047434	2.96656960774	0.0715592464249	0.000196559932558
3.61041839035	0.0723072947733	2.85471103048	0.088104172406	0.000261095639288
3.59798928783	0.100399328614	2.95678578442	0.0825846556447	0.000213365767856
3.81690368589	0.112865440672	3.07511375547	0.0780591967031	0.000182453913321
4.01793895815	0.114656891269	3.14303631249	0.0909732660002	0.000158771314936
3.93605859342	0.124386350589	3.09842983236	0.0815355858943	0.000157186130869
4.03838962004	0.107899515643	3.22962600377	0.084705077498	0.000135579272552
3.62799048792	0.105598600361	2.95063228553	0.0892559907216	0.000213617431836
3.38616397381	0.113685280488	2.84448655563	0.0927452554252	0.000298741626689
3.47704814922	0.119967386833	2.80449259036	0.0866857899923	0.000280353910445
3.82748946748	0.111885331374	2.95395285142	0.0929109068917	0.000230567838158
3.66752293121	0.109093338954	3.0291261263	0.0814477055532	0.000203649509715
3.57633794115	0.112722097999	2.89182037097	0.0822553065393	0.000218150986988
3.75436312152	0.112534371975	2.77854025773	0.0889138478274	0.000267600669441
4.17750135135	0.105945078071	3.08479438452	0.0832937163387	0.000207612924464
3.49286079408	0.108897721779	2.94628448105	0.081487143734	0.000204562640077
3.85653800986	0.109243811909	3.14040861887	0.0873375177563	0.000163244954033
3.46202707292	0.111680494983	2.86330024747	0.0869078828474	0.000267590581816
3.65433557465	0.113406757968	3.07920593153	0.0836222667412	0.000167997910501
3.91912354594	0.107586284942	3.10485122359	0.0879059606963	0.000160869263876
3.76106395896	0.121431557302	3.16355089127	0.0849059022002	0.000191973422475
3.11889187705	0.113553140995	3.0297992154	0.0822893561553	0.000204742688009
3.88623004916	0.116081047772	2.98033865035	0.0816281383099	0.000221967031621
3.6670501034	0.113839787215	3.01062032122	0.0828557915766	0.000272227357201
3.73672812516	0.119460282755	3.17668976935	0.0631848890547	0.000211104267577
3.57736511685	0.115059658981	2.94729596188	0.0835412916553	0.00023376142609
3.72600589685	0.11181848967	2.9746906738	0.0808559089726	0.000190534898854
3.63645843327	0.109097024466	2.8459463886	0.0804302955871	0.000228266890306
3.60577609127	0.124352635521	2.82845141212	0.0907985875103	0.000243563802469
3.91918456756	0.104920495947	3.06585913506	0.0828002055676	0.000180929546623
3.62380670873	0.0973043285625	2.86237641656	0.0882530358985	0.000253600822907
3.50869134994	0.103845189476	3.10386072584	0.0848569444098	0.000240828851675
3.60195409462	0.10315818852	2.80009425383	0.100710938096	0.000274823714873
3.1609827181	0.110838568279	3.00994525245	0.0845784416228	0.0002443274947
3.76854941705	0.114172143369	3.04123896857	0.0855891918104	0.000177531223037
3.66654772882	0.110517722572	2.82436666383	0.0842506306374	0.000264782500954
4.09919167682	0.110601181841	3.02274155361	0.0834181392805	0.000178084835455
3.59786434753	0.113242768247	2.83078660858	0.0813436752285	0.000223642542817
3.64072204341	0.105498324749	2.81559763527	0.0829049675835	0.000265712138041
3.73293687151	0.115288606763	2.96741441039	0.0860117393933	0.000225344792458
3.69350557209	0.128596969134	2.97837302766	0.0819099510873	0.000187943065831
3.74777419901	0.110140497368	2.98375237709	0.0853432808425	0.000208269904828
3.65186098979	0.111424129034	3.10484949162	0.0851703154414	0.000214942171256
3.56466797685	0.110928054049	2.87483643106	0.0763070639398	0.000206989277331
3.60040009147	0.110530933408	2.99820668133	0.0866739529273	0.0002601523955
3.76322515324	0.112813319206	2.98651414489	0.0825184446173	0.000218648496484
3.70727712446	0.10573248573	2.86897894325	0.0844892069169	0.000235044703472
3.89139828968	0.110660533815	2.73504170119	0.0832667757572	0.000207603310727
3.64680463433	0.106284715107	2.69711289188	0.0837695463629	0.000234215301771
3.57729749098	0.0970035551939	2.871270217	0.0794103551631	0.000251807834088
3.61966364975	0.112531125556	2.74952784626	0.0785182727321	0.000303624787387
3.68384111403	0.113098268089	2.96079779337	0.0825773297231	0.00022281540533
3.52608185296	0.114773653873	3.04053075068	0.0836272479293	0.000242317605793
3.79783503162	0.111128563911	2.88685938779	0.0814039089019	0.000220919650471
3.65356298494	0.10721938058	2.79845975262	0.0840614641231	0.000250629422837
3.53188754529	0.11089643222	2.79862657768	0.0841440393582	0.000266666550915
3.68926604356	0.107663545309	2.81363275365	0.0927183645306	0.000309493770681
3.69327443363	0.12134311494	2.77184986675	0.0762932933315	0.000263172169716
3.59037093866	0.0913925311154	2.9339301078	0.038934450883	0.000244561532715
3.6844219882	0.111943759519	2.8780165953	0.0857636215315	0.000225838237009
4.11548155529	0.113459210453	2.89304733828	0.0867931663425	0.000234490321415
3.94209360287	0.113775481207	2.94904343655	0.0856479094248	0.000211940528732
3.84930034949	0.107987658573	2.98192012357	0.0831147412174	0.000194772075136
3.67733142294	0.112016161418	2.9342088301	0.083831354403	0.000261770767836
3.71840834668	0.108488575527	3.07289679156	0.0567919908633	0.00022270612889
3.59773377252	0.103762149623	3.08317321766	0.0835477882009	0.00018467779654
3.6711172172	0.102868769291	2.89089613073	0.0815228029638	0.000229206398857
3.63739068488	0.111833790147	2.93240132586	0.0864553488461	0.000209134899171
3.58716680107	0.107088194743	2.91513153973	0.0849670116149	0.00021063721446
3.39256818437	0.113352095608	2.85944955448	0.131664756714	0.000236796391219
3.58434575785	0.115782515937	2.95024360379	0.0841746664849	0.000231406590627
3.67994064578	0.108168769124	2.89751440529	0.0878788715335	0.000234351036882
3.87116869375	0.107575509126	2.99813816738	0.0811547507644	0.000190444727164
3.77330886067	0.114974483442	3.07576045021	0.0826011527593	0.000153999890886
3.6984072995	0.111506902398	2.94039284585	0.0823285491558	0.000224542652259
3.56415308354	0.137467595227	3.08966110457	0.0797666894238	0.000247812651768
3.45432198407	0.110023429584	2.80074468917	0.0904754138848	0.000281942858163
3.83420341973	0.113345677448	3.07473281007	0.090330585103	0.000178947082768
3.73002260932	0.112022989455	3.18337205047	0.0845512950348	0.00022602448335
3.79570138819	0.110460788542	2.90134637452	0.0881645139005	0.000250794752766
3.45847213027	0.0914450431371	2.88529993547	0.0932112048046	0.000266431688697
3.62702551868	0.114249566823	2.92629957885	0.0825857217041	0.000234419221541
3.75783670003	0.108446463697	2.82364243439	0.0913678627086	0.000201937419862
3.77467329792	0.111412129663	2.95041685653	0.0838871647053	0.000225543030602
3.56843476263	0.134470113287	2.92840836089	0.0827542819899	0.000232855964059
3.51642677979	0.117935474433	2.76503776552	0.0868183652871	0.000295409156608
3.85081830558	0.110551029575	3.03512805399	0.0853234243201	0.000193147465347
4.22377338183	0.110923709628	3.43184761579	0.0875728057948	0.000183140217874
3.95488763384	0.111263564773	3.12525046318	0.0857831871605	0.000144784325851
3.93603540554	0.113855134988	3.14736435907	0.0842150017776	0.000143293005746
3.31852739129	0.11196334537	2.79537717982	0.0975082994712	0.000265279807051
3.82861449482	0.113583119457	2.81604541945	0.0872643578457	0.000233919583067
4.09691982816	0.107195075575	3.26234744356	0.0911723848918	0.000121426187304
3.82762203475	0.117129613555	2.8015345185	0.0833581345134	0.000222450275814
3.6759543357	0.105893416	2.96697823681	0.0927830669467	0.00022939582064
3.53579309529	0.111957703424	2.74348419964	0.0918646734638	0.000306352850989
3.69547013203	0.11154941904	3.11921193103	0.0950601012005	0.000212917987043
3.87863832321	0.112470371301	3.02555773591	0.0827809128386	0.000172899101597
3.80179295396	0.117706881069	3.05608526722	0.0791127576303	0.000164747555223
3.67647690228	0.111971870924	2.97271674009	0.0841296522856	0.000208075362526
3.54356036299	0.109688043631	2.94994119212	0.0825874526763	0.000197859413047
3.59093085007	0.122481242576	2.96856323319	0.0839068415954	0.000169685477597
3.63691356574	0.108248867341	2.91008087023	0.0803498267729	0.000231818024862
3.57741313431	0.113651563675	2.85888935239	0.0792196104702	0.000272004655086
3.70790969496	0.0725715689549	2.94974795152	0.0828199289017	0.000207800285787
3.67618392827	0.112012551715	2.95309544301	0.0890608398975	0.000216821862916
3.86474151858	0.114299850587	3.04095513538	0.0818664465971	0.000187778000585
3.73604505201	0.110515462544	3.00047217445	0.0839271749379	0.000199901528579
3.66051790675	0.110922354872	2.91345594838	0.0816220484118	0.000213644703429
3.89821860706	0.111297136766	3.00090757606	0.0740182606438	0.000216176579302
3.58109741533	0.112868148145	2.96125017366	0.0887440430194	0.000241529913204
4.26622622881	0.106203128414	3.03326420274	0.082683410608	0.000165754699196
3.69749185312	0.11137944259	3.02172404753	0.0855718751064	0.000189176590802
3.55299836402	0.117096486766	2.90647473613	0.0770906144885	0.00020150524691
3.51156901309	0.133247600535	2.61040733673	0.0855684385942	0.000269527412041
3.65843493355	0.105466823361	3.1276458757	0.0781345861773	0.000196701624563
3.90954125401	0.105984277128	3.0965030406	0.083682745895	0.000157245080785
3.85263579183	0.105017726311	3.00157862083	0.0891248612971	0.000176099402914
3.60427113514	0.111623073095	2.93001727131	0.0934695350119	0.000244144842138
3.20765977498	0.111154567223	2.79647312108	0.0853494944128	0.000269606030814
3.61020454655	0.109236532567	3.1295318241	0.0818327809958	0.000169979360541
3.50653457567	0.128824613488	3.14218315908	0.0804141234749	0.00026708495886
3.58900644092	0.116525978226	3.00147161941	0.0812053324384	0.000187090025658
3.75389842462	0.112674129408	2.95515586084	0.0821025316251	0.00021265659635
3.74585582746	0.110944350917	2.92183485816	0.0862658175506	0.000215284625136
3.75839709945	0.112232557058	3.17387615229	0.0757735302239	0.000193483464551
3.80733003214	0.111100758768	3.01140562265	0.0750350873442	0.000165772388456
3.593880968	0.11590542249	2.91855893742	0.0909672939421	0.000259932472818
3.93260014825	0.109534703852	2.98780250631	0.0865555208473	0.000220156036216
3.89956693914	0.109568688539	3.02379633678	0.0825778881523	0.000180278261132
4.54999522205	0.108055509951	2.89722859422	0.0892746768755	0.000230616506963
3.77011275844	0.113192395396	2.99998484063	0.0927028084426	0.000224795781442
3.81439542374	0.113447142775	2.89300631235	0.0843579182168	0.000234755054964
3.62797353247	0.111643614198	3.03245133998	0.0818466106817	0.000249835566531
3.63025428101	0.107192051239	3.38367161427	0.0832346759683	0.000210854202694
3.55658470305	0.112891441695	2.96669104426	0.0868762083538	0.000216620836357
3.8885016665	0.106395310459	3.08133639908	0.085483710029	0.000164682802166
3.5897120355	0.110078507498	2.91783885218	0.0824596336683	0.000237818289268
3.57200137764	0.113938811234	2.91169498706	0.0821129673441	0.000217048607733
3.72331720565	0.114579660867	2.96804449736	0.0967811640255	0.000219042483919
3.60771692083	0.108599229397	2.87417618221	0.0840130992254	0.0002337397359
3.56962303266	0.110968943719	2.78413784379	0.0814928972953	0.000295650615579
3.52249504091	0.109629295613	2.92918592108	0.0690451965674	0.000233354837591
3.66569087717	0.110932215541	2.92662288052	0.0834759418004	0.000217037193433
3.65538326215	0.120348143791	3.03575846745	0.0847439013724	0.000258610191457
3.57578549728	0.110998756975	2.96016474263	0.0746879135487	0.000221021325691
3.67212109228	0.116122524927	3.11409736743	0.092363879562	0.0002293281082
4.07053577854	0.115993682344	3.14428878584	0.0832788625366	0.000132108039617
3.44634493803	0.108157669283	2.85288073324	0.0817620402665	0.000234867092248
3.69127906922	0.104783112798	2.81909864787	0.0848432579898	0.000236850793687
3.41841876091	0.0994280249358	2.7556861982	0.0865190922213	0.000283792304735
3.81017567735	0.11241582965	3.16284245923	0.0844873702951	0.000178395877912
3.62953897451	0.113064664127	2.96809686407	0.0813878304893	0.000222374659344
3.84345667324	0.104350252096	3.14567674585	0.085618184771	0.000208664635282
3.85530032427	0.1118081799	3.04121983968	0.0864262829762	0.000149825920234
3.74799987746	0.10318760411	2.93862247488	0.0970705034986	0.000226631774713
3.50015512451	0.106931714219	2.97967698927	0.0859730733863	0.00019982867021
3.6390470076	0.109973688558	2.81103754563	0.0890856921022	0.000256785338212
4.00107526354	0.100244761293	3.09377205516	0.0858749356111	0.000171059288401
3.61338703776	0.106308090841	3.0514061311	0.0773459226832	0.000178836834344
3.57644759519	0.143824274942	3.06206075518	0.0820572583083	0.000216513585837
3.63738219816	0.113662696994	2.93368472603	0.0868319640395	0.000235877244403
3.55332485912	0.0993518034873	3.02624233484	0.087284286304	0.000232228172761
3.83828010442	0.109355472769	2.99710863015	0.0731103388457	0.000191290075244
3.75244661981	0.116159724517	2.82856757765	0.0839493756983	0.000242467184378
3.87178960961	0.110539244918	2.93231495833	0.0830059135155	0.000229299133938
3.65021949631	0.101281574279	2.88978126959	0.0799037365377	0.000220540412333
3.61514282532	0.112847781834	2.86611659894	0.0850491738353	0.000260631729575
3.76272070124	0.107182037525	2.86311310179	0.0827262628806	0.000242994718411
4.11919147164	0.102291861936	2.80639294523	0.0905767454026	0.000260006124441
3.52658654987	0.118857594987	2.84274150765	0.0765876207391	0.00027124410005
3.97652595421	0.122421715604	3.27435448147	0.083236798091	0.000176033996668
3.71101305266	0.111496630283	2.85528806283	0.0823690189926	0.000251676949788
3.86280186621	0.1054189913	2.98706974457	0.0866997717899	0.000195580597775
3.93270311159	0.107502897438	2.96427158099	0.0848944120006	0.000187591345617
3.513002905	0.107354856545	2.95624029952	0.0640388417076	0.00018825461753
3.47459098473	0.110877393422	2.59728177922	0.0885155704674	0.000314287508471
3.72020763079	0.114436194592	2.88731606114	0.0785874157081	0.000223186357575
3.96643435324	0.132615708157	3.32835258574	0.116443674442	0.000132709536743
3.60585142279	0.115319901127	3.22209646069	0.0783732387498	0.00012938700838
3.72009378595	0.115367216104	2.94891829308	0.0755790085424	0.000196101113147
3.6786851327	0.107859258136	2.88566942903	0.0807042098376	0.000230293004482
3.86026629955	0.111149728013	2.93206851018	0.0832296080347	0.000210111036543
4.02755022594	0.110984827383	3.24964773513	0.0827411069316	0.000119037808273
3.6940344147	0.109737491606	3.13391671576	0.0889266429634	0.00018184523106
3.6825727105	0.112385023173	2.93556026077	0.0876617426976	0.000226860108006
3.65321650592	0.112296493756	2.78244255127	0.0808821470646	0.000219132059698
3.46516414944	0.0998198698482	2.72719973803	0.0843539251224	0.000303566251098
3.5221913524	0.124045597123	2.92712528002	0.0871828552129	0.000231762627468
3.40327527505	0.117892299668	2.74061859704	0.079313733026	0.000319418278779
3.74292756066	0.104149654645	2.89778538611	0.0968973316417	0.000241507144861
3.53994587772	0.110181078639	2.86713338462	0.0790966137436	0.000267837320528
3.6988320767	0.107519346519	3.15894590188	0.172325942739	0.000173371173059
3.57350516501	0.115002719349	2.96724928379	0.0848097977254	0.000256148966817
3.88787425944	0.0948980996598	3.08570477453	0.0813443471204	0.00017855381158
3.80862029648	0.117839338965	3.06118179454	0.0764727454099	0.000180428867964
3.81178013137	0.112062730984	3.02322943284	0.0623562571216	0.000204823872908
3.89708909747	0.105044008038	3.08704060747	0.0844516335108	0.000159124958973
3.68282758285	0.10940922642	2.86950680369	0.0907389895255	0.000247888176004
3.54640864572	0.103530826414	2.8534402324	0.0830084803478	0.000245436235584
3.83456494023	0.110591408441	2.90215894591	0.0822086757135	0.000203870766462
3.77828358796	0.115479183651	2.9610573748	0.0813425030203	0.000218346305286
3.53575844723	0.114161046025	2.78215176594	0.0824900127261	0.00026213161361
3.36470495832	0.11242695234	2.6976342577	0.09068557111	0.000309288874916
3.98800128684	0.109184216359	3.19436294267	0.08302269514	0.000145420725449
3.79665680893	0.111985988964	3.01165082073	0.0875735174609	0.000201644712402
4.22599273603	0.111636824995	3.29742885088	0.0784041878692	0.000119476708392
3.74588626571	0.11313541585	2.92652066672	0.0840010812354	0.00020214539299
3.89545661229	0.110223836086	3.0405626443	0.0808035611618	0.000166197119447
3.87240955589	0.109144500035	3.37367290316	0.0849315598757	0.000172719768493
3.99749319604	0.11659546117	2.8397888644	0.0815837037543	0.000256328742134
4.08035145045	0.111050494656	2.97127207123	0.0873016439602	0.000194712462847
3.86404960044	0.110104774091	3.07755893877	0.0825807659703	0.000182684609338
3.76557175062	0.109932915197	3.14781591023	0.0673046759823	0.000166566129836
3.77692562097	0.104760469746	2.92165455114	0.0836444007367	0.000205225684361
3.97082414418	0.11493150618	2.9053372411	0.0806771183409	0.000153768366936
3.56971062862	0.112571203475	2.91731252906	0.0844915180958	0.000212499402231
3.7399879623	0.113565765842	2.98530408351	0.0847572891745	0.000181971115182
3.60360858812	0.116152904985	2.89284294056	0.0844654912266	0.000244793232489
3.91659392794	0.112206602274	2.99586723832	0.0820885374014	0.000193821498945
3.33875966125	0.113608653504	3.13886541794	0.0801051744787	0.00016376058565
3.89155544278	0.111198095001	2.93172175103	0.0869667965072	0.000199572245503
3.66942619118	0.114713946487	2.99315108652	0.0858132060283	0.000211321039954
4.11995999399	0.119942800591	2.89449977945	0.0839469417283	0.000200489598699
3.60220631786	0.111010071915	2.93707594233	0.0911078419097	0.000222380792626
3.83758704205	0.112421881678	2.99403981132	0.0747499310596	0.000222324850636
5.13065163855	0.102463873088	3.04973403084	0.084144423161	0.000184013118143
3.80343467858	0.116624305877	2.8204388375	0.0938360552946	0.000238013327291
3.76935884651	0.108303262354	3.06852246572	0.0844433849288	0.000180874161422
3.51820938678	0.117875847465	2.91157464909	0.0744956559196	0.000235103941377
3.76535872422	0.113007250021	2.99055107466	0.0901166924089	0.000217835470873
3.74759662404	0.112442578819	3.1749376925	0.0844457993826	0.000176330521007
3.39197403278	0.109307877194	3.03437359921	0.0842729675409	0.000183735452135
3.6679460678	0.113447301418	2.90713086841	0.0851206592186	0.000210119123569
3.80915436758	0.127282031099	2.95832397312	0.0807193832457	0.000192449633891
3.85668228911	0.105525064658	2.94268296558	0.0664135188307	0.000191586867965
3.85888690543	0.113117769554	3.13192093139	0.0812230711274	0.000141792345468
3.51872452612	0.117793306981	2.88971970743	0.0821111325122	0.000282518208292
3.65890577947	0.112926089296	3.15847510146	0.0858849703469	0.000197587227622
3.72960528096	0.110658697495	2.88189419058	0.0853006341781	0.000237189294167
3.73350393346	0.0732461263556	2.77068459181	0.0881863907234	0.000305922194762
3.37317142335	0.108946330442	2.8919512505	0.0864064117908	0.00025936937732
3.43416049901	0.108780213281	2.78686373549	0.0826466981755	0.000333820224099
3.75914974558	0.11289121896	2.98318258144	0.0851521356444	0.000199057679302
3.59960516017	0.109441269216	3.21109711489	0.0831653107271	0.000232576000422
3.70376588251	0.111372385377	3.0006443982	0.0878799774867	0.0002066190433
3.15489210094	0.114747661238	2.93720446207	0.0861283421672	0.000227590864193
3.77537343591	0.1084748426	3.02855545716	0.0893164807186	0.000177553540549
3.702551172	0.110241518822	2.91072473166	0.0723532692453	0.000226834843485
3.50672101187	0.112060283363	2.90301821799	0.0869225299328	0.000246661628846
3.43723322995	0.115496061897	2.91944370617	0.0804761756107	0.000228812018156
3.83149388318	0.113958055908	2.93480112359	0.0762664537966	0.000206292485932
3.6634157762	0.106397856362	2.93693727466	0.0734541832856	0.000212191992335
3.10329869488	0.122612753205	2.93697906049	0.0836674508883	0.000199863368333
3.54372482041	0.112283206771	2.93752009267	0.0848359920625	0.000223660163585
3.78243774811	0.109640014071	2.91161595943	0.0828483839078	0.000255923399164
3.65593292458	0.106533591	2.96245703659	0.0834472552869	0.000225431629095
3.60000574283	0.104837052581	2.87736397011	0.0877552481031	0.000258949133992
3.73960607736	0.105677930505	2.97060806957	0.082345191169	0.000210790234107
3.71263519024	0.111358996498	2.78964766971	0.0803450283749	0.000290400188138
3.6470547648	0.110125389556	2.88541380261	0.0757579939089	0.000251936895046
3.76907118114	0.110059147523	2.83494401446	0.0841633790063	0.000297212100562
3.81847391606	0.113380971874	3.07737862726	0.0826981146896	0.000209098308571
3.6274510291	0.114381425859	2.82337094607	0.0822794457435	0.000220100268404
3.94626010552	0.124109290971	3.29658561196	0.0792419566243	0.000176015429647
3.79192692492	0.106819561841	3.03251361094	0.0793561410444	0.00018401246184
3.75611475862	0.11284266636	2.97492745585	0.101694557207	0.000196818492499
3.81303827438	0.102272920519	2.68577998578	0.078487034565	0.000165989648448
3.69026801848	0.103609798104	2.74920878074	0.0851675465006	0.000251825670822
3.64020011721	0.136858858678	3.05159502175	0.0839576516234	0.00016158679603
3.57814234776	0.112709439949	3.10116002994	0.0758793926839	0.000233130230677
3.91737034846	0.117071670647	2.99025702766	0.0853335136397	0.000180951941669
3.84145194354	0.110427441825	3.02980030317	0.0877411142494	0.000187278878331
3.19695282103	0.110501084766	2.54823167551	0.0846522647893	0.000284399527033
3.74579361719	0.109331563972	2.99154847021	0.0841683678664	0.000219908843292
3.62409619781	0.114464526678	3.07169349825	0.0846118852774	0.000221989431403
3.63259777097	0.115425714544	2.89127293309	0.0884775230976	0.000238649132174
3.63613918901	0.104375236284	2.84218150667	0.0840423278001	0.000257914704917
3.96736572081	0.106534776135	3.0044230615	0.0826567165793	0.000173899529088
3.73663635648	0.112701769031	2.91553946014	0.0970618427117	0.000240401399702
3.58890289527	0.102364860938	2.97156649752	0.0936616056516	0.000260872645703
4.02198359563	0.117088490807	3.07334873585	0.0804231017246	0.000160755282253
3.55578265895	0.111043501111	2.73325381395	0.0951146164257	0.000256619715619
3.77990522948	0.119779046573	3.07879782237	0.0911265321424	0.000173953731062
3.62090493607	0.11116878759	2.88501090431	0.093781082276	0.000221467324697
3.55187802846	0.108446073351	2.77391492319	0.0796636758593	0.000281993712508
3.63957263241	0.10904986583	3.18716599173	0.0924626401152	0.000194699762237
4.12235615565	0.119001203066	2.88716596001	0.0854977283305	0.000238548499869
3.28207973113	0.11007452548	3.27073007968	0.0824422491588	0.000122914137281
4.00886642702	0.109875312681	3.04883413669	0.0814754584851	0.000172432053527
3.26490981849	0.121782528381	3.34240366367	0.0813013451988	0.000190058921522
3.81200067063	0.112471939406	2.84938080484	0.0881912212801	0.000244326454485
3.40405529643	0.11311516159	2.81209400156	0.0883037799187	0.000289054692385
3.59250506176	0.113922455328	2.93455921346	0.082432748969	0.000208626913757
2.77881072822	0.101687053537	2.79956377758	0.0880773533806	0.000307767271945
3.97755159099	0.111619613074	3.06851013707	0.0843459158073	0.00012999310213
3.64338370448	0.112989211762	2.98466169799	0.0835505846015	0.000207225925195
4.09556606947	0.100683362146	3.12461147882	0.08356796948	0.000194746211385
3.73717483437	0.0956522892163	2.78577380408	0.122483970896	0.000258193193069
3.68926860301	0.110546458079	2.75000233066	0.0836737430822	0.000212746899264
3.70249664661	0.11120214921	2.95547522425	0.0775681721777	0.000214301975128
3.599559114	0.110076602357	3.0568581533	0.0852739284443	0.000185557740634
4.1114884496	0.120119519319	2.82437434866	0.0670494879298	0.000254751367675
3.26848366273	0.111588421666	2.79666945092	0.0883928745713	0.000368884127555
4.00992566601	0.107156438186	2.88964215405	0.0794381188432	0.000229792595329
3.62700917427	0.112609074573	2.7615017319	0.0910944563855	0.000274657165394
3.64661200733	0.11121244495	2.85934199732	0.0862527898669	0.000256824553667
3.50335388817	0.112791714662	3.05699312891	0.0817399932468	0.000243003005264
3.6508736197	0.117039929227	2.98614021384	0.0827972377459	0.000194734439922
3.68386777832	0.111733514419	2.98972165925	0.0830746905445	0.000204748207353
3.52631431112	0.114584037578	2.78393364896	0.0829437960703	0.000300879128237
3.56401032737	0.111638096799	2.82539305803	0.0905817966349	0.000230225622599
3.47507614564	0.112677429404	2.95057831185	0.0719265078297	0.000215325775346
3.8280197504	0.114518032985	3.29662896832	0.0668068534086	0.000185138984634
3.64941111279	0.11919891874	2.919602444	0.0968167620061	0.000201089683957
3.81651437876	0.11432771229	2.85161758416	0.0908246071512	0.000199750260814
3.33158841547	0.119006636019	2.88270191428	0.0820708352639	0.000263428419195
3.58045435418	0.112964227813	2.86142131687	0.0776921980701	0.000232542588062
3.96469721902	0.119524908919	3.10950687101	0.0816260204031	0.000229048997642
3.70420962384	0.117156075617	3.13336705727	0.0916819819396	0.000212049623519
3.61414387521	0.10820257504	2.83911298328	0.0850629095167	0.000247048078587
3.5144826895	0.109024323889	2.80017875083	0.0884100384521	0.000249028568495
3.75432448562	0.112696580937	2.95210448166	0.0839607227745	0.000203174709651
4.03040124131	0.107438925544	3.37293939137	0.0853767539523	0.0001892661603
3.63347613528	0.1120106044	3.19760459825	0.0872263200571	0.000157678175544
3.61672774312	0.104005686609	2.89603260522	0.0855493311673	0.000233305192195
3.93156680404	0.11048353045	2.98003159361	0.0819134015257	0.000180576756314
3.63796792447	0.117270536435	2.97840956022	0.0670059489799	0.000208587632704
3.75422211086	0.110782122809	2.74805849237	0.0914001530107	0.000256359999315
3.7357029013	0.103645744271	2.98512622985	0.084007398921	0.000217471840317
3.7200694635	0.113027252704	2.90234825079	0.0849244360089	0.000213648766417
3.94723593025	0.115049533902	3.01256616294	0.085977632086	0.000183695800198
3.56969720782	0.11504882192	3.0754868408	0.0822431781384	0.000224748734207
3.62364863337	0.111023908028	2.81383675241	0.0847535617445	0.000290056711564
3.73496440037	0.11162250556	3.12536188415	0.0804749026319	0.000151622392656
3.38059622374	0.120107869811	2.9130729998	0.0807378756829	0.000243402769459
3.40895552997	0.109156646485	2.8676359014	0.0822560966639	0.000248175474271
3.70421931191	0.10614077912	2.74619869786	0.0892844197468	0.000226829179007
3.79150438077	0.112036994007	2.94593557159	0.0787519023156	0.000186580787385
3.71420107226	0.112665046602	2.90333356067	0.0883009285521	0.000223543023105
3.69380359901	0.111333001402	2.97296220755	0.0856133995018	0.000206652159975
3.84149842983	0.108800410974	3.06589412401	0.0836513079695	0.000159134820442
3.81130211421	0.116566633666	2.92311115446	0.0830607918968	0.000226882411455
3.73020331645	0.112041372847	2.85383884279	0.0826397511651	0.00024618568197
3.28876264087	0.111873735256	2.77271560784	0.0854026734325	0.000298000869099
4.10217149303	0.11026558835	3.11064938619	0.0834604979469	0.000132872010598
3.82125689061	0.112539052394	2.9419130777	0.0813578287845	0.000205076182881
3.40086600449	0.114051644272	2.77422057403	0.0841167165685	0.000282172896785
