r_HIS3_C07	K_HIS3_C07	r_RAD52_C07	K_RAD52_C07	x0_C07
3.08949937582	0.106794586592	2.47569159992	0.0766379464579	0.000275971270152
3.3192738581	0.118449201308	2.59847145025	0.0659173258347	0.000213495859024
3.40856725999	0.121248557336	3.06168038329	0.077403973904	0.000154927722098
3.39084296243	0.106539027802	2.50672136722	0.0869165680234	0.000236128423201
2.96051735626	0.106587949086	2.50491478841	0.0734649708616	0.000291765672899
3.07978429162	0.107787998769	2.59000205403	0.0798633944617	0.000265999582015
3.41595722165	0.105275545846	2.76495754824	0.0750826246873	0.000191793703216
3.38488773001	0.108534157394	2.75243557494	0.069490298014	0.000205421442387
3.32153641808	0.107738134849	2.62085159107	0.075331548972	0.000183873269807
3.12767190406	0.111054251547	2.61573585609	0.0799290639365	0.000196372117389
3.41010681255	0.11306748469	2.58564884581	0.0718637859459	0.00022592847455
3.19979474039	0.104644720843	2.65759615606	0.0785860206682	0.000217531411543
3.4740496504	0.117588975292	2.84766632029	0.0815067440599	0.00017032692165
3.32746909814	0.108648371501	2.51562085767	0.0798514432493	0.000238868526007
3.22768617517	0.10462518558	2.65296317042	0.0698274580849	0.000208682769465
3.44623601425	0.105311825749	2.76211311098	0.0746052962604	0.000177089623243
3.26479940124	0.0999903656676	2.67228161314	0.0864588444343	0.000204864278906
3.33307108268	0.104526800184	2.68833639977	0.0780254576438	0.000208136374146
3.21973517841	0.094606635364	2.3549533792	0.0660126111417	0.000257746471508
3.39350818288	0.10936865066	2.75500640718	0.0699068467051	0.000210768889315
3.3551157331	0.115662099152	2.60930374062	0.0791832601696	0.000250369195766
3.56918641832	0.10396487854	2.64497196087	0.0731876206952	0.000195152425086
3.31303840317	0.116168768046	2.63995707016	0.072019799676	0.00021996154973
3.40717553214	0.100186953826	2.78523009036	0.0722176446876	0.000167488397858
3.31238746221	0.110006521103	2.52927137053	0.0729652151784	0.000186409407059
3.44703030662	0.101486590844	2.73811752242	0.0785219154719	0.000173821588919
3.33078528172	0.108307037357	2.54691366245	0.0721944348957	0.000243712415579
3.68551860969	0.107875744129	2.96602488314	0.0702945942546	0.000146353393257
3.26624022129	0.113406401108	2.5564047017	0.0820664991519	0.000232411199071
3.1898883165	0.110151649566	2.70266003692	0.0835518042247	0.000194277453
3.2681060603	0.101858021174	2.73323159751	0.0768841354254	0.000150257579967
3.62768050759	0.112099800254	2.82420851338	0.0744612958789	0.000119998107868
3.14635587542	0.101608101501	2.57402895513	0.0710137701855	0.00025151433764
3.3420736706	0.122515171523	2.57618611031	0.0706816528013	0.000190476383587
3.69814949135	0.104303999191	2.92015776101	0.074294378449	0.000137921065913
3.35817377809	0.102851649387	2.74693658798	0.0835305668166	0.000216024763285
3.12381989331	0.106799813633	2.63332155888	0.0865013557806	0.000163457609392
3.8890335991	0.117981187861	3.01568968173	0.0774832097621	0.000190687049824
3.21233100931	0.108833291232	2.76094569535	0.0727019146486	0.000210043200814
3.41748066997	0.104258800584	3.14697105764	0.0686238951844	0.000214128310352
3.3673887916	0.0937956836889	2.7283083817	0.072922927843	0.000181986928959
3.26756933343	0.108473521179	2.47894460594	0.0813427835988	0.000241261617435
3.12787781055	0.108933357904	2.52680025895	0.0762269009713	0.000229505585973
3.5541072922	0.10326762521	2.70806124586	0.0723487203337	0.000161887694397
3.3889920195	0.108532207106	2.7075691477	0.0631224473886	0.000190965692308
3.23313793154	0.106592073177	2.52711044578	0.0803767423647	0.000277203372107
3.61382340876	0.111431513669	2.80352577475	0.076518859122	0.000132598441079
3.58757695019	0.106461937551	2.63662412589	0.0703653289352	0.000185802264499
3.1831740562	0.109673457522	2.5478439706	0.0756455363355	0.000245962795837
3.40482457483	0.114976140399	2.69434039771	0.0809345156534	0.000163698107946
3.44706899119	0.0841834757157	2.68578986183	0.0742834133812	0.000169105671046
2.99924843847	0.110132075995	2.47195286327	0.0777108556167	0.000269799521229
3.06011524034	0.1143993201	2.46343825461	0.0732946301348	0.000222412453909
3.14600580302	0.0856836111013	2.58161024672	0.084597948228	0.000212872908129
3.30519484804	0.107682184267	2.68780741758	0.0869252081563	0.000192582911391
3.12807849714	0.111420489267	2.68843874043	0.0792420335356	0.000226162935448
3.39638818139	0.104088907082	2.73633375507	0.067322658104	0.000201355609152
3.25552214527	0.105803121733	2.60080978255	0.0748135226931	0.000213965961958
3.22002383597	0.109933134797	2.81926953936	0.0825604298577	0.000212884165116
3.19008560324	0.112152523646	2.67186577158	0.0763560769325	0.000236528030115
3.1786361102	0.117887977793	2.48153802245	0.0801730032051	0.000283771429851
3.37658285458	0.112452204529	2.68134635184	0.075445999696	0.000196001858148
3.62826370688	0.106387566616	2.59386044185	0.101713659762	0.000163999956348
3.25854732653	0.109428945191	2.62556816585	0.0926396582041	0.000212748204714
3.15713449601	0.118461059078	2.48449337832	0.0760471558267	0.00029967215139
3.2170918066	0.105783182004	2.40263664846	0.0618823921438	0.000210768808109
3.14142477468	0.0978403381168	2.38223796232	0.0720800197552	0.000296175077272
3.41273768072	0.101672001421	2.68857010369	0.0621672543022	0.000167031246561
3.19877722854	0.112165397805	2.45384093731	0.0808678137391	0.000243860734864
3.61661868575	0.0976203320809	2.20988166252	0.0712930240185	0.000246719806504
3.54864345588	0.0996140410357	2.66115740172	0.0732805339941	0.000183082847742
3.29123029646	0.107180591654	2.57746903851	0.0707623158321	0.000215050470837
3.5809150771	0.0951228006092	2.75822214331	0.0771950906544	0.000160865912074
3.28204592028	0.103056159562	2.52400412559	0.0798499652632	0.000262553117592
2.96598250083	0.105068453468	2.48188465469	0.0741847337581	0.000345322265497
3.45282779952	0.111741838108	2.84276409852	0.0721060114842	0.000169956810402
3.23099250998	0.10763765229	2.5531106565	0.0740892340105	0.000277724904209
3.5032178258	0.11463887227	2.72591330469	0.0778407931443	0.000194470466974
3.16532792089	0.106121345731	2.50556990864	0.0765732840644	0.000250176340233
2.66950879034	0.0956373872901	2.4515659042	0.0507590317193	0.000295035658584
3.3808421965	0.109526258683	2.76509007809	0.0755011255553	0.00019738554895
3.43237600227	0.0645903011581	2.66186323455	0.0630731751342	0.000199220364523
3.27105706346	0.106943168568	2.70266768718	0.0782746895106	0.000196370448989
3.57836160924	0.115241977835	2.44363313063	0.0837038204152	0.00027162168419
3.57045499767	0.104267916661	2.70432641177	0.0780804173635	0.000143501894944
3.42422730421	0.0794510605119	3.01517372487	0.0717004075813	0.000185361277963
3.13633064434	0.103775390174	2.62104663695	0.0765812294999	0.000208534037578
3.5972442961	0.116311201715	2.72427671322	0.0869686316919	0.000208846263163
3.16977457819	0.0990577614896	2.48098759452	0.0743139493109	0.000235309220321
3.25144461256	0.108094957275	2.71328344982	0.0654877496656	0.000224964367466
3.35591967053	0.0990053965536	2.48695135793	0.0784716063593	0.000226344617885
3.06397834798	0.104510356027	2.4678945099	0.0775844547107	0.000259665207638
3.09904825616	0.105654755578	2.56237733142	0.143777995083	0.000246361463599
3.19822175593	0.122188794651	2.63586966621	0.0738752598356	0.000263459488818
3.34119452424	0.093586352238	2.52969875973	0.0709980921012	0.000199457067378
3.47803430094	0.110164150077	2.76486814089	0.0768824699932	0.000159636048686
3.30264838882	0.0963891914022	2.82343656604	0.0761039854867	0.000173173860604
2.79433798075	0.129347997022	2.31755106925	0.0837139198461	0.000272121879725
3.38767906556	0.109088347134	2.65801886749	0.0778853796412	0.000199491134916
3.5981690159	0.114310280951	2.66635854799	0.0710758336368	0.000183446174612
3.37965278025	0.107178126389	2.59218454226	0.0676430096754	0.0002445909801
3.3758378559	0.108923319232	2.6497353931	0.0761438932518	0.000205503855168
3.45051374784	0.104806459034	2.76351949702	0.0793135106398	0.000162185956285
3.25305897107	0.10707630327	2.40502612867	0.0723689769961	0.000283541918832
3.4322902108	0.113653126841	3.51101419121	0.0865177308776	0.000175815461897
3.15123653196	0.107444411068	2.46709743121	0.0796382910166	0.000209881182358
3.48333971667	0.109289734387	2.73957917072	0.0690442718331	0.000156864456403
3.37394963518	0.110191172121	2.84776751111	0.0782881237408	0.000197740938948
3.47431875772	0.110873284076	2.82758692674	0.0732240827645	0.000172181828002
3.31846322397	0.105733769569	2.62609065812	0.0786819943794	0.000209370616038
3.109274687	0.117433922215	2.43822992624	0.0751602246378	0.000281180913128
3.1208575013	0.095445225419	2.57613528594	0.0757466737295	0.000239202837017
3.53403041646	0.111436196382	2.6734591875	0.0753395456061	0.000172663688636
3.23275203963	0.108563093182	2.08756793945	0.0776213213255	0.000263761001786
3.38245154622	0.120169932486	2.3858673782	0.0698255504239	0.000229423202209
3.2983721525	0.112848404832	2.61383082082	0.0749085020052	0.000201617578847
3.01502044677	0.112913975116	2.48264119796	0.0771493245821	0.000289903924938
3.34480040681	0.104081334439	2.46526337412	0.077374754724	0.000211617394112
3.17657015993	0.100676045894	2.33763988553	0.0750473234873	0.000338596217969
3.28447968273	0.111288552068	2.65495092999	0.0769789670989	0.000192414349206
3.38420511591	0.115212839857	2.79199271069	0.0793983981223	0.000174849923121
3.31566925715	0.117680631325	2.52145802459	0.0841720110853	0.000248310611206
3.33313509818	0.111328911981	2.7559146337	0.0749643382259	0.000186181304305
3.15947564688	0.10835229482	2.70611237044	0.0745495933272	0.000222243838445
2.93438547743	0.11194251129	2.55563378263	0.0838841470242	0.000251719111068
3.096556354	0.107807685083	2.51900599781	0.0837233112826	0.000275057070506
2.87879173576	0.100327761088	2.4800002311	0.0733112047359	0.000329912264169
3.40458204446	0.112681902893	2.68527579985	0.0765256708893	0.000178989567351
3.34475460358	0.114059530156	2.71400293763	0.0778631076112	0.000203658320887
3.1818548428	0.11070472524	2.67728859131	0.0753700109109	0.000270714017317
3.3215771414	0.112172861103	2.50735674731	0.0783422437473	0.000258770716921
3.54783417305	0.0993820798527	2.64310496839	0.0910391572929	0.000171479644322
3.68628662015	0.103187732356	2.90446044565	0.0730851807716	0.000186456277188
3.27266509741	0.11174760472	2.82233315279	0.0790414712928	0.000226818559689
3.48207183765	0.109068624472	2.41475038118	0.0789460624731	0.000310248328486
3.35085099743	0.115023256853	2.5542419469	0.0748550189202	0.00020781317059
3.28069069051	0.110367229526	2.56290324541	0.0784974110523	0.000223380720569
3.4045950828	0.0993491623133	2.08797811375	0.0655201777465	0.00024883966911
3.15186804724	0.104665623195	2.54275368224	0.0789263477848	0.000260818730721
3.08180587797	0.108306328634	2.34691935012	0.0752323486391	0.000322431241691
3.25556967133	0.108534027145	2.59320678012	0.0723652926482	0.000203846802727
3.1850284368	0.108324999202	2.64059118867	0.0844752080232	0.000232742602851
3.24640550511	0.0967510976467	2.68239008694	0.0747865236243	0.000246919864309
3.25838772393	0.107906963561	2.48643531868	0.0757409219635	0.000251046994729
3.36727171638	0.109793325196	2.55002268805	0.0740916655548	0.000194198788325
3.03119083609	0.111975075194	2.56537245198	0.0812302294627	0.000348933366558
3.19052231764	0.12522345448	2.48716675841	0.0773772495322	0.00027707859609
3.04049575649	0.103508163914	2.54215282172	0.0725420789357	0.000246087731937
3.3398567954	0.105729678282	2.5233709349	0.0747276819202	0.000235807949667
3.29446463775	0.0986302553508	2.62368186428	0.074845703372	0.000204982492917
3.1250678823	0.112307260282	2.53152147863	0.0773864414771	0.000280502908693
3.44294255538	0.121242955062	2.71612230568	0.0791081242226	0.000175634025033
3.27898249848	0.111558875354	2.84408421838	0.0691233173483	0.000178618996854
3.31287560976	0.104744039255	2.65717032487	0.077096019073	0.000218009089598
3.30131325476	0.110273450683	2.61638026702	0.0800098425145	0.00019391483548
3.27074974705	0.106455894083	2.7087503292	0.068261426994	0.000244615932199
3.16318820915	0.11630827591	2.56773318264	0.0696183778136	0.000283154404127
3.04724776888	0.10897295025	2.43229428038	0.0741858420081	0.000311635928429
2.76796810542	0.108620209036	2.52043063224	0.0701395549571	0.000253206526507
3.45995098961	0.114671056578	2.75330761806	0.0751014075444	0.000164992957043
3.19783793704	0.109350623566	2.51739649899	0.0715968249777	0.000250675187169
3.20921001011	0.107036133836	2.6818644608	0.0812582218202	0.000190091013966
3.12341365088	0.108230520972	2.67647345219	0.0742581562732	0.000206410986832
3.26380037346	0.112283292859	2.89742462465	0.074581260328	0.000294746057143
3.45863824491	0.110907783343	2.4544465043	0.0763037190837	0.000249625204622
3.08964498994	0.115896090857	2.63831890019	0.0613647736488	0.000179657898192
3.30925703238	0.115249252634	2.5938671818	0.0755619956782	0.000199209615106
3.30048222344	0.0930484886484	2.62815000841	0.0782535408622	0.000221387454819
3.17571026843	0.113448366881	2.59586543388	0.0704665656608	0.000282297529943
3.20437343823	0.093582126197	2.76837716637	0.0905838261252	0.000235625554926
3.38112084622	0.108175673209	2.67108602712	0.0758379862635	0.000167520567872
3.58966953902	0.100516542973	3.26486560614	0.0719481739942	0.000132712702934
3.35002010205	0.11381610287	2.64247174686	0.0736681436444	0.000233870626705
3.33745752005	0.0842034774225	2.22969986162	0.0733958953525	0.000194735258876
3.21990264368	0.115004150952	2.61918664657	0.0684950808017	0.000283318455979
3.19134966711	0.10013321275	2.77557817177	0.0773596410401	0.000274787529092
2.70289007265	0.104293766996	2.54692842833	0.084648735108	0.000188950859005
3.35139892812	0.095459204817	2.64015707022	0.0720667710856	0.00019437184719
3.33670164354	0.101211971101	2.71942867467	0.0712078190811	0.000206200681839
3.1368570775	0.107039591332	2.75392041016	0.0768254040337	0.000243288248041
3.47316923271	0.114680403015	2.48007812273	0.0719361425009	0.000230130847324
3.56531759443	0.11042220732	2.78282674282	0.0717980695561	0.000159676285386
3.26219314308	0.111820977603	2.48375314153	0.0696798941	0.000263516383372
3.23607923925	0.109253435597	2.41478130976	0.0745992417543	0.000245810482734
3.72349503661	0.100525202694	2.78505504836	0.0757728768186	0.000147531317877
3.22161860393	0.103634894701	2.65667218387	0.0691851220914	0.00019841959324
3.39351798006	0.108404968547	2.59555386075	0.0875889741586	0.000220817286587
3.32931199349	0.110479543891	2.19070239168	0.0852014443952	0.000205756974292
3.31238147212	0.112434343758	2.45261579718	0.0742875423345	0.000226593486344
3.25237380173	0.109477670388	2.56478063635	0.0800122456486	0.000207584105357
3.6070468421	0.115698208213	2.76863506849	0.0737092866088	0.00014476968109
3.12924176349	0.107648071057	2.52497377131	0.0732452524373	0.000228269352698
3.39719612722	0.0876698051939	2.61221416288	0.0670672462164	0.000185525151299
3.52734524727	0.109083957491	2.4754896537	0.0844906221239	0.000269825831742
3.28379718664	0.0919070448411	2.46921496924	0.0809155605965	0.000260740980373
3.60887398638	0.106849198943	3.18503810645	0.0718993218207	0.00014625190453
3.38543678496	0.109465847827	2.68003046122	0.0691476778072	0.000185364427645
3.30778785009	0.109085463649	2.67919785664	0.0861409086777	0.000210695629304
3.25133061618	0.110034972667	2.74379741956	0.0641687875248	0.00022673180421
3.14625439581	0.0973406167498	2.54005870429	0.0898226035542	0.000256530096188
3.68101384186	0.0957808104886	2.84418777327	0.0726168317104	0.000179582847969
3.57981888545	0.116416034691	2.71415421023	0.0740200583301	0.000166999724996
3.25772963021	0.107934262175	2.78826964167	0.0906505803026	0.000226925234299
2.85784804209	0.100011140828	2.54321278864	0.0793422460567	0.000235088748224
3.30296862436	0.105165344143	2.68306224077	0.0752588185966	0.000162658900555
3.37078171295	0.107844207658	2.64532417674	0.0728110372337	0.000204651264283
3.49184230491	0.121702178953	2.65150246369	0.0870724447208	0.000173966601165
3.69153118269	0.109286163842	2.65534033343	0.0734357600694	0.000182674119504
2.7938759366	0.100401453234	2.64121980171	0.0793361710193	0.000201681416996
3.06852244981	0.112337558743	2.72576271913	0.0675307558966	0.00022573369418
3.55991354334	0.0991096198858	2.56771576658	0.0736236567721	0.000211509925111
3.18822942629	0.101138816713	2.65505269053	0.0753847066866	0.000251781202326
3.17835881497	0.111234417486	2.42235989439	0.0757376343954	0.000276853464483
3.26579118644	0.110187203234	2.55826196867	0.0782448657093	0.000229976022808
3.29507695112	0.105092169266	2.7324126373	0.0732445712294	0.000181351102554
3.29518845066	0.104229342923	2.5831703532	0.0751637559533	0.000239503140849
3.51046117853	0.104405629839	2.42584844063	0.0762552179006	0.000283920345136
2.9908597695	0.104742665368	2.54738994431	0.080415632727	0.000266264862486
3.45109685874	0.108481728364	2.57337812585	0.0663453701218	0.000215327734532
3.26276251329	0.103689678347	2.74506509713	0.0752608938853	0.000225919969534
3.25555435153	0.100867120109	2.60793991644	0.0843417120424	0.000204163209194
3.49871853403	0.127349985386	2.68148526499	0.0677343099441	0.000180726044575
3.08815021942	0.120724370771	1.93327712445	0.0770256221415	0.000293047798605
3.3762375088	0.106140533938	2.58271592091	0.0754684189871	0.000231855125764
3.3083385184	0.122588001427	2.51766091501	0.0961729509599	0.000253600767868
3.44169361796	0.10990161996	2.71740910042	0.0749535015298	0.000180913438351
3.24817940558	0.106269495338	2.68186060052	0.07444961463	0.000201367504736
3.34253224348	0.111152631185	2.61125039433	0.0671663672838	0.000210932939754
3.48219290815	0.114385239789	2.6027432527	0.0689437875638	0.000150394900683
3.26335483075	0.103379946245	2.39546058703	0.0735998695022	0.000275106282444
3.49162317389	0.105453928102	2.68987832795	0.0739359874051	0.0001601738022
3.21907478046	0.111207803478	2.58413535179	0.0702953180687	0.000253358574919
3.76036600244	0.105657082227	2.6518112703	0.0734208155651	0.000167912222369
3.31048357285	0.104994003422	2.45604722627	0.0697392421646	0.000246860178834
3.14653009278	0.12049377446	2.43622307117	0.0636542763057	0.000318016798497
3.26859339528	0.107581314463	2.53046746599	0.0798675701641	0.000261796340533
3.17588466045	0.116743460306	2.26446849531	0.0829942361556	0.000280366816484
3.31621922592	0.104769934154	2.57804344507	0.0786830332437	0.000240238591647
3.80778930279	0.107073318058	2.88650393818	0.067151501431	0.00013987358941
3.54177356605	0.0888575298098	2.63108999638	0.057765677628	0.000170384798011
3.22308559982	0.101768172688	2.42899989038	0.0774658783143	0.000275975041881
3.52941624284	0.105265907393	2.70186807936	0.0740747317043	0.000215636308533
2.88141419558	0.101283206533	2.57767043717	0.0753556354221	0.000229626353137
3.23552055359	0.107457371319	2.70959583999	0.0737604074903	0.000204750464971
3.21638277796	0.101270456253	2.53812832123	0.0761125939229	0.000242475102524
3.10026512666	0.110965658856	2.34049313527	0.0637572998095	0.000292445761209
3.26728671853	0.111284414309	2.62215671405	0.0764726510456	0.000172619903677
3.15289519474	0.112027186279	2.59924929788	0.0757663210372	0.000245495086328
3.25441348306	0.110194019698	2.23652446057	0.0733599835773	0.000239446794538
3.33380636197	0.131103524823	2.5413356569	0.0717158953177	0.000200152927721
3.22920821636	0.107417867143	2.53442312763	0.0612623294599	0.000258672936852
3.53473000042	0.102783920686	2.62728363349	0.0774909283424	0.000189626060729
3.64138095573	0.108574667742	2.75586836298	0.0935122996041	0.000195668774338
3.34452398457	0.118263937993	2.76081812979	0.0700150995098	0.000182681912098
3.57636089367	0.110195088832	2.99312756257	0.0820193210913	0.000170023873094
3.4147008353	0.125666788639	2.7373193444	0.0736883829256	0.000159305437573
3.18507895826	0.112598978464	2.55048179759	0.0760599739895	0.000238555885647
2.50786279867	0.106237435175	2.45447368803	0.0689152992869	0.000212400915815
3.22551434424	0.106606966145	2.46428364581	0.0794696593447	0.000242859127036
3.39330038054	0.106263493869	2.74963568389	0.072335051766	0.00024651963801
3.10839582429	0.103041254518	2.6978140816	0.0774645166235	0.000235016698933
3.02804839974	0.117802687093	2.46030735756	0.0736119076235	0.000261118743551
3.40696430454	0.100282748227	2.66195003051	0.073410583417	0.000226842373065
3.13421344793	0.131683830609	3.02792883909	0.0752674071162	0.000285073968922
3.31100528879	0.111421368446	2.48793435094	0.0650586969353	0.000245437960499
3.1935895795	0.106846435945	2.55290538919	0.070041066731	0.00022216578704
3.45269155209	0.103816670399	2.71747562161	0.0719437611542	0.000183097771616
3.2666375239	0.103997671263	3.00967292504	0.0713892989958	0.000177628603818
3.46037285805	0.108507460962	2.7116494137	0.0749013223007	0.000183614450209
3.34080856252	0.103662974053	2.36425143992	0.077923047209	0.00023268931182
3.06732962755	0.111267975913	2.73557833018	0.0874238711017	0.000230013914446
3.37235872232	0.108409022645	2.58776978539	0.0760285456607	0.000219624905179
3.39739791947	0.10738790993	2.64128256083	0.0754781192166	0.000210269623979
3.38280988972	0.107257571073	2.68757446563	0.0601605786962	0.000196002867301
3.36930615017	0.100955214933	2.97922400227	0.0823228038138	0.000165157534333
3.13351862002	0.109769704146	2.45187736084	0.0706303058066	0.000296011226999
3.0682973992	0.122104857651	2.4353725917	0.0743520559785	0.000337498121527
3.32843837531	0.0684815542359	2.58563754969	0.0680149920034	0.000213497994421
3.38619316887	0.0850931184205	2.57708909559	0.0770861840385	0.000244048270817
3.23606319691	0.0997212863151	2.67811773407	0.0789000388954	0.000203883105457
3.06912189141	0.107297778809	2.4824750816	0.0749730877635	0.000297586515573
3.37634538634	0.100478643198	3.10739415523	0.0714005201729	0.000180175393249
3.35079690338	0.105575408336	2.5536570783	0.0747236750701	0.000166733477445
3.38188983338	0.112666466245	2.69748640652	0.0686337633048	0.000174748633499
3.40682656538	0.109967170708	2.37788264069	0.0771693184417	0.000194007989411
3.46672047515	0.110520107987	3.02471656322	0.0716069913037	0.000207611122567
3.5440079196	0.0922847853482	2.96778172169	0.077930839548	0.000156866629481
3.21276005696	0.112457895845	2.63341158791	0.0752854842253	0.000168499603126
3.40778033678	0.116903880992	3.4392273237	0.0782949426235	0.000270233568645
3.38802788611	0.121941611854	2.69134117486	0.0703345769413	0.000209854340322
3.41379742282	0.101971532589	2.69147566723	0.0853774324943	0.000211549989571
3.65232836728	0.108675132511	2.58577254947	0.080000577787	0.000163901317188
3.28524346731	0.106196135884	2.56454357977	0.0713648064424	0.000226367288095
3.09300499354	0.0966111868695	2.64750713407	0.0685637154998	0.000238925790362
3.48471974344	0.107054246923	2.55648847651	0.0789454399803	0.000230050472074
3.30257730668	0.108692931971	2.46513236407	0.0507988798567	0.000254223232791
3.41048197814	0.101847014424	2.65051468354	0.0790594674386	0.000191642222103
3.19521367584	0.0930723089181	2.61212493969	0.096855201602	0.000229395985153
3.65108515822	0.0918103371885	2.46798826171	0.076225422457	0.000171429635956
3.41684989429	0.11121648133	2.63035173871	0.0772556350333	0.000164257437035
3.14665582539	0.112311578819	2.77707646716	0.0741325813161	0.000270438303001
3.48861129791	0.0901228187839	2.63407939848	0.0773595151753	0.000188916841489
3.44694370172	0.108147206231	2.69437677537	0.0745224044013	0.00017451063693
3.33797346881	0.110892465073	2.70223502123	0.0841014052296	0.000179000615002
3.27075941903	0.106684794733	2.69478140189	0.0698041369324	0.000208076564304
3.25901738325	0.108663244742	2.65286556954	0.0773676891707	0.000214505055764
3.0073360107	0.101709981352	2.50325186718	0.0756865501432	0.000258699003834
3.18736981174	0.0983186551589	2.42639834691	0.0653786843453	0.000246727347874
3.26328830379	0.102165233417	2.53946480041	0.073480344368	0.000230133636504
3.69563859826	0.105405410394	2.7814211933	0.0777299304125	0.000160526632307
3.35709385383	0.0999768426005	2.59101524197	0.0740889884412	0.000208330603624
3.52897044624	0.100606410988	2.60641383872	0.0760949667352	0.000163327251295
3.72862767979	0.105588773244	2.72248946472	0.0817936105631	0.000200540393252
3.42905117454	0.103770626321	2.70477924396	0.0754103120442	0.000159393849404
3.60177811031	0.105087476573	2.78719328694	0.0727967232231	0.000145700539104
3.49435330735	0.107451328279	2.54741779999	0.0817209904101	0.000219415690747
3.29047592863	0.130399592009	2.58979818646	0.0871860185136	0.000226698819432
3.21309842175	0.107816320335	2.71304172977	0.072903745375	0.000186559475175
3.17952429629	0.117206094706	2.59248927959	0.0820585685787	0.000259789950143
3.40662912034	0.101587969316	2.58394306024	0.078683870804	0.000223642776576
3.40531049693	0.105284913123	2.75892469019	0.0771154797824	0.000204772848034
3.27099349884	0.108718362662	2.69034403333	0.0914965380692	0.000206605263702
3.10705478574	0.114071469145	2.51242305939	0.0785897033844	0.00023375491271
3.46738504743	0.108553258298	2.57963725269	0.0749235288305	0.000217676007958
3.31822854654	0.103953527465	2.93452090091	0.0791165883656	0.000237717765159
3.2245249963	0.108712007047	2.75283810763	0.0891610518908	0.00026597543134
3.33859325777	0.109620110784	2.58234070973	0.0721805860513	0.000206795768368
3.260291171	0.112689993665	2.60816881083	0.070278938184	0.000241726728023
3.74138715257	0.0995519814052	3.05671906493	0.075658516532	0.00026537571469
3.49605705898	0.10874218735	2.48781794458	0.0739392330363	0.000210640247464
3.35411619769	0.105694459861	2.56185895093	0.0670138603963	0.000206501387678
3.42030863049	0.114202455487	2.5958347105	0.07722877007	0.000213737601354
3.413553218	0.115405948146	2.40529014908	0.0776973278447	0.000148488873767
3.13440212473	0.108512088004	1.99548830851	0.0742393716869	0.000274747540279
3.24135480665	0.100747386303	2.60933991961	0.0734581837458	0.000190384575039
3.50251568894	0.101891402199	2.70193778291	0.0827854711662	0.000155605479848
3.77752852778	0.11951630616	2.82700151121	0.0749542044298	0.000174839260351
3.43728977964	0.113363151977	2.73631602069	0.0801346105533	0.000128870689332
3.29390708992	0.0881446511376	2.80942500101	0.0653316431099	0.000179875462647
3.02527954799	0.109870809046	2.4290466418	0.0653894719876	0.000337592851381
3.27664038159	0.100571633436	2.58641615018	0.0928341954176	0.000218475262187
3.03132889962	0.104733178582	2.3879457692	0.0831527279363	0.000358440008371
3.19864417364	0.110773945934	2.61707615173	0.0712711367464	0.000242464329406
3.36899680625	0.104964333484	2.50433083698	0.0742696420225	0.000232204860036
3.18804642276	0.114315774758	2.68469046007	0.0777805566695	0.0002158916776
3.17631173402	0.124379277379	2.62522465932	0.0759073642249	0.000196882871249
3.12370479093	0.112512602847	2.60375597881	0.0747243545328	0.000236635107307
3.2847275431	0.102757733527	2.48405577116	0.0760936128498	0.00032856495222
3.42053362857	0.112639919967	2.71687124792	0.0736355172178	0.000174258432082
3.33393627158	0.120651942958	2.7069677974	0.0577463353173	0.000178756576143
3.1433194308	0.114233976394	2.65287074824	0.0773887755808	0.000207777141814
3.43301233944	0.106697239588	2.65777107633	0.0698785883583	0.000194988000849
3.23038457035	0.111181853481	2.44301015816	0.0473422033216	0.000266043640162
3.32809587447	0.118998281176	2.9558773147	0.074690405637	0.000171248355824
3.21315702049	0.108228418739	2.58375310917	0.0931197750998	0.000229324027574
3.26302442685	0.098374934675	2.54262303183	0.0777539117039	0.000227149941453
3.73107126905	0.095905009982	2.50135120497	0.0757214759928	0.000174659986626
3.28323058503	0.108067037551	2.51525896213	0.0682216984464	0.000225190697123
3.41305536289	0.0991711184326	2.5995842152	0.0704452184543	0.000197976018672
3.43124885937	0.100167407566	2.9830410237	0.0701361484765	0.000180919812987
3.34053766579	0.121152005758	3.35208076544	0.0981679095092	0.000185759445442
3.04500883458	0.10298569893	2.44835210883	0.0848897603509	0.000268007315206
3.29262027697	0.0831573069031	2.04880523854	0.0430453476321	0.000212208474258
3.10494535339	0.109706617692	2.58420133207	0.0753117110568	0.000232554062536
3.56017877601	0.0980850162202	2.78816123095	0.0764529784965	0.000133564627008
3.41294909756	0.0991792186566	2.52373731869	0.0737670688568	0.000220703232197
3.61419844513	0.107015414322	2.48562443635	0.0739844864251	0.000163499684461
3.22431907868	0.109795484052	2.45731054883	0.0688887708359	0.000282033366174
3.57317455213	0.0967310015899	2.9043455107	0.0756147912852	0.000202189602458
3.39924080675	0.110367413967	2.71920241677	0.0711872438943	0.000173272651922
3.2053999048	0.118573198662	2.47674467377	0.0761676039599	0.000250192959689
3.33598510404	0.111253967102	2.62691074031	0.0810686889097	0.00019892335251
2.97917081058	0.104502643279	2.73595217928	0.0723225115076	0.000199523272307
3.1925249462	0.112558982407	2.32575739548	0.0787557423951	0.000270701651764
3.27719656507	0.111687631574	2.51747417718	0.0688579464841	0.000235706513997
3.35296019866	0.113026506382	2.54804925568	0.0758319127258	0.000221029936393
3.25274312161	0.109957505464	2.49263022891	0.074962154566	0.000287212631655
3.45046520803	0.107846464102	2.58379099977	0.0720368962941	0.000144171512063
3.35231966091	0.108905680009	2.64502804431	0.0809832450582	0.000176455137197
3.2331348849	0.117825051957	2.55808029907	0.0925824748917	0.000223067307224
3.28907740483	0.104917004091	2.72053844937	0.0735934008019	0.000226423923709
3.34335204882	0.103618534112	2.54637098551	0.0728713922947	0.000253087243489
3.33625637824	0.112939209984	2.8323830247	0.0802731214305	0.000191724248592
3.18176461881	0.108200065546	2.72642014936	0.077998943027	0.000256414210837
3.27063179333	0.107983931081	2.20272335786	0.0727437217843	0.000235603654484
3.40269255662	0.0894018467815	2.57588320903	0.0943785237283	0.000217120178598
3.53355902895	0.117727742257	2.65119725727	0.0877372221668	0.000183139577118
3.53865678623	0.105330239177	2.79581614418	0.0737752289934	0.000141550693739
3.23399302621	0.107771495281	2.71389924644	0.0704931160912	0.000244345257644
3.22121230406	0.101712489368	2.67436279787	0.0808576160861	0.000203919180032
3.47111783662	0.10522295344	2.74808558798	0.0731562340188	0.000212060104046
3.36510904725	0.0921547802009	2.61746498032	0.0717136149618	0.000188776055647
3.3117121208	0.106799101247	2.5591263362	0.0737133636967	0.00017128377101
3.32468529282	0.109907787033	2.65725291242	0.0748365198824	0.000203971541329
3.49356142273	0.103701115675	3.50452213028	0.0708797378257	0.000165488968504
3.30389889163	0.10153183624	2.4199593393	0.0884485575412	0.000298364773673
3.3519393569	0.10720592687	2.42947169249	0.0745542779323	0.000248177737614
3.15966455346	0.100966516719	2.35168333177	0.0679952190203	0.000296291498921
3.19054973847	0.101900686493	2.42969090531	0.0608026516944	0.000262103557927
3.13071479584	0.108523629486	2.52250568735	0.0760695809416	0.000217853226768
3.28324474814	0.109316462455	2.56101802144	0.0757462450266	0.000269014644685
3.2610665769	0.107108857332	2.59647853546	0.090474939473	0.00024536119817
3.4638256328	0.102622999793	2.77112664343	0.0717939086769	0.000170384767056
3.21890061426	0.1054753566	2.70873998358	0.0729231591926	0.000212443120747
3.10311838353	0.109500354495	2.60756957894	0.0829602795918	0.000241103786589
3.33547948759	0.112003546072	2.76181976743	0.0812606972823	0.00022967629857
3.75658085997	0.090714531072	2.6924732893	0.0705973611012	0.000163405893555
3.51683823552	0.0972393601211	2.82616180585	0.0722494019067	0.000144716547711
3.46955611807	0.123391315737	2.74059672121	0.0933650637694	0.000165161126742
3.4015152938	0.0989292778247	2.62271949478	0.0631168108687	0.000183694663649
3.17179096919	0.104413495423	2.28065340885	0.0772948280705	0.000372555862169
3.1815999634	0.0848003728657	2.56847403668	0.0750406717641	0.000243290329206
3.29110607153	0.109054853298	2.62324811192	0.0776613741096	0.000177881043238
3.03737714705	0.106720026744	2.65762998843	0.0899711107338	0.000183420958787
3.32967936669	0.104333375713	2.64478240259	0.0771162345434	0.000201779496236
3.30692144151	0.0985235556788	2.74760184295	0.0718351963087	0.000179240576221
3.38854459625	0.104381153779	2.79856632101	0.0765033684941	0.000189630286739
3.11207824111	0.10750452445	2.53042217533	0.0646473874497	0.000248650801982
2.94584220804	0.107311969528	2.52134898975	0.0788536685021	0.000280152066993
3.42319012606	0.108286449015	2.64721208226	0.0699937388235	0.000191799968289
3.57634204084	0.111249724493	2.59929874282	0.0740819258874	0.000211746648128
3.23412697895	0.109235981034	2.43048865573	0.0653946065411	0.000254601121257
3.605419707	0.0825626168915	2.93550007319	0.0851614390912	0.000174188676101
3.36474155174	0.105694290797	2.66417516335	0.0705846087186	0.000189863618978
3.44494282848	0.110260992435	2.69753798523	0.0688674301036	0.000156986514657
3.10421132452	0.1234808761	2.70080242417	0.0917538085842	0.000173229161834
3.14467044087	0.112060729581	2.50297751779	0.0747234509922	0.000242888458335
2.86433024658	0.110016459469	2.6576162667	0.075071897835	0.000190590355272
3.19962529279	0.116315253532	2.76159100243	0.0615538469197	0.000205179103287
3.30637944866	0.111220352981	2.62227421286	0.0729274075321	0.000235495858634
3.35904608386	0.113205963286	2.79621109026	0.0850273492236	0.000176806425783
3.46915631646	0.105715163807	2.91062423711	0.0652897832111	0.000150226825249
3.32990474875	0.103250212768	2.84032977191	0.0780137699001	0.000160096606486
3.30043541574	0.10851552342	2.5938725896	0.0742016109836	0.000244534970051
3.70266254856	0.0960519605762	2.81614629691	0.0776911603016	0.0001382350939
3.56146276622	0.107003441473	2.764691634	0.0749834894489	0.000158223508632
3.46606816205	0.106142202535	2.37705820687	0.0727197909628	0.00021442942101
3.27126727533	0.10652179451	2.52979765386	0.0750808912248	0.000251186402833
3.10004686754	0.114988689304	2.61848797207	0.0809804148085	0.000308204705255
3.24937055014	0.10386343001	2.63721292296	0.0744964864087	0.000217372301526
3.56318567083	0.103859512195	3.0264708936	0.0749619102969	0.000154043287587
3.47020954049	0.101082489434	2.74707953107	0.074749988707	0.000152377710691
3.32242309084	0.108209446282	2.71063611699	0.0810919035837	0.000197241906803
3.30419533785	0.107735121687	2.65241293369	0.0752905454518	0.000192685568246
3.21986699992	0.0890244104613	2.5495766049	0.0835958997148	0.000242587078625
3.32558467115	0.103600999909	2.39136568122	0.0696026356005	0.000254186689496
3.17272515072	0.109293706908	2.56900345959	0.0681494271483	0.000208214462117
3.27482576768	0.11256525243	2.85191351473	0.0558225637404	0.000151507059923
3.22252948381	0.108353569884	2.49472820639	0.0741032649564	0.000257064373815
3.34251947624	0.102293257275	2.57038397309	0.0751487665627	0.000206671299522
3.2724458563	0.104859049895	2.71936373296	0.0799946043859	0.00019480254493
3.23143821598	0.112571139802	2.44933775681	0.0741331218493	0.000260554393406
3.32705052008	0.106716405763	2.91878791189	0.0786055174306	0.00017203322869
2.98923840576	0.124566601827	2.62253834534	0.0759653376389	0.000221159601949
3.24765333222	0.105190897007	2.67170386665	0.0733340783113	0.00020824638013
3.43037279614	0.107093789239	2.3978822688	0.0729932527438	0.000186984772854
3.30682754956	0.126556325611	2.72617429181	0.0785124048578	0.000227396582038
3.25955284015	0.0911732321435	2.59914121322	0.0662387825454	0.000216781580955
3.32577953044	0.105914357898	2.52381578328	0.0683702600029	0.000236233349072
3.22635288713	0.11357985629	2.52953897506	0.0707414442086	0.000248150682418
3.17101132325	0.11649872343	2.57097811109	0.0644531670975	0.000244752786077
3.4124543306	0.104588778494	2.76189896616	0.0692047293321	0.000189082275129
3.49213535475	0.108999424081	2.62106522502	0.0782503302676	0.000190615769322
3.05067464127	0.114198834261	2.47758726999	0.0766707500477	0.000249317776934
3.14672963826	0.110858074084	2.54083757447	0.0669985962696	0.000255046915024
3.19064842236	0.092703552755	2.46418276833	0.0738927225328	0.000256503560682
3.23028629476	0.0721597929148	2.54515164884	0.0669153069634	0.000267481974748
3.8765180822	0.111122697752	2.64629184371	0.0881813394006	0.000232077450009
3.67141094843	0.105933874849	2.49606762309	0.0750963874971	0.000306766729139
3.24511116316	0.110647731602	2.5587872811	0.0731814648718	0.000240263149086
3.13029915707	0.105196499715	2.53918534731	0.0707318094215	0.000226906706596
3.06800013656	0.106977639757	2.65479043193	0.0828236082376	0.000241344724158
3.34326136907	0.110306978621	2.54210834886	0.0788495939433	0.00022984055989
3.41503110569	0.108671495253	2.39487092452	0.0875533938216	0.000196817894989
3.43166465143	0.10776710928	2.38624031693	0.0829978286072	0.000214762886366
3.31518883734	0.105641111723	2.74186169431	0.0119731855567	0.000163332158811
3.38233733326	0.113025836005	2.6222167569	0.0842707842551	0.000214586444673
3.29829716623	0.106380454003	2.58317423911	0.0759183462557	0.00021349737148
3.31310225186	0.0824991249609	2.52065677928	0.0643731018554	0.000187893604872
3.24350924757	0.109961359298	2.4723744193	0.0772915771748	0.000289844542604
3.07897359868	0.119601477701	2.44393428518	0.0755308174146	0.000286474250985
3.16319095232	0.10903189093	2.38173195809	0.0714381570796	0.000291592699325
3.1465789962	0.113487623642	2.49431353157	0.0794036208946	0.000280174519461
3.44512446207	0.0995082108131	2.56588726927	0.0814041737369	0.000174632108781
3.06322873272	0.109069473731	2.59985633424	0.0710694385747	0.000222595287875
3.52273701564	0.11271424168	2.7847848845	0.0814926460795	0.000177730913845
3.50341033149	0.105847832064	2.74848824412	0.0742655712264	0.000164495023541
3.41872818237	0.107621272253	2.66234206336	0.0760854514272	0.000167208286144
4.2470644704	0.112993075019	2.60703812119	0.073277639238	0.000202372234874
3.42735393725	0.109031431197	2.56530832486	0.0764842279592	0.000230016773737
3.43967736637	0.126619198328	2.83760248601	0.0925133983963	0.000191848144913
4.0549836017	0.107636543792	2.51511948997	0.0788177865927	0.000263471751261
3.49781659432	0.10918012694	2.8215892839	0.058990080182	0.000131384854173
2.93654870632	0.090810041544	2.27063617765	0.0714509562021	0.000253178579995
3.33355747618	0.0967903398806	2.69218802337	0.0711968225209	0.000207229699884
3.35871235754	0.109146145166	2.66633466721	0.0776262946321	0.000269275765775
3.35459147466	0.109516619477	2.66485770474	0.0765739921683	0.000194067499056
3.19825726317	0.117533817883	2.62472518398	0.072287734719	0.000217260416407
3.33396857542	0.107868533882	2.69380860945	0.0790416984918	0.000189507054484
3.4201532552	0.0979596174494	2.55410412395	0.0805250303538	0.000180735372628
3.03946791514	0.108191134253	2.48995648015	0.0710052372963	0.000243466150834
3.77741377781	0.104984558251	2.70807623675	0.0704309756261	0.000206133752955
3.35158587363	0.111866756003	2.56746279185	0.0750380944353	0.000239282681903
3.46995467577	0.110854414826	2.6582857855	0.0856592720198	0.000170188844044
2.86950550098	0.113647974965	2.2779774219	0.0775118307883	0.000401626387405
3.34241715743	0.0804827507979	2.58183013571	0.068078680663	0.00023126949448
3.42487884741	0.107415290305	2.79370629285	0.0335641687069	0.000196663646787
3.51203810383	0.105981920214	2.70982305307	0.0724430904476	0.000150861723082
3.10159754064	0.108465488397	2.49438737564	0.0772384785731	0.000286333986085
3.22747142117	0.114406255083	2.55663194029	0.073014251503	0.000196282838048
3.19874539196	0.106169121994	2.70440439307	0.073727566369	0.000208135696568
3.38783671616	0.109619386939	2.54626791456	0.0900897318616	0.000229617955012
3.34894631792	0.110689968055	2.51323065942	0.0675903064569	0.000237169027738
3.19444600616	0.109677987575	2.20981798527	0.0747879477897	0.000353877222736
3.41199065082	0.1083555421	2.5587507847	0.0766877949909	0.000195794888233
3.20076403029	0.109293747499	2.64716687553	0.0693636817969	0.000195378422706
3.42959599302	0.102300348191	2.7061305627	0.0889863930711	0.000216897000477
3.08239036645	0.100558806579	2.34610140822	0.0764242861648	0.000357206560121
3.29476907266	0.109191735949	3.03566942	0.067504770563	0.000239156122747
3.27969334463	0.0941205027418	2.70779591409	0.0725565165525	0.000191887697873
3.49019351977	0.105056336241	2.48695917484	0.0734783689064	0.000194044522078
3.28225171356	0.103041138697	2.77986299647	0.0516193455906	0.000207712261319
3.26981534662	0.110740970016	2.56959432345	0.0734403936649	0.000260190191529
3.1579184886	0.115589402185	2.44137073656	0.0747938636939	0.000300802987161
3.18165015375	0.093611664452	2.79539353966	0.0781056576668	0.000177361682023
3.36066711723	0.111835999454	2.39838526901	0.0757288686783	0.000263418103934
3.51150489181	0.106392467282	2.31162702392	0.0871035495585	0.000161787207507
3.3378071424	0.106546891404	2.69308653721	0.0783102475607	0.000162841888857
3.40762726924	0.111180356905	2.76660040265	0.0754607044441	0.000147344973787
3.24799967517	0.106402036583	2.61244482503	0.0844769244109	0.000216796166567
3.55286393655	0.109129092566	2.69570032497	0.0693558937064	0.000129477923883
3.4403020383	0.116091116269	2.55779281613	0.072085335349	0.000193014295321
3.29102279136	0.108655996087	2.71221943443	0.0775448588028	0.000192770668207
3.11008681066	0.107845723474	2.50314570191	0.0863628047544	0.000293290232933
3.30177714101	0.108721935487	2.55141907554	0.0711713506984	0.000228984401105
3.36906597496	0.11226112185	2.41919612524	0.0721391023889	0.000260404152383
3.2354397216	0.103616960091	2.43540773695	0.0805491710945	0.000184725500416
3.47929270512	0.115817493746	2.92515726107	0.0615049212292	0.000161458406217
3.20049026556	0.106934122443	2.67028656964	0.0745630378333	0.000199858456166
3.20522095002	0.108957507894	2.36200845697	0.0795679727178	0.00029235115841
3.24100084333	0.146010372151	2.58191964541	0.0772962000335	0.000191065626444
3.47914855814	0.119863257006	2.7523073596	0.0773090499345	0.000216087203168
3.00221142821	0.106377484307	2.2977048099	0.0762786617582	0.000304197684306
3.31241871873	0.107134272573	2.52640518501	0.0867180647325	0.000262096006731
3.34545037072	0.105871180936	2.90823747869	0.0809829429435	0.000162988879214
3.27657098326	0.113303511746	2.75867349112	0.0883951354693	0.00021553086385
3.25603189395	0.0930026369887	2.57867417285	0.0833223945811	0.000232854426693
3.45947716383	0.112722676925	2.52031173469	0.0800941762013	0.000180618472353
3.13029631083	0.103530304132	2.47630075775	0.0780777914789	0.000221995091487
3.35685698525	0.113428510116	3.12320858012	0.0725093870123	0.000217346956739
3.17558853207	0.113471604898	2.40179879696	0.0820937629134	0.00027741350373
3.42598187156	0.0975654003245	2.53020722392	0.0795502744795	0.000178648109253
3.51889596446	0.100282391045	2.68649366346	0.0714001785013	0.00017316549551
3.31907821163	0.109306290643	2.6519990066	0.0695096401339	0.000235623953133
3.23918659712	0.104567829427	2.96596673708	0.0755402942072	0.000218798784537
3.23016311036	0.103729538623	2.49365486422	0.0772720497506	0.000221787640289
3.40232891197	0.106384351478	2.74687112666	0.0831938564907	0.000163894164755
3.20435159727	0.110030259449	2.61552001207	0.0787648080386	0.000218541006336
3.35997836072	0.103090425987	2.41468973633	0.0799202637221	0.000266501773821
3.26705745579	0.15820861314	2.52113404218	0.0724894745428	0.000263124513889
3.06485016587	0.112098123574	2.50061398154	0.0752612557564	0.000292603629593
3.16652100627	0.106429896349	2.58874944231	0.0631515318113	0.00020548401334
3.3123682387	0.105953891368	2.501568119	0.0733850803417	0.000255681220467
3.22039401419	0.111809322539	2.43598697885	0.0757661529253	0.000227079474704
3.02918170143	0.105085930733	2.79655027252	0.0736509871275	0.000188643928865
3.41181664624	0.110532031983	2.53403399062	0.0744454980333	0.000220082676718
3.23715539699	0.10637145028	2.66546615086	0.0698994505809	0.000224229582207
3.34085943728	0.103144171615	2.99128029078	0.0957371173962	0.000186467633608
3.42461669299	0.0986633449096	2.73855015381	0.048942586279	0.000151339646583
3.27395046349	0.106500672174	2.70127390156	0.0758926558268	0.000211267023028
4.17539759322	0.106943701422	2.64878853494	0.0758963339984	0.000192337122764
3.14694721111	0.0990505637613	2.51670512763	0.0764904967767	0.000252040643696
3.13639690301	0.100219400152	2.69509096129	0.0745112154603	0.000185452986443
3.39927070607	0.108931740554	2.70058346755	0.0765172049065	0.000190849951305
3.29009884603	0.0979733113986	2.53002729702	0.0743658876934	0.000213475216776
3.26309994951	0.108123952061	2.54123111578	0.0852549019707	0.000219360817722
3.27346824941	0.104152245675	2.43752537476	0.0770198303993	0.000219752065896
3.24504276521	0.115662323103	2.58574508606	0.103454739089	0.000267500669309
3.5160279697	0.0966352320997	2.72755332912	0.0793321518392	0.000144979671293
3.34957418825	0.107146821725	2.89080185799	0.0789829883004	0.000180548046688
3.20223190102	0.10144804775	2.56937994368	0.076068361823	0.000197257991135
2.08057463209	0.107998924559	2.22011295821	0.0850462209959	0.000240873006045
3.3779188871	0.109295638062	2.49658176127	0.07548987386	0.000260321083296
3.47407884642	0.0853150498983	2.55552099746	0.0741798270898	0.000166833690009
3.33408408261	0.107456056026	2.93444255817	0.0721754508924	0.000137482162716
3.20690108335	0.0949782040667	2.41927994111	0.0680880957832	0.000269632829179
3.31298236808	0.108822146567	2.68481066614	0.0699620400947	0.000159989135864
3.33782266958	0.105395642058	2.6155533975	0.0834161394388	0.000205275991461
3.33586699018	0.10766617488	2.53458027946	0.0804039346981	0.000224123528532
3.68187553826	0.0995130997518	2.8393163814	0.0791333490161	0.000171616220471
3.2468732673	0.0924960712686	2.47878162557	0.0770091120116	0.000261087265632
3.44133149697	0.097605674027	2.65498703211	0.0707744598426	0.000165657516623
3.46786265376	0.114697553665	2.87845509528	0.0760694662726	0.000146402631091
3.37192725074	0.108880902023	2.5052262319	0.0733586277219	0.000197290220898
3.66294015364	0.106076791738	2.7121412454	0.0707064790139	0.000201275473618
3.58099654322	0.10168794058	2.12920237295	0.0748685745312	0.000182661004279
3.11312809235	0.106941134137	2.52786565472	0.0801443383767	0.000200453908059
3.25986297742	0.10580925589	2.44834092265	0.0694871312172	0.000226066071472
3.19546240613	0.110852608137	2.6098315224	0.0721142277322	0.000196929404778
3.58718155794	0.105413949276	2.8444821616	0.0720005273166	0.000127752736816
3.5585926267	0.114767990431	2.78887527556	0.0761252520149	0.000171136666349
3.07349044865	0.112531510193	2.70462501284	0.0823494310192	0.000269678433137
3.20230764819	0.0972967877972	2.74189747523	0.0722212823589	0.000226030670075
3.32423051571	0.101689660792	2.70946456181	0.0759882283169	0.000245701810274
3.61293540796	0.109251044849	2.63225615491	0.0704189371424	0.000177459351029
3.2468797493	0.110265837987	2.50475539436	0.0819958359561	0.000293786270806
3.36990697396	0.101168904904	2.23484742871	0.0745905554589	0.00029872467991
3.44351032531	0.109712769246	2.53202684266	0.0737489603931	0.000242498004081
3.16771289671	0.110003953738	2.68786438457	0.0748128583263	0.000201099459979
3.03838815123	0.0869822769708	2.39852037309	0.077501437499	0.000257903945695
3.25264669939	0.107312202388	2.54729842197	0.0791608759144	0.0002318809302
3.29489446849	0.10461843076	2.51751353204	0.0810863489739	0.000257930025141
3.07573963474	0.0981953114186	2.54852986389	0.0706751880846	0.000251877544452
3.63373094172	0.116096284416	2.92515448401	0.0704638896452	9.66523048592e-05
3.34960220239	0.113070971614	2.69698591769	0.0755811406564	0.000204586314432
3.11344381214	0.111970751446	2.60223689834	0.07088164255	0.000182728858314
3.37102872267	0.110054428314	2.85200203798	0.0934462429137	0.000152634957881
3.29903521269	0.104168165853	2.77191624783	0.0688102974831	0.000205830482206
3.33704365789	0.109443679126	2.42037221991	0.0744301478916	0.000230431506515
3.1283985511	0.110280924259	2.29054820075	0.069050264944	0.000311873783414
3.26495902527	0.106864406209	2.40609498388	0.0822871326146	0.00034053545327
3.58179540584	0.123610947487	2.75264470473	0.0619010514622	0.000163426762605
3.3111564476	0.0878081094779	2.62662125788	0.0743265803346	0.00020781164446
3.20718250599	0.113674052188	2.63776441677	0.0814087130797	0.000273285772696
3.36145382095	0.114957780284	2.79985066074	0.0803450052143	0.000178518142324
3.5802932405	0.12998415859	2.45932701497	0.0751751693202	0.000210226055461
3.45376127521	0.110445249156	2.64410637305	0.0732349895242	0.000178918756266
3.14660086429	0.108364620337	2.45454504088	0.0802919461044	0.000267466217754
3.72875482847	0.117932130179	2.85708833034	0.0712815815995	0.000115646583138
3.17066579831	0.123081588551	2.85243059987	0.0716223917511	0.000188998938303
3.44402365414	0.101988838626	2.53333775514	0.0644067604736	0.000253960562448
3.56563491285	0.111140267406	2.52434517396	0.0727117809935	0.000291031299141
3.04533936362	0.1096727998	2.58461381411	0.0751548076552	0.000268668393725
3.11002451183	0.10231486787	2.60993032236	0.0913861831208	0.000224996616614
3.36205488295	0.107774395323	2.60025717333	0.0770671740083	0.000175584776015
3.5386486319	0.107119927179	2.61653923854	0.0702433660528	0.000184257702551
3.56020123617	0.106425801318	2.62012342451	0.0726560387728	0.000168712907441
3.56710023409	0.119262824274	3.20505970669	0.0745316028352	0.000137506012248
3.31194482652	0.0902262895583	2.72413876442	0.0842348144912	0.000225057457111
3.36112888532	0.108713133924	2.35439591213	0.0788573415685	0.00024356542557
3.08088754463	0.109001615895	2.70925462227	0.118715295897	0.000268910844566
3.52116458094	0.107022658603	2.7514019606	0.0917565038436	0.000153485796098
2.27464558946	0.103414192892	2.86686457615	0.0725271972981	0.000242848773676
3.31004785765	0.093737967667	2.51393807761	0.0696674369103	0.000254934768276
3.10014180962	0.11039457784	2.51330259376	0.0676014135438	0.000270491207753
3.2894059342	0.111970445451	2.55386294893	0.074475692944	0.000210063640363
3.29489494759	0.110117268217	2.66073041092	0.0733194001527	0.000212506499395
3.24500531076	0.107102646344	2.68418187561	0.0738634405298	0.000168699204893
3.15902696465	0.113489476597	2.56570214794	0.0821799047319	0.00021314789157
3.40552867941	0.11147397255	2.61704143888	0.0860179533575	0.000188253107742
3.10737512547	0.114908139873	2.49222561988	0.0881823595192	0.000239662565295
3.21179206597	0.101036418012	2.54644758089	0.0700829095399	0.000250338631036
3.44160890002	0.108644368874	2.7347314483	0.0788483906089	0.00019391728485
3.48896504459	0.10870728191	2.68172755117	0.0567618943237	0.000182186291158
3.13946509955	0.105033359206	2.75205712304	0.0759410460864	0.000254500032051
3.24517000968	0.104329168383	2.86512241998	0.0716642302167	0.000145736949002
3.81636630166	0.0979592900941	2.76890156453	0.0798122533801	0.000155290134184
3.31099448311	0.109928592224	2.6698869958	0.0883415670315	0.000206485094532
3.50334277917	0.109411506613	2.50031636289	0.0598637592199	0.000252544875409
3.19025851418	0.104803680562	2.41952189508	0.0756077932424	0.000268203066919
3.14071595469	0.109005546924	2.53937818194	0.0823423960832	0.000247628905974
3.37577638551	0.100472693852	2.66949421508	0.0809977081567	0.000152499613146
3.07224721341	0.105764177412	2.47047048861	0.0773229584437	0.000266286195142
3.39211068871	0.0980620286468	2.72950864381	0.0721493173031	0.000171647485845
3.3004058559	0.106827238895	2.53107812221	0.0706457527625	0.000229008679925
3.48852425063	0.0932552923673	2.5823874971	0.0789280845756	0.000152512026392
3.36963748629	0.131482014437	2.4075719921	0.0765103324294	0.00020485215637
3.13836194749	0.119488960098	2.53961821944	0.0749933864796	0.000255318547514
3.35516874403	0.110716505387	2.67074350968	0.0897171869165	0.000187130233948
3.22824716983	0.120148546704	2.59823874554	0.0791303549572	0.000268959110323
3.2083444366	0.0933966256045	2.51140204445	0.0763810234225	0.000233653661734
3.4487357698	0.105379548653	2.70779361774	0.0779626563029	0.00016222975685
3.12488776609	0.108605123048	2.76296987474	0.0843369606951	0.00019243768249
3.45886251155	0.112069619675	2.92230780556	0.076460099959	0.000129303391176
3.5032907474	0.110974174168	3.04151822728	0.0782073984158	0.00013864119961
3.13080964966	0.115340172097	2.46615069549	0.0830663265672	0.000276688475875
3.35443752696	0.119569014692	2.76713264281	0.0784187308604	0.000174797712713
3.4684299109	0.112552321672	2.71276452784	0.0949025526034	0.000191452170043
3.51148805084	0.108450197649	2.76648101414	0.0742351523618	0.000177159994558
3.3123970937	0.10037289731	2.78291977163	0.0759062750369	0.000173065164961
3.16183016523	0.107616800722	2.61535381223	0.0629361101463	0.000204090176651
3.47561803319	0.105532981306	2.63208270164	0.0773079286836	0.000211233942107
3.59134226708	0.125880422483	2.66244414393	0.0737385966564	0.000157455923067
3.29796781487	0.104965332375	2.73282214776	0.075926045181	0.000226972489046
3.30631977881	0.0909845398391	2.68715532875	0.0743632723664	0.000212775501709
3.37531944168	0.10842690904	2.90964240228	0.0875927991889	0.000224414134725
3.37964281469	0.11039299477	2.89117680711	0.0688683519666	0.000181756342865
3.32687060376	0.111631199743	2.60442958434	0.112152985679	0.000206370653815
3.47729061493	0.12138206002	2.69467708568	0.0645579138819	0.000170379849403
3.54336188226	0.105935337813	2.6706601822	0.0805148421516	0.000198080753163
3.59280732167	0.108303403251	2.62367986858	0.0950829615928	0.000178513272302
3.37771817052	0.111043674702	2.55965661009	0.0785270763258	0.000232096566345
3.67711306534	0.105460405126	2.79437219441	0.0654268775616	0.000190577914379
3.33926498201	0.110213908239	2.69307141424	0.0722341754309	0.000187532974206
3.44032130236	0.110487843801	2.63246401653	0.0714464876062	0.000239858688645
3.3198577825	0.107362476457	2.64931753636	0.074832243278	0.000200862753917
3.23609312083	0.113407946673	2.5534923646	0.0814339837609	0.000235968221902
3.47722940258	0.108244768347	2.87114996441	0.0872822117416	0.000197360799127
3.16804109483	0.109660570922	2.72713256291	0.0785157578659	0.000225751567818
3.08446173489	0.0908575674745	2.46479408967	0.0755591738727	0.000287082689868
