r_HIS3_C08	K_HIS3_C08	r_RAD52_C08	K_RAD52_C08	x0_C08
2.60058770443	0.107584001841	2.27658459763	0.066035714026	0.000316475622037
2.59394174507	0.109085952021	2.12642761667	0.0662890537562	0.000476198261385
2.61445966038	0.113217648611	2.07047316255	0.0704801303829	0.000436629672527
2.84305956741	0.106529962463	2.18778610437	0.064590319519	0.00027146295461
2.69535278284	0.0997920444635	2.09247951105	0.0722136672759	0.000404448012969
2.75956094175	0.122463523692	2.24408668683	0.0705818352687	0.000270387687787
2.8048362591	0.0953493025865	2.29312550613	0.0687477583448	0.000290759506136
2.7297206956	0.112381622276	2.20540313779	0.0670761088999	0.000329235717175
2.61166952066	0.121056820648	2.1049767113	0.0674984574567	0.00031255639764
3.05705893449	0.13673438004	2.25619864626	0.0673669723356	0.000258089784602
2.46034554006	0.118464344775	1.87443373629	0.0691050699902	0.000507112400651
2.72586282779	0.122484771714	2.05418501247	0.0696247636108	0.00039875335605
2.60542846475	0.104415292789	2.11742634522	0.0679684198988	0.000343754171822
2.94440116695	0.100295332382	2.71417009031	0.0691159727315	0.000213795053351
2.73347875353	0.0831659130651	2.04844187067	0.0722328931728	0.000340240018547
2.65315748641	0.106762157609	2.09435647759	0.0765580345236	0.000387001567863
2.93030704519	0.104078972566	2.24487304325	0.0763888844531	0.000273656558078
2.81484593769	0.107505937383	2.22241465683	0.0701532709265	0.000307616540353
2.77038799757	0.103310212673	2.15845576425	0.0785648895074	0.000315318583147
2.82840767376	0.124704881711	2.09733350515	0.0684860782787	0.000343252281984
2.80622159547	0.103694956036	2.06251385141	0.0675521932533	0.000296180946467
2.56974825145	0.148993655262	2.08152090005	0.0561805735415	0.000322232693278
2.6880181854	0.0707219225475	2.13380549129	0.0710472367264	0.000312619290896
2.7165430859	0.110321860797	2.01936985738	0.0270452028146	0.000352040965609
2.49741222024	0.117906342721	2.04303212704	0.0614296436747	0.00042206978251
2.63245949681	0.0997912671074	2.12089199754	0.0667120909779	0.000395452792794
2.57063049065	0.108208176236	2.00326642059	0.0688183301564	0.000412525262091
2.89216760281	0.0994892174629	2.20588056735	0.0826940602348	0.000258134648844
2.73413065213	0.104013734569	2.08924297339	0.0639054203629	0.000303186506151
2.84965101349	0.104595841162	2.17883440843	0.0675493704058	0.000288767009013
2.63021441393	0.107545406762	2.22244890965	0.0721281810955	0.000367451920251
2.6162859281	0.0979780736856	2.15157220165	0.0702625513466	0.000396266756299
2.53643779715	0.11896790576	2.01721330557	0.0566689474904	0.000421843346547
2.93854680317	0.101805862185	2.30161962555	0.0634371179704	0.000241628929161
2.63280571139	0.109894701161	2.17626449543	0.0735056281465	0.000295975164847
1.71098497258	0.0976346411089	2.05091770539	0.0727309947166	0.000299255209318
2.76213635936	0.109625512933	2.08363902654	0.0737291793916	0.000356967604441
2.5519041635	0.106467172807	2.0711676121	0.0685851350248	0.00044174265963
1.73298656156	0.0994902967901	1.94214771809	0.0652936726718	0.000413362626969
2.90118115309	0.112787058169	2.374298958	0.0688312724495	0.000249630458744
2.72914728393	0.108635431893	2.12422265064	0.0627440825646	0.000342793745877
2.42717923692	0.106162420993	2.01852776561	0.0709193603111	0.000458334932016
2.84721866048	0.108807946592	2.080871975	0.0723924173399	0.00032505110959
2.50614312208	0.108414684908	1.90538005354	0.0675787583072	0.000451513069792
2.60089162514	0.106828995391	2.07057001472	0.0669929775994	0.000384775632247
2.46938086511	0.105288992107	1.93931029127	0.070355638634	0.000539567231452
2.559794129	0.110449358366	2.03643634085	0.0675437572471	0.000406890733581
2.62004049385	0.108179523866	2.14090711025	0.0748106310435	0.000423338756556
2.53694022019	0.11055732933	2.03209501582	0.0697077574462	0.000387180416102
2.57596435036	0.110275485731	2.00624853341	0.0654946692258	0.000424525494914
2.48710914041	0.127712695539	2.04920813634	0.071594280503	0.000460731875338
2.61076108769	0.0966481892278	2.02098051067	0.0657271922302	0.000442918321894
2.66505763036	0.108778384227	2.33546764546	0.0533277282334	0.000367914185459
2.57520378954	0.113462569435	2.02142326894	0.0706550894484	0.000443286306923
2.74705530829	0.10613295121	1.3591083558	0.0674490135917	0.000308895550695
2.84806089907	0.106451407426	2.11257385039	0.0711681524243	0.00027432222176
2.70073180516	0.104623240785	2.11138219727	0.0660682766648	0.000357824508787
2.48317086421	0.121540149373	2.16446147117	0.0772079633604	0.000395351926494
2.6409423273	0.112609356993	2.0526121977	0.0662752187153	0.000400623968832
2.55904491015	0.111959809392	1.9968646793	0.0687186398619	0.000485884118126
2.80802185261	0.0990952080224	1.8242008486	0.0682116119228	0.000328903691674
2.83834814868	0.111357435091	2.1400626039	0.0607938532056	0.000366254371942
2.73648777616	0.110426367513	2.05504985033	0.0696953950663	0.000397443127686
2.58195566973	0.110934539172	2.07953451316	0.0738699777948	0.00038269548606
2.66432586459	0.110545447912	2.1969227829	0.0700282488064	0.000334586071819
2.87210332315	0.106564872911	2.57196516394	0.0766925932788	0.000272165062484
2.72681589305	0.129569181251	1.92423676572	0.0728916471711	0.000335358988509
2.69161291103	0.115486117827	2.05901977995	0.0701802416254	0.000378080659177
2.61903740059	0.108863117792	2.05987515607	0.0793839211068	0.000303095711743
2.6748370492	0.126337693123	2.13066395191	0.055436008792	0.000369038005502
2.71952160015	0.107605935382	2.25960059998	0.0756909720216	0.000338971227046
2.77783166676	0.102700254206	2.07360287056	0.0590157210435	0.000294933845515
2.58075176319	0.108104231525	1.98397649286	0.0702274480908	0.000466180624221
2.66025661548	0.110419180422	2.14920098298	0.0688096322662	0.000361707587151
2.70004543935	0.108696524575	2.32725197501	0.068776166934	0.000331140048153
2.66606738859	0.124746005183	2.13471520471	0.0668646119592	0.000317911413248
2.69072915018	0.105028603423	2.03619387984	0.0666417114592	0.000392339067527
2.52581240073	0.114520752827	1.9861009487	0.0766438253831	0.000509262367783
2.60905232158	0.119332154855	2.09173011267	0.0691793453523	0.000371198997324
2.78430568194	0.101163427112	2.38061119699	0.07267876787	0.000317425497411
2.67591141014	0.116298397661	2.16915488737	0.0712517463611	0.000301287486266
2.66051020834	0.105165660285	2.07709031598	0.0748190573072	0.000351980195675
2.85958107475	0.102792351452	2.19794216659	0.080968797577	0.00029385400444
2.50722789721	0.106937261622	2.04331617251	0.0532729676675	0.000421003324064
2.73250269283	0.111886173272	2.2198385923	0.0700851245488	0.000327140131921
2.75429733474	0.108160179361	2.10518616341	0.0652214630684	0.000340257513801
2.61997757463	0.109848902413	2.05556299842	0.0707283474804	0.000391856489114
2.87024006271	0.107602861375	2.14140122166	0.0804012291523	0.000356001548803
2.7644433869	0.105540541943	2.15963952001	0.0599558685589	0.000334998656396
2.94644663135	0.100635575961	2.22514280492	0.0671679606676	0.000255216367645
2.80310292294	0.112589667511	2.15354728062	0.0705066064196	0.000280162012744
2.64297748474	0.113543630335	2.29211057258	0.0624617358559	0.000344272775203
2.71488552034	0.111175639201	2.12427528496	0.0710963066334	0.000311606930585
2.75487162328	0.105352467634	2.10419328117	0.0784091174308	0.000328114157645
2.60428939922	0.114520511694	1.92333869241	0.0717462309379	0.000451966502708
2.75805234828	0.108474972929	2.16052937815	0.0665779987682	0.000339212094064
2.7308209992	0.100133697705	1.98567429938	0.0697532710808	0.000363685011037
2.76241921191	0.111814488585	2.15282032096	0.0706643321087	0.000321528937593
2.83073422595	0.108237380731	2.06970086833	0.0755850917699	0.000370910571064
2.88527095055	0.086974001841	2.14380739432	0.0697054192196	0.000259327782373
2.70693390939	0.109434544896	2.10141980846	0.0681244178865	0.000347497094097
2.67692406113	0.12315142095	2.25589109397	0.0688959683209	0.00028241157432
2.83984979998	0.101214121001	2.05343322337	0.0718942257663	0.000353452830191
2.49105293666	0.108547651542	2.14569729754	0.0706257849791	0.000343752742824
2.51518650879	0.101002945941	2.12894447992	0.0680576593937	0.000323092294537
2.75224410136	0.0722881505887	2.0472849559	0.0687161946987	0.000373503740817
2.8930366804	0.0991009484539	2.24001887666	0.0662648111038	0.000265120983536
2.81435032322	0.0996037154319	2.19280175225	0.0746014362187	0.000262639047422
2.50130666531	0.107964356271	2.04813573249	0.0747261145904	0.000392401883757
2.73538239659	0.0977262910911	2.28683514561	0.0728718031404	0.000322478060713
2.8255337982	0.10198817369	2.04800418026	0.0693133085707	0.000285690395053
2.76107643906	0.0999097612988	2.30610194755	0.0495677013722	0.000338179577109
2.64698226013	0.110554450365	2.04386987628	0.0600129940401	0.000372999071945
2.62189467396	0.112724823823	2.11790950403	0.0675772092946	0.000345854040572
2.94671778458	0.113273021048	2.25200891763	0.0679805560952	0.000268562732012
2.51923144777	0.108217225442	1.97464123588	0.0749757579649	0.000487296037071
2.69916574565	0.105364748612	2.13065506904	0.0713964392696	0.000346152374243
2.64984161783	0.108171119968	1.97578467073	0.0703116615443	0.000406053102646
2.83569757969	0.100865542767	2.32439623644	0.0820004269897	0.000236314247209
2.52253654966	0.106762092318	1.98085040711	0.0714540683513	0.000448618173459
2.63696616975	0.108390774024	2.09443386114	0.0706893913864	0.000389358742733
2.868946182	0.110433903419	2.15870756099	0.0729641464874	0.000258605890736
2.7510772126	0.112359499608	2.26637685103	0.0832890055104	0.000227593969131
2.33674586789	0.102905850803	2.20689263763	0.0698416337513	0.000311361582579
2.50382591026	0.0977738761463	2.10925987512	0.0711979039985	0.000320041644343
2.70549978359	0.112250254708	2.22612545497	0.0557104094177	0.000282989508842
2.71164574744	0.172179528812	2.23785845666	0.0914305649438	0.00030803483293
2.61495313516	0.11785417971	1.94250682417	0.0738403833815	0.000391598840346
2.72835862973	0.109806042817	2.1435374689	0.0687356819383	0.000280036069627
2.67067598474	0.110545703908	2.10496714233	0.0652424214976	0.000375233455189
2.35680670275	0.109766958341	1.89646067858	0.0690089056642	0.000541572352641
2.8084380765	0.107122557692	2.15062051448	0.0693292995854	0.000352416447685
2.68569251685	0.103970885879	2.12670046045	0.0675750827722	0.000334143251339
2.49806373143	0.0970696943197	2.02849967426	0.0708626032446	0.00039704373213
2.60691622075	0.104867108263	2.19827953009	0.0632506565369	0.000287228855748
2.41639407315	0.116375818798	2.11401088661	0.0587691671675	0.00034790147539
2.93779599405	0.104803749667	2.14533797898	0.0699253479013	0.000303044458232
2.51842690043	0.103948470901	2.04953102944	0.0667172485511	0.000448364660072
2.65234437785	0.110758728012	2.05590235163	0.0770989800361	0.000425449448764
2.63597046203	0.114953876872	2.01149585586	0.0682377639871	0.000455263558864
2.59938543594	0.104370136176	2.09095835837	0.0636180522943	0.000393800100131
2.6656511599	0.107315965947	2.09964074608	0.0750668048755	0.000366925401316
2.8335067557	0.105649571743	2.41407929105	0.0726768977512	0.00030564114287
2.77846295981	0.105330261313	2.17080426642	0.0685243551611	0.000256941258896
2.69393480365	0.102551660093	1.9640512684	0.0694230393952	0.0003940119879
3.30579398746	0.110341631842	2.43511785819	0.0692338155077	0.000444352603358
2.7863191039	0.107252940374	2.30296356182	0.0751863021137	0.000304948691376
2.58414285537	0.108751864096	2.01557743173	0.068991734743	0.000443595855193
2.62491715266	0.106111099604	2.18112028604	0.0682254757098	0.00028897809003
2.79210660758	0.104613285224	2.08180899536	0.0659177573822	0.000384935451824
2.80436681955	0.108318190606	2.13963253853	0.0645595700812	0.000327178248229
3.18820597408	0.100642677545	2.50479406682	0.0665620195155	0.000283673298932
2.61932735047	0.116377133812	2.0439030538	0.0720011469251	0.000401981713625
2.71627915964	0.118012393885	2.14782167768	0.0805488600181	0.000300003575796
2.90812274973	0.10395713879	2.09620514636	0.0691739074601	0.000263251010011
2.72270626428	0.108685818075	2.40370121778	0.0711026323103	0.000244743106932
2.78025724707	0.108562786496	2.17433373638	0.0684545563193	0.00029870484912
2.71854939598	0.102177709168	2.08269811654	0.0701611142806	0.000341360697818
2.70728163961	0.104141760266	2.22946313424	0.0686465420154	0.000261185982424
2.51162028419	0.105644150593	2.08175716435	0.0717798857488	0.000373301292926
2.89414623864	0.103455263906	2.01884921202	0.0436819739329	0.000444256188359
2.72987801341	0.102244728006	2.14413581944	0.0627314857817	0.000306324082077
2.87840439526	0.100701736552	2.1310983449	0.0618600242654	0.00044427196606
2.62455792117	0.102933340713	1.98350045258	0.0716301505342	0.000446358965204
2.4813736602	0.099850719337	2.40125798557	0.0749552316454	0.000232057401086
2.77070002269	0.105081527032	2.14798215946	0.0697389397978	0.000321988096118
2.86444644354	0.110964333038	2.09957710482	0.0651775077394	0.000311220279547
2.61243326448	0.0926383559207	2.17893561773	0.0702849764816	0.000369824782948
2.65213077423	0.103810785229	2.16266081485	0.0738036890007	0.000354106766153
2.87201788628	0.109866480419	2.01362077027	0.0710071505198	0.000412059061635
2.66232600754	0.10318254842	1.97903042779	0.0676574429534	0.000436801232633
2.69402304614	0.109387051375	2.16710809065	0.071534493497	0.000287719653928
2.29792802408	0.107424172483	1.98584407873	0.0612597138534	0.000475481659172
2.68430373791	0.0991967003247	2.08393842836	0.0778470914726	0.000417082336111
2.84403891892	0.0945922757734	2.11740758448	0.0678046207041	0.000294389264922
3.0788163795	0.107763759777	2.23598204273	0.0497456477931	0.000272528955567
2.51169367474	0.104682174309	2.05967711395	0.0674061863009	0.000432615732361
2.67820164076	0.090983160157	2.10154381825	0.0765188950246	0.000364975979085
2.46033784614	0.11774663154	1.92887117347	0.0715664503002	0.000532203439318
2.55392605117	0.107150201565	1.94574508556	0.0670614626223	0.000477311449981
2.75033030658	0.112716677401	2.06195388602	0.072941033491	0.000340475513458
2.93424572248	0.106398060372	2.26711018107	0.0811734715791	0.000336746033681
2.65474137635	0.0933823241206	2.00652763376	0.0775756483919	0.000425896909625
2.64436832064	0.108158146222	2.04274974861	0.0681760968157	0.000382938839396
2.653997449	0.00905598553206	2.17442525312	0.0518361191594	0.000327289450485
2.67419217307	0.114341272168	2.0055976775	0.0633100786502	0.000365610272604
2.7473957325	0.101098528153	1.88587451231	0.0659608439361	0.000337153768355
2.78395417509	0.114030560789	2.07347384714	0.0703684309171	0.000326713147769
2.64488525391	0.107485110294	2.06950785938	0.0691899831457	0.000408865856338
2.57743518174	0.108687385367	1.98123980771	0.0680476689005	0.000369327932614
2.89066374386	0.117312790422	2.15631975103	0.0656570326799	0.000250442954244
2.75576742743	0.093245143155	2.05243464303	0.0600130819388	0.000330484952463
2.99968935241	0.114361611022	2.13959153839	0.0813934824308	0.000438955739159
2.56415710534	0.106006450905	2.10560891318	0.0706416769445	0.000485165036255
2.65820290912	0.106348669855	2.03271689255	0.0746377786572	0.000397196763197
2.56359652366	0.109853058732	1.93613547761	0.0674749054016	0.000402245014737
2.6817932925	0.112969038413	2.13523640592	0.0678923197951	0.000318095624957
2.89321408694	0.103707439885	2.15341144605	0.0769903489376	0.000243414525513
2.88113821877	0.105565775471	2.20337376167	0.0639285299935	0.00031578583007
2.73579989416	0.110188129491	2.01664642302	0.0669383407722	0.000364939228913
2.81547641425	0.112546188599	1.94748781191	0.0599816576187	0.000341762587687
2.81949251052	0.106411594794	2.05124772678	0.0700524720283	0.000385258295625
2.63267760376	0.108158734701	2.00788580227	0.071569750937	0.000434456803931
2.62900374122	0.115244252371	2.0727225523	0.0635353039919	0.000343095520041
2.49863555755	0.110315912193	2.00825495426	0.0652820623939	0.000374147620458
2.6868721499	0.105957048555	1.98729582526	0.0726599845862	0.000365885102211
3.02410158182	0.0990910603909	2.15402131966	0.0720797630096	0.00029572606148
2.75815847384	0.107523795797	2.1730408559	0.0683393370101	0.000318501591127
2.67236983224	0.0974212834671	2.17581325149	0.0785177664314	0.000456272929155
2.93361464113	0.110473955673	2.12475292258	0.0599053516822	0.000302856950635
2.82644350435	0.112192401	2.25135742017	0.0762622821907	0.000285096983149
2.69317152185	0.102699039876	2.14190268145	0.0752610207035	0.000399100361783
2.59167531085	0.0854510093956	2.01537307238	0.0591349852264	0.0004320680847
2.78148313108	0.105797817032	2.19155514145	0.0559985419009	0.000307312745629
2.73435285539	0.114521124462	2.20682755017	0.0678358994079	0.000320947537039
2.90545657292	0.109207609911	2.28204138262	0.0715879688217	0.000224558913869
2.95417016445	0.088810729268	2.13209951016	0.0676988491906	0.00029108184249
2.40855489956	0.104356718874	2.09275491852	0.0833877360793	0.000366683311296
2.75314402325	0.0993886032613	2.09396672656	0.0610181311817	0.000340494117745
2.72762685404	0.105758061279	2.1095451304	0.0701880458368	0.000333997279689
3.13738329332	0.0749664903772	1.99422675256	0.0718260885023	0.000414257846838
2.68182431464	0.107140266084	2.13048104356	0.0670131164547	0.000326306566143
2.74061312521	0.107700958745	2.18475898679	0.0735012877792	0.000310329015732
2.68918382168	0.109502496251	2.00878290959	0.0681673611075	0.000424822934346
2.60775057227	0.122826162075	2.00922682853	0.0652964543753	0.000509451265225
2.78119408911	0.104095747666	2.23807569988	0.0687788750493	0.000303728752639
2.74901117499	0.110995023907	2.07008977363	0.0742310632851	0.000348332906562
2.7769306736	0.108581062795	2.22788033629	0.0692029657849	0.000309572364737
2.5740473854	0.108063970419	2.09835002365	0.0686850027664	0.000440027884032
2.67207929356	0.108849579369	2.15881585617	0.0712028240745	0.00034292903999
2.70013247352	0.108400346741	2.25047340516	0.07194264068	0.00038484227118
2.56810725061	0.101497492269	2.02515443541	0.0811137557362	0.000384350599577
2.63285521652	0.114258581779	1.96424707962	0.0659236701844	0.00037056703635
2.87059244633	0.101958270799	2.11839762264	0.0667040056906	0.000306059697913
3.01443204816	0.1077688619	2.26483507199	0.072107890774	0.000241935220254
2.67333803743	0.104848931072	2.08704037602	0.0720950533687	0.000351585313386
2.49559825477	0.107745123813	2.01895793907	0.080891849685	0.000395477134632
2.89547090548	0.102549303422	2.22973764056	0.070055565013	0.000243057105299
2.63624519946	0.0982061955903	2.02075281461	0.0725544308848	0.000398987193315
1.85539838174	0.11472618756	1.94356167839	0.0652795619548	0.000461130548163
2.79509740635	0.110936076238	2.14060740021	0.0690024397082	0.000362401192322
2.72359141494	0.100064190262	2.09621805964	0.0708537121841	0.00033571376682
2.68272518649	0.108140182094	2.18622776822	0.0702425439186	0.000339046062202
2.73988174192	0.104708949839	2.19528701305	0.0761558169568	0.000295098840583
2.73352100676	0.114961391845	2.14978350608	0.0656487026627	0.000328211801874
2.56941520393	0.113121228364	1.95454398029	0.0663918639174	0.000430353494151
2.73046667368	0.105222388523	2.24931682069	0.0656736994866	0.000343818055336
2.70807903783	0.10741600915	2.35193870208	0.0809594538706	0.000440922947773
2.76893193922	0.116325064717	2.02936361002	0.0802897989277	0.000374711446375
2.77247708345	0.106374470439	2.36410275962	0.0751421032087	0.000309313168473
2.9734406163	0.106336177031	2.21273985714	0.0681194910251	0.000267046104825
2.55021002529	0.10495680347	2.0435942662	0.0660559456638	0.000404356723518
2.59169710821	0.103985988138	2.14580522946	0.0701761182513	0.00026667795784
2.64869384677	0.112789844596	2.05536351907	0.075152642995	0.000353841860753
2.70345232944	0.124772270516	2.30066209526	0.0698733272803	0.000319496554205
2.65431471558	0.107844568282	2.07117380229	0.0680795025133	0.000346386635712
2.68835541837	0.088991048538	2.32354399699	0.0638944664539	0.000339048439159
2.61094342735	0.10313227706	2.08166448751	0.0721435555456	0.000421288338125
2.40403571357	0.102298993078	2.08318173035	0.0711354034478	0.000375660388291
2.73637445889	0.107505186969	2.11541327643	0.065842930184	0.000341284058862
2.87034957325	0.114669105081	2.21496161628	0.0660661417426	0.000258791397643
2.64406844183	0.0737722810728	2.50173691775	0.0696641296627	0.000296409644227
2.67513752476	0.110691106658	2.21717802442	0.0708164651775	0.000337969234055
2.41013956716	0.107563963503	2.02995702262	0.0664403875936	0.000433013384862
2.51016981144	0.110446779868	2.06819622971	0.0600486731394	0.000464847629593
2.56644545835	0.103252921589	1.96613558935	0.0722169208952	0.000334073229601
2.78613669522	0.108887407658	2.04525423332	0.0669294229158	0.000306403288841
2.69014223561	0.1126034978	2.21128779159	0.0694986858884	0.000292493952295
2.7942395997	0.113189974546	2.17724906714	0.0657576642948	0.00032065470866
2.69686685215	0.123813918581	2.14401598934	0.0643678676062	0.000380127338135
2.67774184519	0.0974841130999	2.50126082486	0.0684700149937	0.000401041666346
2.1224823346	0.101811090294	1.96329153087	0.0694380502357	0.00043829633768
2.67740050872	0.107846195391	2.05386258204	0.0678716524049	0.000396944579394
2.61734777366	0.114732849003	1.93933599385	0.0751510389262	0.000428459549354
2.724558689	0.108946936775	2.15203072017	0.0595831492353	0.00039565862366
2.48573819972	0.109267682461	2.02573760963	0.0723572530305	0.000396740272533
2.43466347027	0.0956530891733	2.13440524932	0.0632874546572	0.000326760096523
2.77611876512	0.0959114801686	2.20795887757	0.0644413845045	0.000289577012583
2.70762501909	0.0831389001165	1.98026881359	0.0685961693441	0.000324524554017
2.38684678052	0.0923204815325	1.99959444563	0.067601955719	0.000442443567879
2.47548155647	0.110276657222	2.12288486743	0.0744793318872	0.00038493789065
2.69648067767	0.112234127275	2.02877844605	0.0667065646655	0.000374591004532
2.74173096528	0.0840762256436	2.19131667477	0.0606033543371	0.000313092902329
2.71851113027	0.109847165261	2.17920438291	0.0675549486151	0.000323579874371
2.83830911294	0.11062888437	2.08950932893	0.0850060145693	0.000308416151927
2.75474133744	0.0999878721676	2.24957786564	0.0617556892495	0.000342349433529
2.80295435587	0.10774137365	2.24192685507	0.0665496007864	0.000275386106738
2.56172395651	0.10426503301	2.01788930212	0.068839936504	0.000455047277575
2.60746990635	0.117091227705	2.10937101659	0.0677935890045	0.000312972687116
2.71530834878	0.0768934719969	2.02082929616	0.0670206345993	0.00033557752215
2.74200853242	0.0949709124193	2.06650733071	0.0691567691579	0.000350918669766
2.50605108843	0.108265953684	2.26451617663	0.0657665876531	0.00030488347223
2.81875483462	0.110367259892	2.12452769684	0.0696673443604	0.000323401074735
2.55825897489	0.115688701332	2.22527212695	0.0810197150234	0.000395990636767
2.56069677079	0.11422050585	1.99219205847	0.0688652492829	0.000435066783055
3.11421621142	0.114599463249	2.22253146444	0.060341127575	0.000320511286495
2.74061795419	0.120816412295	2.08010320577	0.0651439100603	0.000402594904648
2.75918781423	0.108692374782	2.26176140222	0.0651078038113	0.000267811591546
2.93980325406	0.112729957236	2.15589572887	0.0759557583247	0.000282819952029
2.68707582556	0.111538277317	2.09000987278	0.0630199481707	0.000373996899189
2.65414689853	0.0987652521424	2.0438635785	0.0607811413263	0.000406375306929
2.82371313953	0.100540731808	2.34092076974	0.0560063057751	0.00029572597813
2.5704385769	0.108407153769	1.9642908625	0.0715780014743	0.000399884593917
2.68186939261	0.109379743769	2.0288539155	0.0776389452718	0.00037098895268
2.5127161468	0.0266670434377	1.92622957001	0.0624976180524	0.000556652483017
2.73875613588	0.104338049777	2.10176775797	0.0714789874268	0.000310550698727
2.80487902265	0.100372771476	2.16707674624	0.0649270339554	0.000320694075375
2.65271662457	0.108021060721	1.97808858463	0.068679273376	0.000412022719296
2.69529632288	0.113207088999	2.10494631066	0.0778156981124	0.000353752250531
2.6095738224	0.109120042549	2.05718725814	0.0639225377356	0.000385408601451
2.80243514881	0.112777309158	2.15641592548	0.0604707103455	0.000276450915593
2.86254246841	0.132071296538	2.09272491953	0.0682630756945	0.000369623866853
2.58625573431	0.106506057771	2.03652366933	0.068198498273	0.000400096843501
2.61203535242	0.0962296944264	2.13799885942	0.0614595641494	0.000404579891254
2.34808053393	0.103115623416	1.87183119675	0.076003972117	0.000521395819874
2.55854351314	0.109902246394	2.08106866484	0.0654908702958	0.000399402497952
2.54996665291	0.109851331064	2.24126263108	0.0685477744803	0.000436965642691
2.54382204278	0.108973268812	2.06197366107	0.0697279653455	0.00037610049493
2.68414071646	0.0985097240101	2.1812268115	0.0739043343149	0.000347551905498
2.5727234015	0.110425155553	2.03874651934	0.0641738094805	0.000348065929325
2.89892240081	0.0845692069323	2.31484305013	0.0676796355498	0.000229561134616
2.80770289941	0.108302563702	2.17756943104	0.0719607350306	0.000296620468407
2.75600019098	0.112516814047	2.01840774039	0.0683801759838	0.000332839696952
2.54904405812	0.0895876805725	2.14589432477	0.0794106964688	0.000338943898021
2.69422138165	0.107467037353	2.04310705174	0.0695466314479	0.000387216222017
2.82487689703	0.106729780324	2.08614613176	0.0673379294922	0.00029775496723
2.6244628099	0.105738997566	2.01265672398	0.0799210411487	0.000361727035153
2.71431816506	0.117014857457	2.13455321221	0.0674136663388	0.000344718537305
2.63965605235	0.11085904586	2.13165251859	0.0712014470645	0.000406283265794
2.60255408468	0.107645350556	2.10780117381	0.0748908322743	0.00038582892247
2.58241078664	0.112695668682	2.00740406134	0.0725875902012	0.000398197796411
2.83377138557	0.107573829046	2.27643263166	0.0718389991353	0.000297464657023
2.81491256681	0.113612493182	2.26279345096	0.0522510263188	0.00023672143729
2.59947444984	0.123342204736	2.20821442273	0.068378010631	0.000309554390838
2.62337807372	0.108298925529	2.14570562077	0.0706558216778	0.0004486569523
2.77864959716	0.105404804519	2.15689214379	0.059549142365	0.000340489591631
2.73239668024	0.105953835295	2.3643069948	0.0691068202037	0.000251979135842
2.74932623358	0.111000000407	2.05714820759	0.0840652370935	0.000400714363363
2.92670460691	0.106343702874	2.23981424527	0.0740770616744	0.000259935836197
2.60200739152	0.0985917288024	2.10663345307	0.0483711857539	0.000400868111305
2.74865544161	0.102879385148	2.15786986443	0.0708942462161	0.000319705968131
2.60727050635	0.112598483649	2.03353213631	0.0681163823433	0.000357646743624
2.84754694703	0.108138338532	2.19204464451	0.0658892527309	0.000289980910084
2.90744413184	0.108602878322	2.21691637962	0.0650824285237	0.000267099743821
2.77704621546	0.104939829501	2.13473652154	0.0700829501236	0.000294274169549
2.58438014894	0.11624574986	2.11801799424	0.0815582443598	0.000303327825075
2.75257381644	0.106353553326	2.17731796882	0.0645155397495	0.000280666770532
2.67972598611	0.110752385951	2.45815111782	0.0712588217272	0.000354681091577
2.46028613412	0.108937920075	2.01960633178	0.0736979817868	0.000364436910369
2.66612146765	0.115384099953	2.16349381002	0.088890383461	0.000360457215405
2.69960358291	0.103689348215	2.07435000136	0.0683038349721	0.000347708357753
2.79540221054	0.110621336838	2.2856524448	0.0780983705198	0.00031479591392
2.65836329355	0.108630738201	2.51325433112	0.0674372951883	0.000395708255834
2.51100293571	0.103392809778	2.03884200666	0.070108943552	0.00035188057303
2.91681709522	0.11195940014	2.26492285657	0.0681417947635	0.000252968606671
2.94225235668	0.109753281367	2.09203936876	0.0718812190427	0.000255006520942
2.49130906027	0.11064551881	1.9613310672	0.0692607682398	0.000504937742219
2.68675650614	0.10736801973	2.13786447008	0.0691932611249	0.000382961309115
2.70597584669	0.110322918856	2.18775294985	0.0690658810767	0.000304477195314
2.77957264458	0.10591173552	2.73084084465	0.0684699553688	0.000290350716986
2.18123747583	0.106772259266	2.33725168807	0.0715794720301	0.000402804021068
2.66355610813	0.102749359488	2.31239327274	0.0697981756272	0.000324059593456
2.82711339271	0.0967826904194	2.17297019321	0.0661071360067	0.000261971229888
2.4881677429	0.10782546886	2.01228621062	0.069526093507	0.000451161341384
2.97161159845	0.124366708679	2.22453830911	0.0688520386721	0.000275213930869
2.83307241338	0.106598735755	2.207681507	0.0630787723054	0.000318383914838
2.86582431822	0.0878044947644	2.20579282908	0.0696209884967	0.000283381118848
2.76845286684	0.103916234048	2.37833147233	0.0722569469175	0.000273480796588
2.55725426316	0.106630502105	2.10024766883	0.0683870784957	0.000400054699885
2.63132998061	0.100737276635	1.88604697857	0.0716274320398	0.000419872775594
2.83647787182	0.100642012455	2.18465533571	0.0717753191444	0.000294674473549
2.75555904557	0.099306547784	2.51594560887	0.0803810112723	0.000338585372377
2.62528953044	0.104802460418	2.21143365362	0.068325500469	0.000344442567793
3.85732311778	0.117808815858	2.15455559757	0.0683934755793	0.000316436301793
2.41098390726	0.11443509764	2.22780581989	0.0651752147666	0.000217495276469
2.69863741127	0.113039423384	2.18351321728	0.0783942108744	0.000306829833177
2.66658193142	0.0494891200894	2.07627978116	0.069889263955	0.000361386916161
2.70396196716	0.108156431194	2.2154007712	0.063855674811	0.000268998046157
2.84638149343	0.094996367988	2.1481974381	0.0706403819766	0.000284470521015
2.75723211501	0.109128081767	2.10701736376	0.0769614607834	0.000325170434767
2.65691266911	0.123472748041	1.99697136507	0.0678072296946	0.000398716281982
2.74795709547	0.108814570015	2.08156753514	0.0679946899229	0.00033386924133
2.81053203755	0.101023677962	2.13631578519	0.0673626387714	0.000262019847201
2.50518708815	0.106807721569	2.03133281032	0.0653518815583	0.000380185126811
2.65608850608	0.138914317071	2.01473901102	0.0668459567471	0.000378384481592
2.74908859596	0.10848449007	2.14993200542	0.068053261878	0.000335841979284
2.69730689117	0.123657842909	2.02716158124	0.0671775047468	0.00030767581731
2.83627475284	0.112166571266	2.27888540361	0.0696629095182	0.000300045682478
2.72415070616	0.112197192756	2.05664089427	0.0702536312185	0.000400066707827
2.79775811826	0.109562869033	2.12242193895	0.060682492421	0.000310467235405
2.38288933705	0.114112656515	2.05214200586	0.0576151905964	0.000409671207232
2.62359916958	0.113379582495	2.14935397423	0.0524886971492	0.000394741290312
2.59692641492	0.108252463195	2.00764072831	0.0657708922906	0.000393898939492
2.72632839548	0.110401087612	2.16338056518	0.0653111515786	0.000359934106269
2.58266705888	0.111007830659	2.37896696042	0.0761831149785	0.000283948659706
2.55596221911	0.106780484739	2.01922136127	0.0699558961422	0.000439771460135
2.92531167974	0.114133607585	2.26911953542	0.0730790328934	0.000243887486048
2.4790751562	0.106778766403	1.99598204087	0.0687771872186	0.000399592479218
2.57437700228	0.108256035575	2.06750540337	0.0700419568798	0.000395011433767
2.60555377943	0.103466172094	2.02572955723	0.0720032872702	0.000378034795675
2.7178169631	0.112998088124	2.13194919803	0.0860513477105	0.000307674114465
2.89283532402	0.0960770532317	2.27247302962	0.0607168351986	0.000268248560101
2.57100942182	0.0998116670256	2.09720698667	0.0695895544175	0.000357271951927
2.51911034847	0.116691765604	1.92794996813	0.0666997998692	0.000479061236679
2.8352472525	0.112898851993	2.16664250659	0.0660043343262	0.000295595987165
2.6266127394	0.122681717261	2.17326166131	0.0513089348904	0.000295842396899
2.73107568454	0.0695364131369	2.15888643264	0.070052774846	0.000293143660085
2.84472449656	0.109531241168	2.02057945201	0.0696032116536	0.000447898822667
2.51666846937	0.109395010403	2.00121832421	0.0746750039643	0.000404507487087
2.77636782224	0.104909064588	2.2270938017	0.0698228280661	0.000274189919345
2.63301596865	0.100540094072	1.93442400832	0.0734524969669	0.000350544810974
2.73090503224	0.106676498018	2.04086535204	0.0756626562024	0.000386867095071
2.91496003802	0.115237812089	2.16677201156	0.0685633339367	0.000335467278016
2.85931332712	0.10972948403	2.11038478761	0.0695548886014	0.000258508143081
2.91106661735	0.11565406749	2.31044915592	0.0686000045911	0.000250137453259
2.70476824897	0.109726604323	2.18988488297	0.069716234791	0.000326123648872
2.65661667485	0.111091012774	2.27724883839	0.0755861696069	0.000299652478765
2.59702610434	0.0988705367649	1.73606466263	0.0689571839103	0.000368423423498
2.76555008109	0.107973837925	2.10782501756	0.067618975491	0.000344332738848
2.52171361269	0.105376897802	2.18695394209	0.0657750674157	0.000375944464344
2.56299089368	0.105780677408	1.96627237551	0.0577206713898	0.000464726936063
2.36684328232	0.113461339128	1.98910828032	0.0592503914419	0.000417963583802
2.66917183768	0.104673404492	2.13771222559	0.0687928899971	0.000344366393602
3.08424654753	0.109246020418	2.07754240665	0.0709822663049	0.000335861192856
2.13155011257	0.102315395228	2.08049771438	0.0869770932869	0.000309442687955
2.61160152254	0.102683090072	2.06543677727	0.0677635031264	0.000328747664722
2.68875806319	0.109701323418	2.05398971372	0.0688741472762	0.000391421636883
2.47476063775	0.11027339488	2.10529519401	0.0745892193335	0.000460347139288
2.26876120627	0.108051070756	2.13231292427	0.0663728858935	0.000416563643804
2.95631544817	0.103513256503	2.26001779562	0.0668534172673	0.000258414012766
2.74262198185	0.11191811777	2.16917603216	0.0716750901117	0.000300334301573
2.96221938922	0.105476669233	2.02829719442	0.0690288828811	0.000271394462228
2.58150430711	0.108443024969	2.04891979461	0.078411679974	0.0003911205452
2.68710920347	0.108209946976	2.14715587963	0.0716880705943	0.000365322587671
2.74632624015	0.104520255243	2.15164090842	0.0683209917751	0.000411279166242
2.76707918365	0.106021238698	2.1529037134	0.0646120560172	0.000297883099433
2.7317855018	0.108406860447	2.21809470425	0.0692148280157	0.000254403320272
2.85574685912	0.104148309314	2.14972434048	0.0637221316012	0.000312259949525
2.86533709803	0.099015487316	2.08274511765	0.0691359782353	0.000335327957059
2.73501938464	0.107832247777	2.07064628988	0.0675394531878	0.000337289558328
2.64969405366	0.106136645555	1.98334236143	0.0601047930728	0.000459292971867
2.623854434	0.115703437269	1.9726216243	0.0797528312285	0.000413510162102
2.79347554077	0.109664794207	2.20474419431	0.0668276151743	0.000259249369449
2.9977374474	0.107844952473	2.1401565745	0.0654413059896	0.000318161462501
2.6985901162	0.103995036975	2.14814065908	0.0681656006805	0.000312083322436
2.82522963601	0.107026489114	2.17105004745	0.0707625106209	0.000282368365793
2.58859559227	0.109247365232	2.00626989739	0.0676707456138	0.000400441303905
2.40838953435	0.0930701514093	2.02230548877	0.0670848660084	0.000373603994805
2.75940018514	0.103849387673	2.37882148146	0.0624735821901	0.000304342058965
2.81056471587	0.126075920551	2.28341302456	0.0672735901243	0.00028141849271
2.87070804514	0.110661531783	2.20095380807	0.0690458605925	0.000281669741398
2.65552546397	0.105860807434	2.06915683631	0.0689582072951	0.000382832591049
2.59513279797	0.1025976048	2.10139573272	0.0671100573141	0.000402250707939
2.6853856558	0.110696709211	2.17053651702	0.0824373566134	0.00029210959273
2.87601720374	0.0873414355223	2.1826318836	0.0726581153487	0.000248067982178
2.80748035695	0.125931290316	2.20484944917	0.0705553529061	0.000309748670385
2.66646951469	0.101855058299	2.23198936037	0.0722545538618	0.000393684068555
2.81551742083	0.111868912826	2.28012054117	0.0651288880899	0.000263457769897
2.50860589885	0.115654132026	1.98249925712	0.0560856760073	0.000435471470331
2.65620432447	0.108498278891	2.03751367069	0.0623892929485	0.000346966105226
2.6984648536	0.0971854834403	2.15510044642	0.0724082186394	0.000348329403065
2.55269557019	0.112430783978	2.11193544513	0.0660479640416	0.000447406417759
2.58675897065	0.0671440658552	2.08438141714	0.0690447537829	0.000362921332751
2.74207754998	0.0949619828835	2.09951076382	0.0704793880858	0.000361735839764
2.69124982248	0.11212085795	1.9872284106	0.0677022501677	0.000518860922501
2.67261996983	0.102439473221	2.10318185062	0.0665370744044	0.000340429148551
2.80649559556	0.118309230097	2.21614997435	0.0660641715123	0.000273713773612
2.65207277998	0.111958813319	2.0323515846	0.0701037290048	0.000368955775678
2.57592866201	0.111212624774	2.04063262516	0.0646291816938	0.000349445111733
2.48258037255	0.103775638427	2.0176775765	0.0731700749215	0.00044422781671
2.72711548752	0.113514158829	2.01682557313	0.0934075982518	0.000349732277208
2.54010144801	0.127611834752	1.97857781304	0.0700678890357	0.000481412823157
2.87964705759	0.108855728554	2.13141741338	0.0704031370079	0.000368552953546
2.84648475276	0.107429715863	2.21467918924	0.0719726192821	0.000257441983486
2.4774623504	0.0951144675642	1.60383101021	0.0651583762223	0.000403231103079
2.69231626255	0.101839978027	2.19477260202	0.0656421318839	0.000275625622921
2.67679236488	0.109675232885	2.25210917209	0.0720138646091	0.000306951229961
2.57608335506	0.116577678245	2.14465519606	0.0657190213643	0.000361069951355
2.71541273894	0.100759706636	2.10193279182	0.0592699892853	0.000346992796623
2.7630606861	0.11371936098	2.01214414044	0.0717015382367	0.000358717563688
2.81592232267	0.0996309963548	2.1527459356	0.0700781055914	0.000275834646312
2.68094930462	0.105769345614	2.27088141062	0.0732275049755	0.000360863791833
2.70067605683	0.111580002675	2.08391678294	0.0613565641152	0.000361508014496
2.68049366125	0.097546203047	2.27733596273	0.0661954324556	0.000277110210801
2.6482601464	0.112467879391	2.1328769799	0.0674692040165	0.00036625249627
2.64680308109	0.111109155796	2.55073622307	0.0784977150861	0.000307912183902
2.69945308736	0.10242505014	2.07584088156	0.0505367722128	0.000383057952198
2.62985539938	0.100063009305	2.07454137467	0.0673791025379	0.00037475650515
2.93014041383	0.106205276292	2.16220740256	0.0669479666473	0.000247728008262
2.81116007803	0.103871923037	2.23715126673	0.0681778829758	0.000301552017849
2.6040139557	0.10777024832	2.22541474641	0.0599173411918	0.000365246413279
2.89566622381	0.111035867093	2.37216136652	0.0674014223389	0.000215100121109
2.97118273023	0.103194687709	2.1337255191	0.0676952276733	0.00028345639403
2.80673242619	0.08257189398	2.23302012266	0.0694016965771	0.000281701907555
2.75514054295	0.11554411537	2.22669851425	0.0760117317701	0.000311973106233
2.78669582408	0.109277016798	2.12166759652	0.0545332702563	0.000310720206574
2.79528166491	0.103273214573	2.29200206321	0.0653777747966	0.000307982718831
2.71147013785	0.0969280052177	2.0757253941	0.068594989741	0.00033248363473
2.56469087502	0.102563509299	1.95812727032	0.067269590652	0.000479751744265
2.64798964707	0.111947458546	2.03442790379	0.0700750370031	0.000406277651003
2.69449784593	0.107660454094	2.28151801665	0.0652841777578	0.000270478400743
2.58843946021	0.114013581192	2.01892392829	0.06679390619	0.000413196291144
2.82589237548	0.10401698005	2.26650985088	0.0722559692289	0.000273449924173
2.56779774274	0.127174604424	2.28889137076	0.071121668578	0.000391808236241
2.59264289983	0.111097666976	2.0212759656	0.0741047075959	0.000423138334881
2.83117278577	0.0975509532817	2.08031024898	0.0702519136105	0.000367315465745
2.52861071693	0.107632088471	2.04169203576	0.067671111409	0.000354720507997
2.8273606117	0.107665476192	2.15063533536	0.0692922871771	0.000417274186366
2.79076053282	0.109271326611	2.12068889551	0.0696294459737	0.000314103306064
2.69298825896	0.0669893228787	2.18083364162	0.0658490013519	0.00032978781182
2.6665321176	0.10817295504	2.05214070286	0.0730886315917	0.000414682123355
2.84311240078	0.106320962201	2.17683536246	0.0671010577671	0.000325897785853
2.62901871248	0.110127771003	2.01696997461	0.0674055104847	0.000393170186197
2.83541766904	0.103166197601	2.31449773426	0.0702049236267	0.000264903938889
2.9832754231	0.10333399275	2.04915466717	0.068014545011	0.000386050911586
2.90835353795	0.104967852724	2.29800612817	0.0670401651925	0.000238555409412
2.75060267831	0.116040140213	2.16505648104	0.0692960712732	0.000315578415054
2.63051141836	0.117014820204	2.1875206553	0.0696353392046	0.000318027206874
2.76773887774	0.111126222114	2.09744496004	0.0674316681937	0.000318732872122
2.65786177858	0.109216721216	2.11234474714	0.0718990353926	0.000344180048505
2.76997578303	0.106797308207	2.2096996574	0.067660688577	0.000337949710118
2.78112906071	0.107505190171	2.1741237919	0.0846454114063	0.00028160203197
2.66641348868	0.116801114107	1.9211319771	0.0664377071525	0.000389163577738
2.75497071971	0.110864522242	2.10212334693	0.0647957734695	0.000313085202716
2.78161561961	0.0978182929542	2.36865843206	0.0828536818985	0.000282232800118
2.62874770571	0.107058709405	1.62982382417	0.0712016606619	0.000440996808913
2.47592186693	0.107077170812	2.03471952697	0.0694520538259	0.000534002594176
2.83323975143	0.110680543589	2.23649930412	0.0707677999825	0.000242586490214
2.58729670861	0.108880066984	1.981410189	0.0734687130394	0.000463444378532
2.66844580224	0.10499648111	2.06890756878	0.074399574989	0.000358234823912
2.90279288892	0.131943072503	2.30061791455	0.0667019154553	0.000215112301742
2.62311825197	0.0871392891904	2.30858873833	0.0647570770588	0.0003648551502
2.71593796985	0.0977179619032	2.13877755997	0.0744938799795	0.00031037996571
2.49381637965	0.11042855771	1.9918456308	0.078067893831	0.00039901442106
2.47624464255	0.115696887882	1.87320180135	0.0739534647779	0.000483733323646
2.85342421169	0.106212722409	2.25139661172	0.0651251218958	0.000261165964033
2.28106320276	0.0896408862939	2.04748445069	0.0662343423685	0.000361762587988
2.56933248863	0.09136364926	2.1108773311	0.0926907376843	0.000377285607706
3.01123149857	0.106319438862	2.36801376643	0.0680061936626	0.000331541674439
2.49553535206	0.113871523829	2.19455476502	0.0660273921858	0.000303860596105
2.78822229981	0.106388156128	2.18552143951	0.06484990143	0.000300182949872
2.68493606685	0.10392254286	2.13350560374	0.0707497987105	0.000309641477884
2.83970375033	0.11601989569	2.17864524487	0.0778490260533	0.000258068758617
2.78998744942	0.109910896972	2.20463264737	0.0692763911213	0.000303406583478
2.72909966882	0.107028618573	1.95851875821	0.0648621834471	0.000430671059258
2.61473576922	0.142873324649	2.20682422223	0.0657897790976	0.000287584678552
2.60884585497	0.109036298367	2.26652248264	0.0683719872101	0.00040774758239
2.56355278709	0.10715597506	2.04941447466	0.0680186073111	0.000428263009162
2.71047451828	0.103226340061	2.26198738364	0.066229893279	0.000337277450424
2.77675494897	0.100656436576	2.2009858194	0.0686006221303	0.000268571373998
2.64052188344	0.112615070411	2.06468411245	0.0662161021793	0.000404901143569
2.67226274939	0.116455251321	1.9807897478	0.0682666488262	0.000454048553971
2.33365680877	0.11117696376	2.10668015663	0.0686740746841	0.000336765750799
2.55195564586	0.10684106902	2.03962642408	0.0752716360433	0.000447865749608
2.69537891043	0.107515928568	2.02563178514	0.0722289325781	0.00031636886565
2.71455374761	0.11321261996	2.12374540749	0.0702422339484	0.000354064953388
2.5999882166	0.077416422176	2.05843060012	0.068763890841	0.000374667148787
2.71380695447	0.109551805187	2.13391997846	0.0680586729789	0.000369102567977
2.59214187095	0.102838545	2.12283897423	0.0639211278642	0.000336471304413
2.57837170934	0.102012017238	2.02881958001	0.0650409782945	0.000388788523609
2.65617668175	0.11191269776	2.16182914484	0.0671513113624	0.000398659698252
3.27302344061	0.106138790675	2.38263593122	0.0501554674974	0.000322524464271
2.78864659173	0.115667786777	2.20690638657	0.069790512285	0.000320631006596
2.70874261854	0.111922230393	2.14033335954	0.0680503971054	0.00029205373099
2.68342323313	0.107879160675	2.24317585342	0.0702971233923	0.000368113163532
2.44875098576	0.115893754956	1.95537012708	0.0655232379725	0.0004452340062
2.89334292093	0.118630444638	2.33239102923	0.0719180408463	0.000243553246132
2.68982767113	0.105273561436	2.05135305318	0.0701296221481	0.00035343745286
2.88344439834	0.107991694535	2.28203813526	0.07363250611	0.000242681053856
2.5912515422	0.0988434434801	2.07085843879	0.068973828949	0.000393312716263
2.77432486428	0.0980951358829	2.18675140182	0.0663164127296	0.00028793221817
2.85135684111	0.125736060384	2.43338307485	0.0648141048881	0.000267062174918
2.5219820952	0.11018094339	2.0420640894	0.0740183914872	0.000413275140643
2.56770901851	0.105289185488	2.06499857583	0.0691005037757	0.000434665809833
2.77718415841	0.104453427989	2.34380260298	0.0669285877598	0.000214921213889
2.59422789027	0.110028894982	2.18931679507	0.0683471725067	0.000307057782748
2.59891982831	0.100106930849	2.12564988546	0.0703603011301	0.000357831922328
2.83900218688	0.10430157023	2.12011553913	0.0755365327526	0.000416318662246
2.71158303248	0.105049288348	2.14400950825	0.0599951482567	0.000328291507988
2.61100832265	0.105557001691	2.12110458236	0.0748772223425	0.000413081247936
2.65305966747	0.113191462119	2.13369950513	0.070471190533	0.000342565884124
2.91093816984	0.105173239141	2.14304228093	0.0694064081706	0.000297661780409
2.50396933845	0.0977606225905	2.30090379833	0.0670796140283	0.000342148139312
2.95425565818	0.106787266933	2.25948669207	0.0706624481586	0.000216612903667
2.70869098812	0.102281568928	2.16030619245	0.0671512537251	0.000389052907332
2.6286685579	0.111944287491	1.93632274268	0.0827820450852	0.000315315380687
2.53349016146	0.10686816946	2.10359244003	0.0679506040566	0.000451584502363
2.60647547762	0.113026556097	2.07311707316	0.0705148443207	0.000373096257633
2.83107950113	0.112373564257	2.12516571622	0.0789768564871	0.000319936327259
2.8148692451	0.110220109886	2.14001808605	0.0743231981231	0.000298823874649
2.65516100585	0.0986965166715	1.96609277217	0.0661674251952	0.000345324770176
2.77012186297	0.12635911697	2.28040667195	0.0652545725987	0.000276244781472
2.66624880037	0.104806264454	2.02789695769	0.0713629490597	0.000391010976669
2.69422196237	0.110254131459	2.10578678423	0.0723043606141	0.000362980137572
2.56666600076	0.115839037236	2.14277491291	0.0635427101189	0.00043348027695
2.59566004686	0.0979138097276	2.30827903595	0.0635814301965	0.000366101695441
2.64251728938	0.104037477381	1.96842036689	0.0769892064655	0.000420028574106
2.46464235839	0.107345034023	2.09614644326	0.0690358446422	0.000448204452144
2.60916355481	0.102002735296	2.12784670683	0.071766087093	0.000339711664482
2.89938910914	0.0961487369677	2.22994889321	0.0736458121354	0.000257958305066
2.86294286673	0.108201415269	2.18233607122	0.0682409428876	0.00027289405914
2.75524243396	0.109832435465	2.13760017973	0.0798903778566	0.00027807557332
2.97039497725	0.0419763093177	2.37343220972	0.0665921810334	0.000211730702545
2.55393471268	0.105112947094	2.1315340223	0.0666296131723	0.000327852526334
2.80732317193	0.107257895306	2.21066198692	0.0779812058717	0.000288876502853
2.86072767047	0.104594954278	2.47545844294	0.0658167072981	0.000240589228638
2.78242057616	0.107265830047	2.05669293367	0.0674203907901	0.000370360169022
2.53227273148	0.105723118722	2.01470035554	0.0705919906515	0.000484863358645
2.68955493771	0.12373661332	2.13081018274	0.0627545623212	0.000387869267788
2.51280220724	0.114293551471	2.16190987521	0.0682879050512	0.00047315523656
2.6689850767	0.114152610227	2.11000891067	0.0687929152047	0.000346394565815
2.74014488791	0.111479378051	2.07840211449	0.0663389104832	0.000356991058434
2.82079327645	0.0832500701614	1.94919669695	0.0663634173842	0.000328258269935
2.739155397	0.106663627081	2.13821793204	0.0745611593284	0.000338810941411
2.71444153907	0.107539729289	2.27284641754	0.0624813343905	0.00035449556489
2.73139540309	0.114861634586	2.15865475349	0.0819817244366	0.000337424004039
2.91784594474	0.106637662583	2.24029583779	0.062423654035	0.000243150970224
2.63235037628	0.0872812868714	2.23451206903	0.066674390929	0.000285113673142
2.83236747754	0.108814090255	2.42971399839	0.068739652446	0.000261102069013
2.50739949801	0.101424215003	2.05299618151	0.0720167182615	0.000434536795099
2.50943790271	0.114896266757	2.02490222364	0.0731028090438	0.000447960103303
2.77457567601	0.107864691065	2.28368796312	0.0690458876117	0.000303894548933
2.73733039681	0.104666420599	2.08442739269	0.0659512672895	0.000334100785305
2.75082787882	0.0982977835473	2.10170647289	0.0653115369088	0.000317319396443
2.70645272166	0.112241359581	2.04630198889	0.06768683598	0.000390950005854
2.96744490412	0.0981279577047	2.15452115349	0.0684636031819	0.000303029972025
2.78077679495	0.10824583438	2.23030428655	0.0642502170537	0.000328668064333
2.68235585436	0.113623679036	2.11211746607	0.0721574128007	0.000395590806549
3.02090909269	0.107308581449	2.40336006443	0.082453295479	0.000212463043393
2.72504459831	0.107722427652	2.02440368032	0.0707902793654	0.000434103567043
2.59300165819	0.111682702198	2.03158868338	0.0695829059319	0.000403384294226
2.72181651576	0.096235096533	2.3000132912	0.0694705971417	0.000306501679355
2.69032239578	0.109725832441	2.29609052992	0.0678028291975	0.000337290468001
2.56849566921	0.102867452895	1.96762726245	0.0715846158779	0.000558307393399
2.60722814305	0.0987917455852	2.03882456749	0.0653775870742	0.000380555064577
1.05912853784	0.108849625675	2.20052411302	0.0664956428547	0.000319898132959
2.62931160182	0.101392194828	1.88187006319	0.07338539625	0.000354154769481
2.77149878573	0.108743029967	2.25893623048	0.0781233407312	0.000320789468501
2.67205911554	0.107587633179	2.02931645643	0.0791158327858	0.000386426913032
2.85109426839	0.101896750284	2.27348470512	0.0635362171128	0.000323697822866
2.92705304567	0.127474480187	2.32161469033	0.0855275234127	0.000245925260979
2.65753556156	0.101026872192	2.05054855226	0.0712910330109	0.000371971541552
2.74688406792	0.118264623143	2.06865943965	0.0665925297179	0.00032821923084
2.70437703132	0.109119619955	2.01290024589	0.0634028453724	0.000411164964509
2.63838753875	0.110637125186	2.15528090271	0.0806938013848	0.000364200557628
2.94398863848	0.100773419777	2.26892135869	0.0752378973399	0.00027531481977
2.65435328266	0.0980610653747	2.08712644716	0.0695124395217	0.000363178338872
2.72509507233	0.0957024416006	2.11153170196	0.0730344219301	0.000344485494754
2.6071405114	0.129514794317	2.07323315849	0.0653999074254	0.000370722782419
2.74390791545	0.0957276174116	2.20915900003	0.0666515550427	0.000347017422483
2.65657422064	0.142614281545	2.13900988693	0.070200255027	0.000335147918095
2.79985962032	0.10991678413	2.36793702975	0.0687404636465	0.000389440530869
3.02288689814	0.106605891069	2.27047004536	0.0677255918793	0.000244247743635
2.70687147618	0.103877012724	2.06496827838	0.0634539934005	0.000371503447688
2.58418109742	0.0978009470701	2.12952385198	0.0548510139753	0.00038227129915
2.65234286101	0.110713089325	2.04199226778	0.068556467231	0.000413375477493
2.6339852271	0.109335498778	2.02989394709	0.0716500002281	0.000421341669207
2.79939708847	0.109798160059	2.22815115459	0.0501648712917	0.000272035422671
2.67357594112	0.111140362464	2.29683180383	0.0698329817736	0.000380928944334
2.62322284861	0.0953081857407	2.01670071879	0.0842831115096	0.000409762202538
2.8431199932	0.106705206086	2.20442258533	0.0871461543409	0.00028806463263
2.39098236876	0.0992911421706	2.04966572458	0.0700008004332	0.000445469777792
2.55924712606	0.0841140397154	1.96695765916	0.066617314746	0.000473013012785
2.66787398257	0.0971571132806	2.11359735958	0.0710291706909	0.000315958049809
2.94260444054	0.107640575979	2.15635305431	0.0723287384798	0.000305795202036
2.64324878106	0.112705755872	2.01641057732	0.0776822443859	0.000416161680197
2.72341802176	0.106505780948	2.3160477799	0.0847763075463	0.000369281080941
2.650894373	0.110647142388	2.11843614425	0.0710953842682	0.000338080104594
2.78255927229	0.0976594056426	2.28437691105	0.0645898258075	0.000318763544279
2.52422191899	0.111531285358	1.9728230262	0.0647159452753	0.000472246840887
2.7251443177	0.10195733957	2.00589587964	0.0699071892581	0.000414325476778
2.71672421705	0.108212809039	2.10172021644	0.0654574948917	0.000346753549904
2.58924656791	0.107618037619	2.00989498846	0.0761080233429	0.00039214544518
2.43763668284	0.113405316346	1.92939636924	0.0822771990573	0.000480557624897
2.5228062874	0.109867444919	1.96075245103	0.0674072649308	0.000452841775878
2.98661799704	0.100762399977	2.33175426115	0.0684390355289	0.000305543804194
2.87601563687	0.104392182637	2.07645340513	0.0686272504519	0.000311555800653
2.94106103554	0.108640399096	2.11822495264	0.0700245384937	0.000358637920264
2.78838119763	0.105380266325	2.12638356919	0.0668191912299	0.00035441854592
2.72012051157	0.110289094062	2.12205903831	0.0711824127116	0.000315122988229
2.51631469126	0.10652909231	2.1358706585	0.0746447376622	0.000418196815687
2.79992282764	0.103785936235	2.20758875283	0.0648054538972	0.000275759132928
2.49528130043	0.106518546205	2.07574042782	0.0754893609298	0.000379619583959
2.56389463828	0.110579066143	2.13377162574	0.0670764293317	0.000360326160518
2.65188706668	0.104285457319	2.09489494763	0.0686919467688	0.000370307327641
2.8971936684	0.114238371596	2.23936933081	0.0632193595134	0.000287129360783
2.87717388025	0.100428224169	2.18788906831	0.0643125123718	0.000289568269165
2.74519619319	0.101160001192	2.06091045475	0.0637766838374	0.000393171510719
2.56313319898	0.112732930949	2.07578660524	0.0686592312357	0.000458255064109
2.64027089689	0.107509886165	1.88295031128	0.0710183019384	0.000467271143666
2.75633818516	0.106109664224	2.12764962234	0.0673919275724	0.00031994169913
2.79783710832	0.104655382156	2.1789369574	0.0764756707642	0.000273300764221
2.50039584998	0.114798350023	2.00730415126	0.0663636036489	0.000361061204322
2.78309411246	0.108937577032	2.19999256816	0.0699873872816	0.00027549932161
2.63931360222	0.0974623847308	2.17120364204	0.0686338089666	0.000379063082747
2.94740603573	0.123394675724	2.19416063021	0.067375126773	0.000288758399931
2.71707091951	0.10934200955	2.0867624686	0.0704179800064	0.000353486072403
2.62455259348	0.104441280223	2.2077087897	0.0592742024551	0.000221149812559
2.51688850612	0.107444062034	2.19995366382	0.0711715551124	0.000298717016492
2.88381107897	0.123349397005	2.21028716912	0.0718567647006	0.000266044907665
