r_HIS3_C09	K_HIS3_C09	r_RAD52_C09	K_RAD52_C09	x0_C09
2.06394024074	0.0910735044151	1.69853465723	0.112324541723	0.000596365201098
2.01801156128	0.101641936592	1.61241529566	0.0402609103246	0.00107914953629
1.76172002238	0.10265954271	1.58302398416	0.00931316758714	0.0010407331591
2.13643588777	0.11813607393	1.58926235115	0.077726857041	0.000824676285978
2.10413079968	0.081938436208	1.70523002663	0.0522669729503	0.000793349115602
2.08541083572	0.092461292416	1.55741334875	0.0679204675207	0.000720534688066
2.14346817956	0.104412771273	1.6452399814	0.0548963843156	0.000753384129193
2.25323131957	0.0931037276893	1.86194658285	0.0467465415998	0.000804015792702
1.83878639347	0.15808996599	1.57361547752	0.134372490609	0.000997104036034
2.18206787826	0.0838007396523	1.83993062227	0.0670052315636	0.000643604645603
1.99134284741	0.106210969076	1.70326411981	0.0578964784227	0.000968328792458
2.21815081077	0.102301698248	1.59768039352	0.0510808439614	0.000849487456411
2.11568453904	0.090322132577	1.52450149395	0.0478578403159	0.000687665170952
2.04164564744	0.0949175475888	1.60773016915	0.0467313943986	0.000999574783153
2.39747586465	0.0892037438481	1.72645874652	0.0572667567737	0.0006637069136
1.97079775684	0.0728365963614	1.61350781731	0.0621059892749	0.000980654942171
2.2172451634	0.0962924815687	2.06412828456	0.0291399361493	0.000625109854099
2.0134433975	0.0883559636255	1.59939557763	0.0735799864433	0.00101969686795
1.90926968302	0.114567003223	1.54578275585	0.068492284935	0.00108117900346
1.88932058822	0.0910924239831	1.30636670743	0.0547907010496	0.00107501088972
2.53121693397	0.0967380701612	1.15811360225	0.0646565418482	0.000836978705664
1.80433373678	0.101145377794	1.32865376212	0.0807292713829	0.00104080133974
1.60125534884	0.0978163247582	0.738359770962	0.0468686761558	0.000867610123686
2.06069546491	0.102647281412	2.17938004307	0.0756522933505	0.000626477842041
1.34159477631	0.0893514159812	1.21790442765	0.0740999254414	0.000904762531244
2.66068399521	0.0756824813502	0.889606820447	0.0728520054572	0.000598258238968
1.97828934806	0.114435303588	1.46495555428	0.0205312663559	0.000709415473711
2.00225248651	0.0971246456906	1.15133150078	0.0683558871828	0.000781694173971
1.56015001342	0.0997762401187	0.596143519502	0.0739252969924	0.00119884324086
2.34477034804	0.11605959994	1.14542971765	0.0761247729803	0.000642120183546
1.99787322011	0.102128721963	1.2083524606	0.104528814908	0.0011122140197
2.00782391345	0.0978789282526	1.71022360784	0.0757791488664	0.000732134377993
2.21930861029	0.0971327092534	1.62355556357	0.0193774159343	0.000905987125622
1.71667007611	0.106753040542	1.57941322458	0.0522979521466	0.000984493166006
2.1246791985	0.102905137765	1.50049641183	0.0517725913437	0.000593987154345
2.07035992526	0.102731998256	1.20214682364	0.0761766161644	0.000842934626961
1.85857411049	0.122360832163	1.01269024345	0.0729573841487	0.000438206401682
1.10276884974	0.120834548297	0.970393229042	0.0846515984699	0.000935111690364
2.75940062087	0.0998513232266	0.801209880478	0.0801605278155	0.00113896556176
2.6688539978	0.0949844039168	1.13956492556	0.0871555377691	0.00085011905561
2.20715014035	0.0965569103993	1.73378318961	0.0432613445708	0.000624811216956
2.10906373211	0.0974004479159	1.78206681647	0.0777561431693	0.000688326084538
2.09985456501	0.0664388987403	0.847007650975	0.0490909222753	0.000760025927306
2.13422876173	0.0854090131676	1.70588616076	0.0606189344482	0.000748291125639
1.97808813836	0.0877128360459	1.66944642359	0.0478278749306	0.000994527624613
1.94891901819	0.0927568673299	1.21912272032	0.0715892588675	0.0010394980619
1.54895565639	0.0871870793381	1.0381180845	0.0787026839037	0.00104902634423
1.78779476868	0.100045562764	1.63430897664	0.083704878198	0.00113432888694
2.00042733772	0.0960264948264	1.09824018774	0.0731116994797	0.000825251082561
1.94209651626	0.138045415187	1.21408392757	0.111439527339	0.000900655087163
1.94747731753	0.0924045073127	1.03305751733	0.0740559904996	0.00120425400408
2.9885150357	0.100948446112	0.853173897456	0.0801373260508	0.000972149490336
1.98503100799	0.0987851906992	1.07741919234	0.0776681654124	0.00107545417992
1.73416133171	0.106237124254	0.843506690461	0.077900240566	0.00140195270641
2.10712544543	0.0926612472667	1.66702642145	0.0273716877655	0.000879924756389
1.78773576617	0.098212354682	1.70513263398	0.0692658175006	0.000701135140224
2.02474979788	0.122582408747	1.76977627555	0.0402499801388	0.000780640485009
2.18282529213	0.0894370664375	1.7849691899	0.0887551620942	0.000655901441003
1.7991322219	0.1036989378	0.882561913117	0.0776751607227	0.00109490427435
2.51040488319	0.119517877342	1.17936142823	0.0720425864855	0.000521391201493
2.13527712558	0.0997464816125	1.19346023581	0.0768655941352	0.000747742638719
1.92855565459	0.102014761292	1.11975524775	0.0780918538059	0.000964105715949
2.26949125433	0.0891074043669	1.53454108153	0.0727814317662	0.000916400692242
1.63286133109	0.103442656232	1.39470200215	0.039963581771	0.00109639901142
2.10141670597	0.101813106834	1.65107274311	0.0506381919863	0.000896875419147
1.86126844143	0.0907533663744	1.97647773547	-0.068778636338	0.00106406272758
1.93898983107	0.101372569842	1.20436893152	0.0908134995286	0.00104814150107
2.28634775636	0.100285979149	1.10643320898	0.0877974621952	0.000560622853764
2.08141356716	0.114803188403	1.68315999578	0.123372641515	0.000720692357855
1.95598436042	0.0903471579211	1.63782043009	0.0474037697327	0.000887080351032
2.04203966684	0.0813040958544	1.68756618608	0.0485105575617	0.000854396554709
1.05507830817	0.108032278594	2.07682319254	0.0653884752509	0.00064056925559
2.16413017511	0.125745829711	1.62285934489	0.0313614289079	0.000961043092972
2.09698992272	0.10693739755	1.62480208031	0.0554456444914	0.000933280017016
2.05118011166	0.119331623998	1.49583638377	0.0540968899216	0.000814893986038
1.62546281911	0.0963501573919	1.78175350159	0.0471053054534	0.000689467121142
2.23614982847	0.0975792358403	1.7448702844	0.0749227542343	0.000705946716907
2.15911050522	0.100748067274	1.63623449774	0.0644969504057	0.000766182953219
2.34979651691	0.0878773978789	1.85901327819	0.0615750617069	0.000574604242033
2.10364281787	0.0903790482364	1.7229277704	0.0675099846379	0.000781069621385
2.0513744951	0.0994505982423	1.38775824449	0.0463956854438	0.00109495642249
1.64721554728	0.109952710713	1.62413052921	0.0905309926505	0.000762494422471
1.93780537271	0.0939636598128	1.06097399849	0.0812884355502	0.000869600242233
2.00599953709	0.0718517738488	1.41805820195	0.0833826088896	0.00107435952997
1.35986905469	0.105898255143	1.11118480377	0.0851767894948	0.000942273507343
2.24117710384	0.102299907554	1.32024644953	0.136930165533	0.000561423721255
1.9677773736	0.0869670266593	1.09509183287	0.0790884860189	0.000863688683452
2.08811289055	0.0959984255812	1.3918615325	0.0637081810367	0.000742975652455
3.06357314489	0.101856074112	1.4948413606	0.0807724747647	0.000653018876106
2.05954443329	0.100551224068	1.58087650112	0.0503601574941	0.00103997504547
2.13693721711	0.173135512604	1.46428635433	0.0947277175102	0.000907026493951
2.1053109539	0.0971425613429	1.33333341712	0.0822212112728	0.000676500086925
1.96393945749	0.0989054183141	1.68752179283	0.0241280977949	0.000856644750671
2.16689881975	0.0940288817505	1.85512797893	0.0386015261254	0.000492966950766
1.82995020909	0.0998390178604	1.53195342643	0.0490859763985	0.00115903927592
2.00134298434	0.102831005851	1.28270340276	0.081068522488	0.000924902144731
1.57487266868	0.0849258569971	1.39833264196	0.0428149732566	0.000763421705463
3.06939113532	0.121352390791	1.75674955787	0.0521749285387	0.00065848166119
2.30746479075	0.091154008463	1.846228649	0.0616154187936	0.000471612297557
2.06237043446	0.0988962444797	1.79386936218	0.0523601033628	0.000717093369373
2.10124728324	0.109352706524	1.81686794247	0.0513218408912	0.000531047727608
2.03119749718	0.114367294938	1.84209571097	0.0473995768619	0.000636608042387
2.22586502086	0.0910120582045	1.07369175969	0.0746809964093	0.000886723369254
1.98214024375	0.092921960762	1.29688530472	0.0791690464614	0.000786349955852
2.0706283334	0.138202778993	0.999374049335	0.0845147090401	0.000875766451821
2.06617192437	0.0956069952444	0.858168528977	0.0681300285951	0.000931472344358
2.09328134923	0.101874635123	1.18958207707	0.0811292387211	0.000831345288339
2.05873146004	0.097941591223	1.13831083602	0.0884701708724	0.000943380164905
1.78972239374	0.118517667702	0.538200864254	0.0789753501645	0.000983743590707
1.66096888221	0.108765251845	1.10416027863	0.0539819615955	0.00122752052158
2.09131451776	0.0969004833534	1.1650009978	0.0923176817911	0.00107930639053
2.14900709521	0.113032898567	0.980067347639	0.079081050269	0.000950901079715
1.25547170303	0.0934998890778	1.37319089723	0.0770192305538	0.000761787053129
1.70793712028	0.10012531555	1.02884016162	0.0349634724671	0.00105612681336
1.82177991413	0.0987382214037	1.41453386979	0.0750344106003	0.00123240902309
2.04719837399	0.0918243742106	2.10676653973	0.0741716965775	0.000907328965543
2.1734628326	0.0962966313783	1.82810520148	0.027584309244	0.000670829742602
2.01920527755	0.0178547395814	1.75642318515	0.009115029503	0.000945225554417
2.12595095515	0.064612040553	1.5217753599	0.0505900925037	0.000978097936585
2.35755612816	0.0978618282207	1.6542484814	0.0295277397527	0.000614863183237
1.9140853626	0.0623999535166	1.6486941658	0.129379773952	0.00101776435783
2.02979563557	0.0860820498353	1.68742094201	0.0455645576491	0.000836968950199
2.05647068939	0.0924080031929	1.79537441729	0.040541984862	0.000687204740734
1.97765699438	0.126360765211	1.76095333295	0.0416037631242	0.000686024472148
1.70380957154	0.0988321460574	1.69896666041	0.046555693392	0.000784616948348
2.04449540351	0.106476900089	1.68144690417	0.0574183484682	0.000780270715893
1.81002776236	0.106722333588	0.676650380545	0.0797527965208	0.00126991842216
1.865021152	0.0921764143075	1.09896856681	0.0902757496003	0.000779837036921
1.95644207229	0.105618977043	1.60371524321	0.0490964323385	0.00101305980442
2.1139332545	0.0990274303135	1.80220941711	0.0357160602076	0.000543077335107
2.04713772081	0.0979142922506	1.66446583698	0.0420685440733	0.000686235360321
2.28584284333	0.0994586865594	1.78981433193	0.0392887828398	0.000630652628506
2.11785819432	0.0953017891441	1.76766557774	0.0482329954246	0.000672873092567
2.06360514734	0.10387567724	1.64665478034	0.0474560590714	0.000807404396851
2.09717370414	0.0840573138839	1.73362648308	0.0426387731239	0.000733672701153
2.00733646414	0.101210193834	1.74909319539	0.0944096521187	0.000756926072669
2.13215566285	0.105445881406	1.61571381931	0.0402027076009	0.000900097478391
2.10201302083	0.132977834992	1.61924154102	0.102278593256	0.000925570064072
2.16050749041	0.0676206738982	1.55141248666	0.0735493487772	0.00104720230144
2.02755691816	0.0966549581533	1.68468397698	0.0595122163805	0.000810707428942
2.21132135423	0.125885259034	1.65420331948	0.0657212924638	0.0007441323554
2.36718068565	0.0963083078226	1.87842512113	0.0609148496915	0.000561039192183
2.15965517462	0.0546941149422	1.70378212029	0.0200758383379	0.000612448234178
2.0822988295	0.121631469739	1.62665702552	0.0349637440711	0.000856226080488
2.11061834977	0.0887509953327	1.52528042172	0.0536879879584	0.00100841143317
1.85591440125	0.0945958346591	1.48711286007	0.0457881776662	0.00124943894029
1.97511935262	0.145973419971	1.54535187348	0.040471354981	0.000768196050169
1.87365112586	0.097055677643	1.56721100091	0.0712304395601	0.00114378595666
1.81740650157	0.0889185612396	1.69215376728	0.0392331197864	0.000751294995852
2.38034438937	0.09539769537	1.69448173384	0.0316108722155	0.000725580442534
2.14342369695	0.0980483803095	1.69334260256	0.0698118580696	0.000740170621137
1.9215266133	0.0632466155745	1.68395106902	0.0418158801794	0.000869054305966
1.90751091803	0.0964407283978	1.63596322376	0.0346339490404	0.00100076563345
1.90872441872	0.104900217499	1.73852255526	0.0700597004636	0.000524033520612
1.88763943506	0.0872052143423	1.64063294314	0.0486979427773	0.000866212232869
1.50440759936	0.0943998521059	1.16636531915	0.0547206206359	0.000826664994302
1.92966736241	0.0944506102392	1.27293434359	0.0758399069126	0.000652083065491
1.96447039477	0.105865605537	1.59357950683	0.0411605341377	0.00085974647896
1.98395190762	0.101766018993	1.77412434075	0.042882437287	0.000927578069011
2.18872042116	0.0669197735566	1.63098296377	0.0502076711272	0.000917332104622
2.19194315635	0.121861177855	1.90745640694	0.0328914583196	0.00062927122065
1.99225846018	0.104086622638	1.55821098326	0.05416509842	0.000955424041352
2.23158999268	0.0833270020823	1.71086081074	0.0453497352104	0.000656421806945
2.1220735395	0.0891687747689	1.66280614561	0.0292830702563	0.000803013629916
2.67764351766	0.078052032085	1.74030491516	0.0778351437572	0.000689135688977
2.22093806814	0.0967387452408	1.64921904672	0.0557720001927	0.000797278338726
1.97722889695	0.097718685535	1.68923776689	0.0171260415614	0.000797211980857
2.35386396325	0.0933805154058	1.82813209252	0.0707381775678	0.000570634522076
1.71169429859	0.0921146166398	1.52849198963	0.0473027250363	0.0011428151802
2.13561853689	0.0847721875314	1.65320988271	0.0643560564664	0.000809061805197
1.68546658209	0.0882957097763	1.69140458215	0.0568253637095	0.000856558926701
2.0510471756	0.0967592025859	1.00666203861	0.0819355558589	0.000863612671092
2.10962107135	0.108017236153	1.31639482428	0.076866855018	0.000910594678319
1.74973496594	0.136780660683	1.3941336358	0.0505472930545	0.000825725852207
2.0955043457	0.099258092573	1.75527783081	0.0458112218696	0.000669270012587
2.20605811092	0.0763155098307	1.84305090293	0.0620632352819	0.000588954983034
2.30308340335	0.0843026779893	1.55778342145	0.0625657092518	0.000501165627448
2.01568170165	0.0994102259049	1.53639728903	0.0258235383199	0.00101272557104
2.05074333556	0.100037360032	1.66200857487	0.0486911570668	0.000904719084848
2.12220331116	0.0906217232649	1.50883476677	0.0699055222756	0.000753252082331
2.0574133624	0.11578486539	1.02425425891	0.0718128599648	0.000675364258122
2.32486102939	0.0990877776205	0.949208365771	0.0775063420315	0.000842661242112
2.10963281498	0.0984235007645	0.792862417467	0.0756214134709	0.000695090878257
2.33198952145	0.0987034252681	1.09640938297	0.0755123581008	0.000616290627594
2.19904217936	0.111488656288	0.970146431502	0.073456831678	0.000787695681843
2.13568518515	0.0571995057715	1.52737073488	0.0639972974061	0.0011303158067
1.79886033412	0.11111119335	1.25348419795	0.0633076496159	0.00118723811642
1.69263535035	0.0968383579248	0.972487356106	0.0828286423707	0.000955664583574
1.85310045587	0.095562171792	1.14743577314	0.0739585148696	0.00114962593743
1.96619083275	0.119417496161	1.55583137099	0.0320818504308	0.000629251095732
2.11941030852	0.0804678374337	1.70604164355	0.0471490460399	0.000790675249335
2.15582707095	0.103296780961	1.57426490346	0.00642893829027	0.000877851118181
2.03931096093	0.071105335515	1.65713209096	0.04813246445	0.000767503223079
2.19141362298	0.10300708933	1.86021736659	0.0373543466684	0.000649520837231
1.74322982386	0.0699797970362	1.05178157772	0.0448464158564	0.000844275172739
1.74900294185	0.0970734042205	0.855366977679	0.0800599108899	0.000964869114161
2.11009155887	0.11071142754	1.1838243481	0.0856169910768	0.00115643072975
2.15728506136	0.0994520690948	0.865752042549	0.0789523965366	0.000866189402052
2.08194305677	0.0956444917579	0.995673947767	0.0746356853787	0.00119456366341
1.83528455404	0.096031921945	1.06996640831	0.0859634894446	0.000877342806139
2.08112387728	0.0997920160607	0.985245494074	0.080376230603	0.000938574731389
2.3171049042	0.223049776466	1.76958792699	0.0458040644092	0.000762827904561
2.17420913993	0.104378815695	1.58613942167	0.0446466742047	0.00113068200958
2.37659198362	0.0736160704398	1.61815897775	0.0674480259634	0.000711300650346
2.18442839793	0.110390973775	1.43257168145	0.0378832419355	0.00070306702462
2.21771100519	0.0993801235318	1.76689509553	0.0652825818339	0.000655041838824
2.16788722196	0.0945452808137	1.7133760409	0.0525671618489	0.00096190576801
2.09554045314	0.0950713324111	1.65118040052	0.0588234592212	0.000813565951828
2.16591170025	0.106016163112	1.73621595154	0.0117162948103	0.000834593488624
2.11495519646	0.126478669272	1.65760046322	0.0483513961385	0.000908957687066
1.85519730983	0.112606604406	1.10769853256	0.0797034489927	0.00097161977857
2.07308872401	0.0960250527918	1.35023603265	0.0767904100443	0.000738474000648
2.40224681864	0.100297833968	0.797858092767	0.0688946049653	0.000952880857639
1.8779452617	0.102919011061	0.956219681515	0.0568458016324	0.00111481006316
2.00698928842	0.0973515879532	1.16804278501	0.071288866097	0.00114223206934
1.49620615509	0.0947697250024	1.16897394133	0.0738176969559	0.000887381668953
1.87669090094	0.0937275748071	0.785844411595	0.0739343989513	0.000984675761327
2.32835919712	0.1065323838	1.48492007361	0.0667875099282	0.000547898284815
1.56764694752	0.0936541797643	0.907231918051	0.0797454709256	0.00107036607018
1.9569765926	0.10263839751	1.66998473354	0.0241155792799	0.00094309192531
1.47479006009	0.0664406751064	1.59753116173	0.0592578922165	0.000926747980599
2.04672959789	0.100977525363	1.64745135427	0.0256067133761	0.000811866731235
1.95900043937	0.116863189669	1.72539806683	0.0452668258864	0.00117546371549
2.17337020642	0.0968703584897	1.88771036639	0.0253866836189	0.000733000876734
2.79220904205	0.0944702706122	1.69564587374	0.0528219306121	0.000719973598697
2.26886748677	0.110050398363	1.56457203317	0.0798761616515	0.000604793181949
1.92214866383	0.10540691687	1.82150673745	0.0486210791199	0.000703906753385
2.15462258085	0.0793513852344	1.6535536213	0.0561972597996	0.000953753242217
2.40839629147	0.0914489464899	2.226567892	0.0616245916046	0.000613746816733
2.08747237012	0.0973091646416	1.80235291435	0.0579055071099	0.000643653707402
2.0621029566	0.100419025967	1.4505688597	0.048753631201	0.000623740303708
2.44624649179	0.0926138628126	0.0817468380969	0.0698475881447	0.000597391138871
2.07897407189	0.0931318471385	0.00243775540872	0.0720076994595	0.00113080247433
2.06590571637	0.100172122455	1.54312500468	0.0522795638006	0.000921177565959
2.05204279997	0.0607491127342	1.61337941487	0.0443945902726	0.000938844638695
2.13954854122	0.104008537983	1.84492387018	0.0406988825777	0.000570364197509
2.13317503692	0.0996053007023	1.23217323502	0.0519209536494	0.000648774449267
1.94005128299	0.0911542677451	1.54199908631	0.0597817692322	0.00103309684819
1.8476516405	0.074038532482	1.59598277022	0.0986203105872	0.000965709175207
2.20345979282	0.0854652892516	1.69719680577	0.0564949357739	0.000648633274272
2.14122002106	0.0994003993382	1.54606666105	0.0486731853374	0.000873879485735
2.23312598154	0.0980246184523	1.69550426702	-0.00950185153952	0.000819783618061
2.16966176889	0.0884934461771	1.68096871021	0.0495100731503	0.000792994335079
2.01244833339	0.0958435961975	1.52235373734	0.0399619967404	0.00116769403879
2.16111903524	0.11462696559	1.41597671368	0.0457185095496	0.000581802781852
2.0668798662	0.094266572365	1.84159285278	0.0442863423212	0.000749051038424
2.30950475033	0.0961069871205	1.85683904737	0.0449362762514	0.00054511402059
2.27635756329	0.103616452494	1.65145081815	0.0516633350303	0.00104075035948
2.05570750437	0.0681402969019	1.66349895064	0.0492305713989	0.000726511718112
2.19993207719	0.0968227786402	1.53449583528	0.0773273183769	0.0010499062207
2.22703110292	0.421223249581	1.70357442641	0.0624807584456	0.000761183861307
2.06464368976	0.0951494725209	1.72601907038	0.047000346511	0.00074452156807
1.75988701492	0.0967934459686	1.65407116451	0.0545963966996	0.000721916139739
2.22433942595	0.0970515277317	1.75061415566	0.079262202089	0.000754308072945
2.1920567562	0.100195394701	1.65911519954	0.0466896128705	0.000818917066573
1.97425996758	0.0815882909455	1.59387309429	0.0471514605969	0.00106196141359
1.91072234669	0.0874429324868	1.46705061968	0.101097059521	0.00101425217423
2.06408092621	0.0975539818084	1.16190817313	0.0822008150261	0.000904872701838
1.88864542684	0.106914908372	0.890437783928	0.0769857718524	0.000554988898303
2.51131744128	0.0854753659507	0.563135522244	0.0622897065173	0.000820348389616
1.86269973855	0.0818751171301	0.99683694611	0.108244840172	0.00120122937125
1.88459679628	0.107245561901	1.15712228907	0.0749722782773	0.000889883004122
1.77034534588	0.101945549059	1.42826523881	0.0729435555365	0.000740266315967
1.82073728915	0.104804527197	1.01198781613	0.0953302076641	0.000808714791921
2.13022283549	0.0958523795939	0.860373459459	0.0768850726966	0.000671041428735
2.04444946419	0.105107333533	1.21808028609	0.0795097676422	0.000871044033113
2.19554546055	0.108347415171	0.968056651336	0.0853080624021	0.000745783837603
2.65522346076	0.103814120229	1.551599923	0.075888890679	0.000928975213209
1.11135620175	0.103289410548	0.466814237466	0.0834378086879	0.00103301579575
2.25420346085	0.0981803528074	1.66479705522	0.037743062193	0.000804046522677
1.66008205846	0.087715412744	1.60514678605	0.0534659787276	0.0010145111036
2.06722168036	0.0986207380965	1.68417026584	0.0502141504394	0.000895528727558
1.98511936078	0.0906462519604	1.58204310223	0.0426431153904	0.00100860646293
1.95736909112	0.093083688601	1.11120366522	0.0639857432573	0.000710588929231
2.07856145825	0.0687840092078	1.06917635327	0.0848439646959	0.000737719192056
2.26479034357	0.100097608915	1.08218496236	0.119930382074	0.000950713869032
3.16405500226	0.0966269440778	1.90205762059	0.0793781351889	0.000819335252915
1.87362638391	0.105293583709	1.45769754696	0.0876686523488	0.0010863767469
1.76292890996	0.0984127445464	0.85756703193	0.127116328872	0.00105557550565
1.78120666014	0.0995808615844	0.841288580722	0.0804422008759	0.00106617082776
1.57657778966	0.122007887866	1.64128116932	0.0475060307473	0.000887936433445
2.0748347412	0.094256153355	0.964134843454	0.0571345307649	0.0010214252607
1.66391558242	0.0652072247467	0.934086811059	0.0815319628042	0.00148562088108
2.04788230346	0.104186485784	1.61155432798	0.0829416471497	0.00105411506447
2.28578917792	0.0978606828446	1.72147230301	0.0691225521463	0.000620411139433
2.21399380731	0.106019937627	1.7388608188	0.0679830974375	0.000875262187055
2.06440910184	0.0887053672582	1.60476549764	0.051140449423	0.000830082003458
2.71671348814	0.10131354077	1.80633757115	0.0096461832906	0.000638700117552
2.09053766002	0.089387310681	1.84915914595	0.059072968412	0.000650614975687
2.18306999644	0.0915280624334	1.14149245217	0.0841718233345	0.000605999666415
2.27224931395	0.0934876133765	1.24078928403	0.0766593730985	0.000680934297497
2.18655671025	0.105331487857	1.22931784133	0.0792035190795	0.000869894761027
1.62568783399	0.113076374849	1.03274758792	0.0530447722763	0.00113510887647
3.07700851318	0.0789335045318	1.07627907123	0.0641829965686	0.000798414514863
2.07470396324	0.0957284466714	1.08371436367	0.0762112737592	0.000823477688065
2.83502354345	0.10569797629	1.78136651368	0.0509393015875	0.000580257522501
2.17228027471	0.0661838744547	1.60821462628	0.0240651637222	0.000728493487229
1.76923819496	0.106635603575	1.27198216766	0.0489073429981	0.0010980234968
2.28006824937	0.0831736409986	1.7161990101	0.0545059079656	0.000732523362362
2.29695093923	0.0990779302744	0.909567774422	0.0801998957671	0.000601984646106
1.94201141474	0.0972065456021	0.942275813637	0.0750408363673	0.000913428196183
2.08711065811	0.0989277404366	1.00162768081	0.071725795866	0.00103941739078
2.81910609279	0.10335532924	1.11130863477	0.0867913747831	0.00109684509205
1.95776995512	0.101655796952	1.50610916716	0.0423540222918	0.00109675192769
2.15483648519	0.100813228123	1.76961557806	0.0423780201561	0.000785931428888
1.94051332115	0.0954613295495	1.57512708075	0.0644340265069	0.00102163827093
2.06209481309	0.0961639703165	1.61382224133	0.0790614305582	0.000910776397564
2.04441541431	0.102560782545	1.74600749355	0.0565561305881	0.000658020306213
2.08346157164	0.082844494778	1.18754768874	0.0779663989362	0.000836343568103
1.79130896973	0.0936130713559	1.17778392013	0.081366614198	0.000837593343936
1.81855257596	0.0982021583647	1.434495889	0.0415438308432	0.00121958305232
2.14120314082	0.102025274105	0.518281604073	0.0890084605468	0.000725422073017
2.13473512164	0.10576929694	0.339029620026	0.0840337368073	0.000651871806386
2.09321127208	0.0912424586718	2.08268115605	0.0595500853046	0.000665009114789
2.13871857096	0.102759631348	1.72963939017	0.0480261818865	0.000859110309633
2.29030185113	0.108443527155	1.03635283326	0.0440204890533	0.000907193554732
2.0555836761	0.105087258126	1.0392682007	0.0746984801045	0.000803206089111
1.60507084826	0.10831750834	1.24125969247	0.0920607647863	0.00056941465873
1.96198576978	0.0847224465797	1.39288331784	0.0871660417667	0.0007757942065
2.64056058595	0.0986684416525	0.690653512859	0.0698676838912	0.000716944954874
2.05976080166	0.0933221715241	1.25782750861	0.0640815995093	0.000579033557276
2.08252948245	0.102786489214	1.08486641932	0.0752098422619	0.000979066992938
1.72842760462	0.0921992592783	1.03042270117	0.0840248522506	0.000844811408857
2.00817155184	0.0891172962075	1.53747900986	0.0795489952717	0.000904144197199
1.82330265117	0.107655923356	0.987211209686	0.0784206051916	0.000882761004265
2.18972876948	0.107375462807	0.381024042237	0.0916984292047	0.000755890129192
1.9994854678	0.0849938681364	1.09081672869	0.0784491198608	0.000969333632783
2.08170686405	0.0957857541093	1.19508832415	0.0780384694256	0.000650878345296
1.33474256298	0.075223395302	1.0369755559	0.0711548451287	0.000922101468954
2.11831224675	0.106531636231	0.962906977844	0.08919797107	0.00113103823898
2.09594225505	0.105121785825	1.66318455366	0.0626123098941	0.000900675660201
1.86816565924	0.0988019412745	1.56666951618	0.0900591028975	0.000954619855433
2.31741757071	0.0878158324353	1.81461199103	0.0250585273728	0.000507607953664
1.95678137429	0.102912345052	1.54328933945	0.0520982105685	0.0010643384002
1.8575519657	0.0978603120881	1.66250587899	0.0521270393495	0.00106635644083
1.95553622693	0.0931907877511	1.61018739859	0.0696868331255	0.000952379772492
2.12248063262	0.0901320106145	1.58020139188	0.0274650212165	0.000965401573269
1.96057508102	0.0908091548397	1.77738476996	0.0229870621322	0.000930036078341
2.08491410707	0.0992176017674	1.70832928993	0.0614134860411	0.000787831757124
2.17131391424	0.0953538132972	1.65051081171	0.0343394658562	0.000869467283992
1.91229302032	0.0833465717549	1.64239472778	0.061402339045	0.000895803463981
1.67343600167	0.0985525740894	1.65875910291	0.0453495317276	0.000788372850184
1.53270193254	0.113856811896	1.5920374306	0.0775916038568	0.00112323545755
1.88581733472	0.0995272064941	1.50165948136	0.053471873718	0.00108775027774
2.12919540132	0.103556524013	1.65141867433	0.0508088900793	0.000626405687007
2.09123781003	0.0891005613898	1.88486623283	-0.0159390613187	0.000627993791657
2.03703517262	0.102037119729	1.94251727101	0.0240083642879	0.000859519777868
1.9523240466	0.107614916041	1.69701765046	0.0317297133631	0.00075654081984
2.25371373647	0.0984031113461	1.50410202463	0.0849806590514	0.000687760282002
2.05618951231	0.086640294868	0.966062319863	0.0825622337425	0.000803304378994
2.10320085825	0.0800060406477	1.23358070607	0.0783796839552	0.000662257689
2.09359423607	0.0960825064292	1.40177995844	0.0707711686782	0.000560052466191
1.52862295662	0.104348366677	0.955438254056	0.0806743656673	0.000894884908288
1.9687861863	0.117062815131	1.01971625786	0.0776517460061	0.000959394600122
2.15559749865	0.0551416111674	1.28694145614	0.110821790717	0.000834252675597
2.0142567726	0.0816801338206	1.04966464862	0.0960092369642	0.00101880805793
2.12147224524	0.109557175744	1.23208127055	0.0819735334039	0.00108456332054
2.11294730858	0.106575039288	1.1101724247	0.0770927963523	0.000918231180045
1.84367755101	0.10284314386	1.28527638279	0.0738940593294	0.000739555492459
1.99754709283	0.0979537124494	1.02501994708	0.085478542372	0.000933172918302
2.29663015906	0.101053539645	1.28376776448	0.0898234618477	0.000700440116944
2.07387797481	0.0977785554841	1.0158930302	0.0724738635175	0.000940971727829
2.23303575086	0.0911997626184	1.26033719756	0.0751623529074	0.000687503897393
1.91631896946	0.102707512061	1.16067832451	0.0789666173465	0.00115037219725
2.04974346491	0.0904219190617	1.43892700188	0.0895115515026	0.00080234414445
1.28104610759	0.0981839076163	0.885969299436	0.0805558176671	0.000920750445225
1.93363541522	0.0966543558024	0.939394411452	0.147089981871	0.00115811980724
1.88992387361	0.103981899564	0.931594043918	0.0907040890485	0.000722186189911
1.40432171683	0.103226225918	0.873556742331	0.0672529017081	0.000970539250458
1.63201778233	0.109947311256	0.803447741439	0.0805289554641	0.000969795542567
2.00484478341	0.0976688889475	0.862812313654	0.0669168859001	0.000960781078333
2.1492215763	0.106483498194	1.48773941001	0.041270109981	0.000925238333329
2.55861958915	0.098984487847	1.10364232037	0.121213489796	0.000891760534601
2.18536000557	0.106048465283	1.79822590312	0.0753134728564	0.00057837016238
1.76875749922	0.0968730207404	0.979434960487	0.0797386120054	0.00116028356884
2.30903070311	0.100037654115	2.1185074801	0.0728866149665	0.000686586300853
2.05198792447	0.101745242398	1.11983766909	0.0786598115903	0.000941736753064
2.39229681869	0.0939787020849	0.980345176672	0.0722379845244	0.000729913419896
1.58831512009	0.0962372014096	1.24308702578	0.0540959369723	0.00100369535411
1.91846769855	0.117752825513	1.44282171226	0.034288148353	0.00146160122814
1.90304261493	0.0883974776158	1.04888045263	0.0734978927044	0.000950240749303
2.46642035596	0.0800152187586	1.65227415137	0.0372084817419	0.000848284903455
2.19001765118	0.0897356496817	1.95325349203	0.0438118226135	0.000758454488953
2.04204760442	0.091524489321	1.60389740505	0.0295469095353	0.00103484607863
2.00380435739	0.147404388705	1.54380337084	0.0677724972636	0.000939472243598
2.41003369956	0.101568278511	1.69523189949	0.038073317049	0.000665575328762
2.15886048665	0.100254692402	1.80145758788	0.0650169680859	0.000653009557725
2.0782869612	0.120086299857	1.82680659311	0.0306228174453	0.000796823068
2.18826853704	0.0951539776478	1.3427941411	0.0809958191639	0.000644183129541
2.22411218903	0.1056332078	0.614392956203	0.07266565207	0.000783247423209
2.20483124873	0.0986660535873	0.950108584501	0.0944114466002	0.00121595109278
1.99550691566	0.0978933216421	1.6498876671	0.0591752566391	0.000776935997437
1.97657617484	0.101815346898	1.64076316148	0.0244022143257	0.000896485656949
1.97344956544	0.108536108677	1.6946426293	0.0466628232314	0.000806337216814
2.10205220039	0.103501327249	1.70165496122	0.04669645795	0.000788948316359
2.01019642372	0.100806413959	1.90889189398	0.149414282	0.00108597544678
1.83273937451	0.084913234102	1.88038523623	0.0590968071056	0.000608165605667
2.07044373361	0.117668682911	1.59620593653	0.0523419064545	0.000904214632862
2.02215335676	0.0957636084882	1.67879719144	0.0497304581597	0.000900932146328
2.10647032816	0.0978423365408	1.75462914883	0.0313193456321	0.000730824583735
2.07485835691	0.094677893219	1.6932136713	0.03413769687	0.000787154550719
2.02130591542	0.0643537552723	1.49779269475	0.0100519582836	0.00113898650391
2.09083431365	0.0806235674138	1.62794155483	0.0569345677034	0.00075164968821
1.97218478427	0.0979754237122	1.80333896739	0.0616421625675	0.000569828307279
2.12314158034	0.0988167303532	1.68034769329	0.0280190155205	0.000815981984868
2.32406883711	0.102467873526	1.90721429396	0.0543222165048	0.000591663158347
2.24187352987	0.084019737181	1.72236985447	0.0570028509181	0.000691907017521
1.87430636671	0.10015212248	1.63351870267	0.071054136811	0.000967557416688
2.19071963957	0.103152659929	1.95703541021	0.0362485013591	0.000780629479865
2.67717708245	0.0941140172931	1.76877162275	0.0582095972457	0.000772551564961
2.09003064043	0.0973673779406	1.62085143908	0.0651255932543	0.000788222191114
2.20774599165	0.0840215750793	1.59016422052	0.0538892765067	0.000953241315563
2.07293568035	0.0856724091039	1.58319719221	0.118387158267	0.00108769218923
2.02614608781	0.0948924428202	1.62639908633	0.0577467094253	0.000915037328745
1.79005529495	0.100742210514	1.53548252047	0.052815353027	0.00119181620787
2.06097413044	0.094981245913	1.83821324752	0.0216202383802	0.000633501413911
2.38627656801	0.0728149819917	1.05688318977	0.0573906263084	0.000695040583104
1.87797191992	0.114626286539	1.63689638582	0.0811799876707	0.000791290072151
2.07116996849	0.109562736113	0.338004751747	0.0720209779723	0.000705533819389
2.20537478184	0.105921653937	1.40783870691	0.0756620680913	0.00103143490794
2.022578307	0.0901609747112	1.14658500167	0.0835963418968	0.000904188784993
2.18235958766	0.0862925447999	1.60777891114	0.0711932008004	0.000753091132972
1.98573836874	0.0995112828418	1.65249744871	0.0528282401436	0.000932700906601
2.0014639479	0.12381476843	1.71769380203	0.0469839315179	0.000687721175792
2.32743531827	0.0972435427373	2.23505058966	0.0450658858217	0.000812311689394
1.91515377772	0.090367747629	1.67328780454	0.0369469472344	0.0010130725337
1.90192714501	0.144402264922	1.44902180831	0.0596931642383	0.000961352545436
1.79474719061	0.101833052043	1.64386190456	0.0466230083709	0.000858029145263
2.24047343293	0.0982764537291	1.61833315927	0.0752635809742	0.000926973515109
2.22112150634	0.0936229361824	1.76355468697	0.0531858547987	0.000675758610008
2.10039182937	0.10254077111	1.80335211026	0.0688592769743	0.00111404045075
2.16372561916	0.100962446992	1.70847896884	0.0286282778868	0.000812010653908
2.49769839009	0.0997435565224	1.23508403298	0.0852395650416	0.000824364325662
2.10919994041	0.0954656912238	1.07385861012	0.0778584213475	0.000687196708998
1.79459594583	0.112191940707	1.36322966769	0.0711642791829	0.000875040777509
2.24701128306	0.0963646715232	0.888612640113	0.0704092028361	0.000883966078446
2.01904747926	0.0746673182217	1.14262983819	0.0675168233534	0.000839463110552
1.98705541203	0.0993443905476	0.845098964198	0.0788221753868	0.00083478043528
2.16728917124	0.0885251772056	0.73613920668	0.070177725047	0.000676173113972
1.81853625641	0.105245922385	0.590863692276	0.0651144939176	0.000934708156601
1.84854119269	0.096872391742	1.10080467794	0.070415659274	0.000761425742528
2.32594676719	0.101909452573	1.14063044478	0.069740885466	0.000667313302805
2.10089537235	0.0950019712807	1.13366188621	0.0704838292546	0.000822207679298
2.09675800484	0.0992125008662	1.1691438388	0.0864688519872	0.000693243050735
2.30023788199	0.0819989825794	1.86027198308	0.0367427274106	0.000552383162291
2.14595397729	0.0892436976003	1.8043321294	0.0403012974015	0.000589043469747
2.37706817421	0.0973215052459	0.757101388365	0.073104994046	0.00108868281417
2.01262468951	0.0995310694612	0.164992645904	0.0775896645506	0.000733773606901
0.997244756947	0.0873636684959	1.23524743948	0.0933883223658	0.000848835587459
1.64142902344	0.0966553985653	1.40436780895	0.0703250484626	0.000793244046991
2.20624578445	0.100936126262	1.09724966393	0.0568561317745	0.000966251507564
1.66807539616	0.104264166443	1.15994765983	0.0871546557899	0.000874186256434
1.75918658616	0.100018944035	1.12067340366	0.0865565771513	0.00110136638841
2.15726535369	0.102146118066	0.999433593811	0.0809281725569	0.000847611911798
2.20730668944	0.0911634302484	1.77090723607	0.0453535484571	0.000645093302974
1.47266474217	0.122137100566	1.74027888597	0.0888929573188	0.000702876435492
2.11237775988	0.104163211142	1.61642449951	0.0266059596052	0.000785544128214
2.27508001316	0.0939491006547	1.82784683635	0.0229955395367	0.000561041106892
2.26471504135	0.0919755888769	2.00487313211	0.0463629380177	0.000583266192565
2.22357741141	0.173493447645	1.75829924326	0.108567992448	0.000634444288285
2.43770117954	0.098460260941	1.71389191519	0.0230101318857	0.000755469785972
2.12626895477	0.103539787949	1.20606358925	0.0737266050132	0.00070788227619
2.11022968768	0.102085078234	1.84684099878	0.0385904275485	0.00087813258051
2.25840930686	0.0904600471285	1.85506862303	-0.0211293223445	0.000595302946155
1.97222376255	0.100331332115	1.6814353023	0.0570788032391	0.00100994401473
1.98472024137	0.098019682591	1.71536960432	0.0463223062	0.00086262241528
1.94772179314	0.0929522473768	1.81624492353	0.0643704199245	0.000874812716669
2.26998170516	0.0938355530598	1.7322755425	0.0371140666383	0.000739988941665
2.25341509812	0.163913306029	1.65545662357	0.0524298276298	0.000899600045988
2.11169999764	0.107186765276	1.62150193629	0.0596544179203	0.000789983351298
1.66319531101	0.107315786314	1.20196519201	0.0709749957544	0.000670126986017
2.14710427612	0.0998334556842	1.00647718864	0.0860489064741	0.0011182169054
1.86600401164	0.10000019131	-0.0838457414898	0.100681699549	0.00129799723656
2.26648659232	0.102408441229	1.41481282352	0.0704337629303	0.000776739826634
1.44936710339	0.100120634916	1.28640859075	0.0689013090316	0.000756026277371
1.93164539472	0.0568648081714	1.47428842695	0.0547125642494	0.000929743650833
1.73212913581	0.107687490522	1.39966061979	0.0194752286749	0.00148096818018
2.12092175011	0.0942252046227	1.41311301814	0.0477748819102	0.00134758898871
1.96156477351	0.118523813441	1.57291720682	0.0468996595627	0.00115688599881
2.00692703526	0.0875965456905	1.67730755455	0.0447194798756	0.000885647025623
2.45434948195	0.0990558367447	1.20164972706	0.0405148424325	0.000665104657477
2.48071212705	0.100941917557	1.48654022491	0.0526565105415	0.000756096214159
2.49225677377	0.0937613822871	1.75644428111	0.0458964547019	0.000601608057112
2.35937499372	0.127744882441	1.61330856887	0.0509805771022	0.000882431403788
2.26619934949	0.0991845210349	1.6777978902	0.00976361199973	0.000921076807257
2.19683821321	0.101524707169	1.75621603517	0.00197498629924	0.000747793663107
2.02990648626	0.0906099209485	1.17231186296	0.0837963803743	0.000956847407088
2.08467887573	0.104372195124	1.56115248504	0.0767495657856	0.000999083627323
1.74898685202	0.103427675116	0.76161333931	0.0822521023314	0.00123270453931
2.28048121709	0.0887966894615	1.81449260268	0.0562707652633	0.000639686569672
1.8351260354	0.103709982861	1.64221677909	0.00718779216601	0.00105895745289
1.56804483008	0.0765825809601	1.92969118241	0.049768644326	0.000785632794364
1.63630353305	0.0860966593102	1.7883893312	0.0259458810185	0.000681834391149
1.96803203707	0.0948924301559	2.05651718315	0.0475327146006	0.000623422973153
2.03346401679	0.0987378224839	1.58416240385	0.0452196828277	0.00105463431357
2.17563304532	0.0827018455961	1.60899263876	0.048403799849	0.00114577248147
2.17122572273	0.0970487955362	1.72684112609	0.0144826388975	0.000742695733284
2.16102574562	0.111506207815	0.832079114661	0.0871301935811	0.000997228067458
2.1219668455	0.0970395495877	1.62855020726	0.053947996629	0.000864221234108
2.01033889324	0.115771483144	1.70249405949	0.0526603880745	0.000782867194761
1.84625131583	0.0947659902449	1.75113017948	0.0686405902291	0.000770564563003
1.58786616976	0.0983456311638	1.60226255567	0.0703588485888	0.000997524843068
2.32798436802	0.111558725607	1.76097441663	0.0268502231655	0.000730484065571
2.11137184946	0.0970495573211	1.6852905852	0.0595821604276	0.000734968478744
2.35471565888	0.10193676189	1.10314206814	0.0746079912565	0.000726842033722
2.54585540728	0.126912995619	1.06198225332	0.0730861125708	0.000986316099212
1.19407324354	0.108026433355	1.0361653262	0.0785225209207	0.000693740135314
2.09518019953	0.104585942483	1.04586827189	0.0861475000109	0.00118534393183
2.08267460638	0.0856937645896	1.67751293669	0.0793294522828	0.000723486019693
1.89004551097	0.103286293295	0.83322889564	0.0830786418605	0.000917581907343
2.38445687138	0.100377128099	2.15157685983	0.0571133692076	0.000629875782021
1.91370754814	0.0982972245491	1.68383129112	0.0374378899435	0.000736749419187
1.92551707489	0.102893134006	1.55978617864	0.0458474739899	0.00110608978116
1.9151170647	0.0993517485334	1.57048211716	0.0481345120984	0.00107591143973
1.96964864722	0.103074517287	1.61659848444	0.0584619340613	0.00102128798455
2.19678424707	0.093844434645	1.64273899616	0.0608806732282	0.000796887562769
2.21805211306	0.0936164861787	1.61263129811	0.0691076130409	0.00092447774792
2.19140922207	0.106931540827	1.85455043303	0.102403426982	0.000544577187101
1.93396541141	0.13726769944	1.50643387149	0.0405330741331	0.00110378222847
2.01382429745	0.107618478987	1.5716266275	0.0770221176838	0.00095791628393
2.29267980329	0.0992409612369	1.58896670271	0.0323618466162	0.000996896642758
2.08862556416	0.101969167241	1.7320429118	0.0198825551986	0.000721197605773
2.32476838158	0.0968329617234	0.622795946046	0.0633433965581	0.00060558383522
2.26914022625	0.0977147703022	1.19903636244	0.0883139549767	0.000867776835489
2.0909933421	0.100690538678	1.2128096831	0.0735622533803	0.000674215718677
1.99973621893	0.10266120147	1.59396391967	0.0966574238299	0.000888716131456
2.27398966986	0.0910503924508	1.31533637467	0.0791933559954	0.000788385362872
2.06357629432	0.0940943842104	0.348604155934	0.0735153693657	0.000822702144985
1.89674284737	0.115753137049	1.34065373076	0.0823160509274	0.000796753864349
1.85951890866	0.100888031844	1.41779419097	0.0843406279658	0.000933423372751
2.01103173517	0.109719278898	1.57211368137	0.03967314236	0.000992729416294
2.07258105773	0.116069637787	1.70607342958	0.042628529069	0.000889604679532
2.53468938307	0.108426890604	0.626542403188	0.0569508453481	0.000817906203631
1.57838859035	0.103781761243	0.598242413206	0.0929278594456	0.00140072379304
2.14263293657	0.0807674388825	0.906296038888	0.0874816840363	0.000954949614911
2.22413058448	0.101344737772	1.48548443806	0.0856586085904	0.000690295074868
1.85654532969	0.0981226198455	0.606423631655	0.0774756709785	0.00074548887473
2.08982493449	0.096311914744	1.02365332059	0.0766499426605	0.00106333527281
2.19793533667	0.101915257859	1.80699929103	0.082462835262	0.000661559833583
2.09537321696	0.101317703759	1.08858962123	0.076636051654	0.000933068443258
2.09073836539	0.0945933585043	1.12225495083	0.0844598967588	0.0006307975059
2.12410283097	0.100695808293	1.84000969341	0.0444963691518	0.000521135254485
2.12669111605	0.0493819168891	1.56675273828	0.051380488865	0.000985999911542
1.98587836122	0.0950240455771	1.74593220316	0.0579660868437	0.000847285375493
2.29487584013	0.101015678215	1.68716177001	0.0379328150203	0.000978451496709
2.19897491086	0.103949826462	1.77074274587	0.0465303032788	0.000616494281688
1.75490906055	0.0948777796033	1.67333746521	0.0493336154589	0.000919335586484
2.20001285727	0.0992302664874	1.62505673988	0.0566904426034	0.00101271969965
2.07118935512	0.0965728845721	1.63603874937	0.0391552320337	0.000824242490237
2.13793633054	0.0898395869256	1.63309641259	-0.00777458514347	0.000960985641872
2.18595295786	0.102749921305	1.71035519259	0.0505633695105	0.000774346090766
2.07265068038	0.0991214681668	1.55472557523	0.0473562302735	0.000997371643239
1.78131764221	0.0790913398335	1.74940489389	0.0429995052922	0.000838546590137
1.48937490023	0.0840415414343	1.71637409381	0.058265911626	0.000756449010611
2.16288112766	0.0876593506913	1.66617776291	0.0406679223191	0.000758425477917
2.1010345132	0.108227546501	1.67097501202	0.0485628122442	0.000856800559253
1.93880311024	0.10899034652	1.57231320026	0.0146208079677	0.000933802124166
1.87978398399	0.0785369040228	1.62576198195	0.0446872862532	0.00110103880395
2.1330390941	0.0851871336228	1.78794563444	0.0365406235194	0.000689571155683
2.02730677412	0.0890872687183	1.41894331254	0.0239043186017	0.00094431595316
2.05448444825	0.0739307536708	1.34333838169	0.04529232982	0.000842499864422
2.38429634835	0.0910627759162	1.75354300586	0.0723241227495	0.000670718888998
2.1354017601	0.10601412359	1.72233692247	0.046648573439	0.000760776683968
2.17777653889	0.110305948983	1.48632088264	0.0279094791328	0.000750736889051
1.99511140929	0.0841235125993	1.72892214867	0.0512768495651	0.000844311218264
1.98658818615	0.10129958025	1.81013712628	0.00183494199989	0.000834999827183
1.94808933212	0.0934992590533	1.60587237268	0.0396430891093	0.00111503457762
2.07008831577	0.0903730818206	1.53641632652	0.0508608296148	0.000709689366925
2.19804952509	0.126469659792	1.58806579932	0.0424485601222	0.000931106081056
3.00827448829	0.090726734909	1.62763586743	0.0481922296609	0.000814615381072
2.09317267364	0.0986627515848	1.74882552133	0.0463628134681	0.00063070829707
2.17944286604	0.0972370448954	1.72486374334	0.0561068588969	0.000693134230315
2.17895821343	0.0896821717237	1.55946533383	0.0481863721225	0.000938837738198
2.13212687619	0.129983864306	1.67418993726	0.0207994388837	0.000856011987255
1.9711061829	0.130893910062	1.73994343093	0.0629238853304	0.000740135825993
1.91526305462	0.0977832295603	1.47808277154	0.0482942369778	0.0010727965405
1.80877515886	0.106244742104	1.42026922448	0.049314124203	0.00144670799902
2.03582912904	0.100489250882	1.65546072784	0.0682875866803	0.000837841298101
1.86304242607	0.0991045423812	1.59488389792	0.0392201759404	0.000972498759921
2.39976048658	0.101355008718	1.90018017263	0.0613546345858	0.000721814868563
2.23174203876	0.0773226812024	1.79062655121	0.0468400654552	0.000823182166092
1.6758125115	0.106742744892	1.69933699661	0.0472865499011	0.000844444542847
1.95639461664	0.0978716013453	1.12441767657	0.0837866917296	0.000881985166483
2.82235100135	0.118427732747	1.07862427215	0.0706980823115	0.000948961501603
2.21301200473	0.105216526153	2.36993685239	0.0643021840701	0.000624504000038
2.24864826496	0.0895815866558	0.990114256123	0.0549529011539	0.000555860870306
2.27975770691	0.0905781575136	1.2420355457	0.0877015829944	0.000941978404021
2.38632585427	0.0972031662794	1.1236681344	0.0843399196466	0.000616043939621
1.94861314061	0.0977606522511	1.69777836317	0.0481731222833	0.000794363063041
1.74355944584	0.115541049651	0.760554081759	0.0733778193063	0.000790795302289
2.1832689171	0.0926595326126	1.16946696201	0.0751002583338	0.00069433492255
1.8707977499	0.0976213131858	1.64444297982	0.091808844275	0.000964851810982
2.03275419816	0.0681825432835	1.56281300612	0.0845110685565	0.00105502961504
1.47336228921	0.0966985728131	1.20980946562	0.072418029021	0.00127100010259
1.80656639079	0.0961051480342	1.05006979361	0.0638272879724	0.00051740711286
2.55015870127	0.106545824505	0.486514548408	0.0692336777112	0.000778071757704
2.37469534497	0.112962456708	1.74944788661	0.0457631375983	0.000739724402323
1.70355683436	0.105504067371	1.14197708021	0.0796295277368	0.000714672726357
1.59602193258	0.0866514695856	1.4585465571	0.0716408426312	0.000997753325705
2.00032022031	0.108645172074	0.898578983308	0.0900023137852	0.000959504092382
2.23487308328	0.0979875400351	1.24096751252	0.0683148781304	0.00059200468552
1.99079364875	0.0942535114471	1.46603888639	0.038372138736	0.000784266393222
2.00036013448	0.101665005402	1.76548600153	0.0340461633968	0.000825632704076
1.8958634908	-0.0221235474085	1.51025653615	0.0592798358547	0.00132932131152
2.03314883391	0.0902987159722	1.67883052876	0.0432550048704	0.000752319530224
2.21649828709	0.0838382384056	1.5810478565	0.0509976986642	0.000845328703856
1.95168593292	0.0993257308285	1.47542247366	0.0297646494529	0.00112426832295
2.04455341772	0.102297049884	1.58906326458	0.0480607651738	0.000932667607862
2.78902648974	0.10101406748	1.25198126115	0.122148085952	0.000552987954397
2.18664298496	0.0891886547009	0.358993066163	0.0685537739699	0.00125106116249
2.27177646307	0.134298547473	1.10477067492	0.0702865049709	0.000621552321836
2.10787286241	0.0978875583988	1.17360391943	0.0797618322339	0.00085206556727
2.01921579441	0.114855505975	1.76763822109	0.0328359675898	0.00076921491379
2.13589167589	0.0953548748726	1.67818516153	0.0316548870754	0.00080605350065
1.88597172538	0.0985038440607	1.78826446833	0.0622780505633	0.00115808731007
2.0920515263	0.0862280955638	2.12818077806	0.0565156867652	0.00090061684054
2.04597403585	0.0818301641671	1.6636573554	0.0665208271603	0.000851441003324
2.35508977386	0.0938415388199	1.02066792539	0.0711115467388	0.000569973318455
1.92556799503	0.0969698147922	1.16733348494	0.0830326685046	0.000857637529398
2.03618507539	0.0969192117539	1.17311481197	0.0754078078271	0.00104956012421
1.88259164206	0.107922608138	1.48899465625	0.0477386891687	0.00107002296754
1.96868864632	0.104305058492	1.65371198973	0.0694513751487	0.000598826495061
2.13201414613	0.100729950478	1.06869075317	0.0749279119167	0.000538932074438
1.83713668307	0.100898093608	1.20069612271	0.0768872382937	0.000851852933018
2.11916758872	0.0939011558268	1.18017964008	0.0729498922742	0.000702456332763
1.99303030364	0.111673639588	1.39376438109	0.0785400264107	0.000732921833922
1.82475978936	0.0799866682223	1.7168769162	0.0485245704788	0.000729392500164
1.95132822354	0.10860369503	1.71306113973	0.0459048455334	0.000806501952747
2.21079737478	0.103484624963	1.6066497154	0.0593042515464	0.000694473013725
1.80594790382	0.109716695124	1.68445938356	0.0484293494048	0.000852231298246
1.81447249838	0.0969689782809	1.68024514457	0.0533402362228	0.00073277006389
2.23634502952	0.081643356733	1.68088590477	0.0372496089643	0.00086636447923
2.00158213361	0.0905441259004	1.58251031169	0.0510886420961	0.000969433753803
2.10591031371	0.0985215894288	1.65906231837	0.0628740863203	0.000903010547494
1.97791016531	0.0933422833388	1.64132989381	0.0451399801552	0.000947262747877
1.9869558185	0.0966225902287	2.13685403891	0.0618590479769	0.000783714229893
2.39897608013	0.0954379824598	1.27687397208	0.0637548606274	0.000622919980122
2.20862484968	0.0882544707283	1.11009929698	0.0530145673241	0.00076390882721
2.07856137849	0.101498224392	0.937634717212	0.0751916703748	0.000792656538728
2.42068933063	0.109229456441	1.00096291017	0.0584048890284	0.000665634347957
2.10179448537	0.0991183805499	1.11613057287	0.0820415031496	0.000819998480953
2.11302963551	0.100273339743	0.823546205381	0.0677467957108	0.000734937996851
2.27757175329	0.0946083474475	1.53375522121	0.0465617456839	0.000586643636739
2.56488558767	0.100872566783	1.74172306567	0.0542633268164	0.000643012119916
2.24886655476	0.0550708136883	1.78994950226	0.0335702177475	0.000602325269498
2.03236283521	0.0864410881901	1.71258094135	0.0828243408257	0.000732947041969
2.19015663884	0.0868088379589	1.10268812869	0.0771117768574	0.000826649412313
1.98494174821	0.115060279859	0.860793426587	0.0814364739458	0.00104356437297
2.34688011324	0.103379382393	1.66925605706	0.0666150478514	0.000452156554597
1.96483886649	0.100516130302	1.28634153204	0.0907188251808	0.000865975975844
2.11630633437	0.0846488318624	1.30394767448	0.0723802927365	0.000837469113791
2.21099613009	0.0962106445979	1.55316732224	0.0595219947187	0.000741020170766
1.93582721746	0.0992323321548	1.3632724306	0.0900963548761	0.000683853400689
1.74569473052	0.104225596281	0.448562687386	0.066075698625	0.000924006168901
2.07656631023	0.099711513513	1.09028348424	0.0687272466249	0.000740438747369
1.95781872619	0.0919837613708	1.09388215874	0.0851072041352	0.000823544854031
1.90218355923	0.0893186834028	1.18437932534	0.0888941090962	0.000765668887107
2.23057203395	0.107527669205	1.01098378595	0.0800546179916	0.000696870607022
2.30503756149	0.100849547524	2.33165081849	0.0790009548228	0.000664315266635
2.11144728081	0.103459922879	1.1211982487	0.0773985886185	0.000761509130202
2.1680969849	0.0895958301601	0.887615728837	0.124109758306	0.000850044844727
2.08394339923	0.107637569121	1.0386699889	0.0799681919214	0.00095833163788
2.00584222519	0.0770803548729	1.20852458073	0.0884256724196	0.00104614903302
2.02751766529	0.0885901874801	0.899395940251	0.0686675678763	0.000737877526808
2.01624678223	0.0914435950794	1.1555161162	0.0756801263427	0.000883410786404
1.92030216217	0.102316440733	1.09584714667	0.0857424506391	0.000942310507216
1.40105479862	0.105344980721	1.17760552666	0.0761175350348	0.000878397312575
1.87228897376	0.0953563723897	1.03664199964	0.0746890826455	0.000938047121211
2.0365976256	0.0968468264179	1.61402832334	0.0890808994244	0.000987030564324
2.00867472932	0.100770829206	1.13166780349	0.13403206944	0.000773957490603
2.24893720488	0.0950872900948	1.99015913204	0.0518978341138	0.000608909107751
2.17927523499	0.0967078490705	1.40673316067	0.0786253614412	0.000631860132578
2.39403775426	0.0944091078434	1.55013443793	0.0908326398126	0.000584464001667
1.92707962245	0.108771696802	1.31009200872	0.0967573351129	0.00114649313719
2.28049259194	0.107171799229	1.00983155807	0.0707465431078	0.00103806587445
2.52846810084	0.101652824178	1.11251936351	0.0769325056403	0.000969839105034
2.38733867978	0.102580503977	1.10961990003	0.0807897462347	0.000793517230318
1.87224768665	0.0976678170965	1.18201806401	0.0696894136519	0.000809597911956
2.08612224264	0.0795337339192	1.78135647245	0.0539105088651	0.000787163760337
1.84639873649	0.0985995200124	1.67513324481	0.0415889969954	0.000984794028215
2.19747492546	0.0451459475524	1.838287222	0.026437886918	0.000637168974496
2.08587585869	0.0691220224462	1.48468791552	0.0482112310404	0.0006470275174
2.06330264113	0.0996794286671	1.64938064968	0.0813595676567	0.000914400800988
2.12551183943	0.149017422059	1.66095222105	0.0389881161	0.000901195717299
2.73131286372	0.123263045893	1.71101658506	0.0199797023917	0.000755232087782
2.11547390541	0.0978073954808	1.79513720695	0.0348613402488	0.000691588242189
1.91827310775	0.100434593937	1.74179820704	0.0953356748559	0.000954716567875
2.18717684631	0.0901688620432	1.04753685627	0.0737559522163	0.000812364659999
1.95020645447	0.106001251372	1.69537359017	0.0496627847046	0.000867448019403
2.13350115141	0.0893277575471	1.75129737568	0.0616671143728	0.000819716767724
2.26395229254	0.112242786275	1.51782083338	0.0564974219774	0.000799818695317
2.46360283062	0.0980487216116	1.66635064101	0.0574209165678	0.000814623892852
1.83824931414	0.102658664695	1.65061157317	0.0408556552288	0.000992672784581
2.16428675171	0.074286222244	1.60307809421	0.0703460525784	0.00073730741261
2.01555218886	0.114939654451	1.71571902619	0.017850960088	0.000802991083565
2.21280930623	0.0976597940943	1.69812523141	0.0498745424274	0.000705719098138
2.24089306268	0.0967617467128	1.6014051192	0.0553220793289	0.000988936721427
1.98202439686	0.126670398707	1.63338753334	0.0447883319509	0.000906513788839
2.04746628228	0.0919864292625	1.79419089312	0.0438797958748	0.000900773380855
2.04488247775	0.0897362525806	1.59764649433	0.0500481909707	0.000978956868333
