r_HIS3_C10	K_HIS3_C10	r_RAD52_C10	K_RAD52_C10	x0_C10
1.88823819066	0.075885233886	1.52875682292	0.0532769863654	0.00063905328743
1.80086889452	0.0825997011047	1.52909917583	0.0648061553091	0.000779560986045
2.03618383176	0.0811368122857	1.32166260706	0.0622666021507	0.000761089329831
1.94501610852	0.0738438732682	1.57910961514	0.0641991632819	0.000860704450873
2.01524412798	0.0796070316499	1.52589035279	0.0596166406766	0.000793952969101
1.85942394894	0.0798186365795	1.41405683817	0.0707350801507	0.000648779797414
2.24108441078	0.0766195151132	1.996799715	0.0661625095369	0.000884583923483
2.0109792377	0.0842840594631	1.53284994407	0.0633270306252	0.000571264183158
0.852199988576	0.0751857402496	0.814504100422	0.0621837981865	0.000765228445811
1.5172472238	0.0827804338994	1.32417377739	0.0668353904598	0.00089776578541
2.00787393348	0.081605414216	1.53372620292	0.0642147491282	0.000683407665798
1.92555406436	0.0879826642134	1.54454550367	0.0565585516021	0.000520469069596
1.8707272978	0.0736120309658	1.14814431998	0.0628278621189	0.000736165422616
1.76872499158	0.0810525834157	1.5470236654	0.0638618976977	0.000750703881699
1.98837646666	0.0821422473319	1.53680148826	0.0618691306834	0.000663119616167
2.2775262088	0.0800494823871	1.62131765351	0.0557673899018	0.000501557696883
1.2554474013	0.0794698549553	1.60936492631	0.0601620219381	0.000704067072164
2.1354623183	0.0789769901373	1.67297905651	0.0642026606008	0.000598674340306
2.08134875124	0.0755221868428	1.5139912358	0.0596815613181	0.00062683538109
1.79226466159	0.0802173203093	0.962264656228	0.0643038322467	0.000707266434976
1.78094321947	0.0831346433636	1.44069111008	0.0660485134817	0.000863364878341
1.76498204987	0.0792178299444	1.25586904515	0.0611891194288	0.000750359317808
1.80871033166	0.0812685435784	1.32345066133	0.0646451204879	0.000780802538861
2.00993802761	0.0748438944161	1.54625505468	0.0607133946007	0.000653791703965
1.75321755794	0.104501847316	1.40318096407	0.0698839005357	0.000841698341925
2.02124441738	0.074276764994	1.45119848719	0.0611060314806	0.000675833387431
1.70347736227	0.0816590742695	1.212660032	0.0681108867257	0.000756301924651
1.70621496604	0.0886511516937	1.19644989415	0.0791481460315	0.000907013152098
1.95355910933	0.0851047498173	1.58215998239	0.0661609772511	0.000785232673356
2.02003723356	0.0840270333245	1.30780410224	0.0694889712961	0.000697146688053
1.88558148548	0.0746814300629	1.32872528448	0.0619424199193	0.000551283602258
1.84656755687	0.0815318850361	1.82676917827	0.0503149595323	0.000877191142552
1.59075367743	0.0804622250899	1.51128315076	0.0564277246117	0.000659080804149
1.81411214387	0.0812494889427	1.5315002475	0.0550357125109	0.000559426725337
1.95708786143	0.0815609384656	1.56100046457	0.0778888135849	0.000870772373306
2.01924830713	0.0841379812415	1.44587165823	0.0618265192092	0.000674324792193
1.67953895479	0.0818702939519	1.45414337391	0.0639932978408	0.000664036064644
1.9610050396	0.0787300396321	1.45653083513	0.0668658703398	0.000663048031447
2.23437491692	0.0896010174375	1.53099720507	0.0557116664244	0.000630733423144
1.8329048257	0.0818156473867	1.33723662278	0.0587298128475	0.000480362707603
2.11707062556	0.0838733964185	1.82875667685	0.06116675118	0.000620435030266
1.83404757775	0.081461966283	1.48430435625	0.0616601170497	0.000692562045283
1.8445304968	0.0791214280059	1.44127540962	0.0671365048339	0.0007780372137
1.87529523795	0.0869975845007	1.38959600637	0.0674687103322	0.000994676962688
1.94226920891	0.0642409958621	1.5092494235	0.0719612219793	0.000763545594268
1.5775295876	0.0719449468049	1.18408204219	0.0625196355555	0.000605346510018
2.11012664932	0.0934194785805	1.34670450861	0.0695126498229	0.000847377300996
1.67969848121	0.0755459983389	1.46335900137	0.0617717340703	0.0006216216714
1.74850698631	0.0806021745366	1.41189931143	0.0559573204969	0.000696802527638
2.27761972529	0.0677339508498	1.62104693797	0.0545395164458	0.000462721035772
1.87385970069	0.0839621625975	1.42544244087	0.0624931036248	0.000846406013046
2.07711985111	0.0763772982276	1.80095815409	0.0569472167845	0.000519221792467
1.87209176697	0.0917794962415	1.65739169168	0.0695231716257	0.000791036010955
1.91828734658	0.0806476903373	1.41190879549	0.0673600275777	0.000687366978301
1.70735684079	0.0798166945318	1.5281946226	0.059549828196	0.000817323086694
2.09216788708	0.0805568619476	1.43032058556	0.0756977773866	0.000837283984649
1.28216059348	0.0801347070661	1.41869160328	0.0683495262782	0.000783952300339
2.47097690989	0.0782376795951	2.76564594995	0.0628756236923	0.00057377773689
2.01151756809	0.080296522098	1.47998728116	0.0634355368659	0.00064304131574
1.90836745533	0.0861651631037	1.59307156209	0.0645608386506	0.000823937297837
1.84936637922	0.0843381456081	1.48746719377	0.0559534692057	0.00064787505446
2.21313645249	0.0858741141096	1.42160285636	0.0737673574462	0.000786634889349
2.10245307893	0.0797930726396	1.41016815287	0.0607905942366	0.000734967439651
1.74126079698	0.0838837649522	1.62988680818	0.0579236990862	0.00102199030308
2.0882582248	0.076348399462	1.48295410047	0.0640612932985	0.000594223015306
2.39500645665	0.0880039345514	1.39492332901	0.065434222486	0.000698785287005
2.27806110687	0.0792900139345	2.22415286283	0.0594190585621	0.000531734951585
1.95371113892	0.0905930504782	1.27217487183	0.0647298552086	0.00113027307078
1.79537401535	0.0818933465694	1.44650448749	0.0605773995914	0.000760976122334
1.93423795557	0.0840435658043	1.74695328546	0.060116299548	0.000651814172625
1.86326558378	0.0883466049841	1.4817415706	0.0620666667169	0.000961149021641
2.04672167401	0.0916095387198	1.32889783415	0.0637065166272	0.000834738186939
1.61584381185	0.0646223489991	1.27264554725	0.0621633984983	0.00094282572606
1.86335295448	0.065237627152	2.13370747154	0.0568685417989	0.000697407358377
1.64681286948	0.0847892509094	1.58648653464	0.0657926223543	0.000813099190634
2.09581255186	0.0737071392885	1.60400972464	0.0682094516066	0.000608483472566
2.12358976891	0.0726968213685	1.80847001341	0.0599672269771	0.000652599539546
2.07511553185	0.0803164787961	1.60194466982	0.0661366753504	0.00073309630219
1.7278702415	0.0823675454015	1.36877760143	0.064208027492	0.00103690786679
1.90266473038	0.0656618790495	1.66598652405	0.0632832260041	0.000615739979563
2.08319749461	0.0744064510472	1.22012140334	0.0614271859017	0.000874069504231
1.83211783436	0.0814850960722	1.50346150618	0.0610982936574	0.000677239759989
2.16013957649	0.0802155977727	1.59306643089	0.0641050617931	0.000505826888789
2.07850346446	0.0778346040407	1.3380540416	0.0647685457195	0.000591899254552
1.94917261593	0.085619325366	1.66094797411	0.0593665795747	0.000506651623944
2.21907720951	0.091775269698	1.65150882192	0.0812249357674	0.000576195498528
1.44392707741	0.0796774475035	1.35546956869	0.047340038939	0.000708855160452
2.00921267193	0.0747655339671	1.50072134017	0.0649764541117	0.000699102366584
2.14455274742	0.0673687410641	1.34961042209	0.0652861368734	0.000750959359697
1.9420300833	0.08002066723	1.36703961116	0.0653931713624	0.000726356142682
2.2016419653	0.0771742500606	1.53538451006	0.0623248302452	0.000647321135137
1.94832547568	0.0829987260281	1.48659129886	0.0623342665114	0.000776175718226
2.00528007238	0.0995497691633	1.49233564011	0.0636610142284	0.000697809158864
2.26691145535	0.0784262467616	1.38000550989	0.0720991206724	0.000952048474543
2.05617267353	0.074520979784	1.24071291721	0.0632504950996	0.000708368017909
1.73089750806	0.0767045379809	1.3270496499	0.0693862102155	0.000951904492647
1.93314235992	0.0820041105622	1.53741253777	0.0593897389255	0.000609956009497
2.01022176861	0.0804006640053	1.47269593132	0.0603462628447	0.000625464579823
2.08958172659	0.0812991979379	1.63953065808	0.0630888756986	0.000601061333429
1.79934366013	0.0890872594188	1.38935151935	0.0622834628722	0.000749454180336
1.67423863519	0.0818426271492	1.84206466446	0.061565609656	0.000719788916646
1.96804528718	0.0877971333583	1.22027717251	0.0632269459239	0.000602503144887
1.62341157	0.0860067423879	1.60889966967	0.0609700950576	0.000664799487607
1.87115707879	0.083413935758	1.57217844153	0.063457468344	0.000812977459317
1.81039537189	0.0809234604226	1.45890815614	0.0670902828867	0.000756327305292
1.85862981945	0.0759980805958	1.81494395402	0.0659306286148	0.000807313374929
1.45665734208	0.0783971638344	1.49682992389	0.0645566720226	0.000903695921625
2.34377450379	0.0829981941333	1.42956902516	0.0656048494267	0.00069468011374
1.68719533247	0.0805818713522	1.32467144255	0.0681949648453	0.00110666868328
1.76649466374	0.0819951753204	1.95887063318	0.0627115465495	0.000627596869582
1.87307704055	0.0965668970689	1.53610732187	0.0625480144713	0.000873294796394
1.9646966253	0.0871096597569	1.26729429129	0.0663722192218	0.00098101583139
1.72441896411	0.0806740748633	1.52703853838	0.0620881703515	0.00084393546254
2.04310204491	0.0807500171924	1.45067468643	0.0590883941866	0.000511280195181
1.84635067537	0.0864606716715	1.41664063877	0.0679644093169	0.000781604906921
1.93116339304	0.0787507400568	1.3088438237	0.0619476785759	0.000650016993768
1.87463590346	0.0794195605747	1.91474513372	0.06286782443	0.000466601492729
1.75515966167	0.0838718441137	1.70893744099	0.0507856019333	0.000528868268445
1.73471420802	0.0709942137579	1.46396735002	0.0623329490726	0.000878120236359
2.48923283012	0.0809921124548	1.58721130034	0.064483906805	0.000686555393007
1.68987017345	0.0823718598468	1.2859718873	0.0736684927626	0.000856055694098
1.74661309053	0.0834569821308	1.7163734232	0.0707704373137	0.00083853687458
1.9215389015	0.0789077786653	1.49694452856	0.0620624242176	0.000765377985944
1.87209727994	0.0814092763661	1.59480067693	0.0642822293435	0.000871763983142
2.19751138865	0.0765925527295	2.04132368282	0.0564001354233	0.000477417296584
2.09635291955	0.0750336753514	1.68459891768	0.0605488885125	0.000506841078419
1.4953996113	0.0771312448963	1.68396306887	0.0609309200732	0.000628163745538
1.89321070287	0.0778721304629	1.16034308668	0.0580208053602	0.000562711635539
1.59130839632	0.0800425007283	1.47951901909	0.0662384552031	0.00100678334178
1.89250557497	0.0814302636521	1.49685048784	0.0653882046175	0.000835668644289
1.84078156381	0.0834392855612	1.55739454957	0.0646649179161	0.000801641083876
1.93620188424	0.0810721417855	1.72018675927	0.060963672716	0.000757008582453
1.85334609108	0.0816790443118	1.38758435857	0.0646103344317	0.000823427774289
2.1089412525	0.0760862456122	1.34390808368	0.0548353829794	0.000389394437658
1.81031437698	0.0849564301741	1.54468046805	0.0643225288216	0.00082385784992
2.07314134067	0.0760298289225	2.23595514685	0.0638561360071	0.000676191974109
1.9124196153	0.0798789811533	1.54286693193	0.0612083232568	0.000657385848961
1.30280116703	0.0842241239774	1.54160056696	0.0620152511826	0.000739802844436
1.90342826126	0.0790285892625	1.68551413268	0.0585947570327	0.000655766116121
1.88484920259	0.0818953396501	1.52232004247	0.0655643129379	0.000806950395851
2.28641256731	0.0854167874422	1.86825929702	0.0647682589302	0.000723490979508
1.96218516366	0.0743409303825	1.61465800932	0.0538691577825	0.000621992076963
2.08317495017	0.0736087829516	1.68361724508	0.0576653422362	0.000656748941814
2.22490259083	0.0760155143336	1.41104909158	0.0614918683877	0.000434651788564
1.91814073636	0.0777440715503	1.47634815498	0.0666313500979	0.000772399026731
2.15247387418	0.0765565730116	2.07426056999	0.0595614943022	0.000562810617816
2.00811210906	0.0823877926105	1.52733243575	0.0582893621039	0.000661180008821
1.17887935386	0.050861231901	1.71509326867	0.0590834830169	0.000603096872731
2.40093402268	0.0905734227993	1.38788109678	0.0629695785249	0.000693347047014
2.51522026217	0.0852132578244	1.46978180954	0.0613768806263	0.000565429473185
0.668188090029	0.0783788600508	1.72159402475	0.0628995830214	0.000821731396346
1.93696540347	0.0736018103832	1.49633463672	0.0614194934126	0.000638244701535
1.99524329411	0.0889249897817	1.49641642041	0.0644560790736	0.000848681150378
1.71137404005	0.0855317201008	1.39222495363	0.0183110063745	0.000821495333214
1.83163880168	0.093689855764	1.59028645912	0.0643899365984	0.000705079844029
1.88126991903	0.0783452897937	1.36134062597	0.062707812232	0.000796947467653
2.04604544222	0.0843214304347	1.65788717107	0.0682340700493	0.000718441257818
2.06775762016	0.0773060757392	1.32373144859	0.0625659190343	0.000594590841642
2.30817138298	0.0793138665233	1.35456371304	0.0666227602496	0.000690982420585
1.66246619619	0.0851621861092	1.27644660922	0.0644955255715	0.00121679320336
1.87642927243	0.0787376349991	1.29102274113	0.0638645461081	0.000706529205909
2.29366638582	0.0802709529923	1.48544665988	0.0615740513073	0.000453756075389
1.31534248929	0.0810903708455	1.45887762462	0.0634441360799	0.000850682837075
1.99635369979	0.07800023618	1.52142808251	0.0582008730001	0.000561913914142
1.61730471119	0.0824857513387	1.79796712647	0.0652017442881	0.000702739590755
2.06536293304	0.0843183857651	1.4170213333	0.0596783022793	0.000711729791068
1.9403545798	0.0927099425023	1.44591242519	0.0593772317151	0.000773587165949
1.68457635939	0.0833985033872	1.50385403832	0.0587122532547	0.000735937616216
1.92872141748	0.0821020333532	1.37843603018	0.0604923852426	0.000920772349063
1.97567975918	0.0812984897735	1.58874960284	0.050102377834	0.000591947205878
1.15328300288	0.0854911514122	1.6167382797	0.0622052280174	0.000662957628082
2.29054951339	0.0701004019056	2.41770982288	0.0651416963405	0.00055730298315
1.99861352029	0.0809076563204	1.73084298729	0.0550984607492	0.000538033014484
1.44340088752	0.0752912814235	1.30339623869	0.0840587753474	0.00108467249354
1.82050061396	0.0743811029927	1.30569872708	0.0628635882726	0.000995226223924
1.98269479571	0.0768496090025	1.17298893707	0.0610925787946	0.000733493278877
2.14321692137	0.0752261666633	1.46745283101	0.0614256129598	0.000507328575101
1.70652882272	0.07916400256	1.36848571163	0.0635991163591	0.00080640835551
2.28048800135	0.0823775388546	1.42492299679	0.0723785182924	0.000697211001476
1.91087147921	0.0810641009794	1.87042393442	0.0526418754268	0.000533211682792
2.03470128456	0.0786830655529	1.80782622047	0.061577864218	0.000573919504561
1.82936899593	0.0781781268743	1.19495551275	0.0633473664343	0.00060754005015
2.37444875983	0.0795748492755	1.08615379649	0.0697605698687	0.000624540272499
2.08808343214	0.0753860047204	1.56257505656	0.0659031657472	0.000446536794298
1.73511230341	0.0772454902447	1.53740508253	0.0602205800069	0.000670442620368
1.96609007204	0.0751027002291	1.444315838	0.0600631559756	0.000636608970462
2.55292824688	0.0768994221018	1.4732450247	0.0563236601167	0.000475749341049
1.86885724677	0.0864741284543	1.55619233442	0.0570854990702	0.00091025824187
1.77730547922	0.0830017092469	1.63200498317	0.060668909204	0.000663172711776
2.40974551802	0.0769543078361	1.67256300904	0.0583670417924	0.000666769946799
1.77346244781	0.0962766220021	1.56666151107	0.0641514520818	0.000626554312999
1.69062022934	0.0794952841409	1.59202825057	0.0613546522268	0.00058326566893
1.80400145284	0.0826746123104	1.4200795041	0.0633323151435	0.000520644176158
1.8690802418	0.0694290718733	1.27668802293	0.0690566178443	0.00110184114991
2.29275093124	0.0702070417526	1.65797974931	0.0595279379212	0.000617465442427
1.64575972744	0.0621938783293	1.42451344502	0.0578937619255	0.000790109363042
2.05047973194	0.0874292057699	1.33199358415	0.0626671671414	0.000996407584113
1.87495192401	0.082462240813	1.47779931898	0.0636357519534	0.000878052964342
1.85491274158	0.0685500742942	1.65613369793	0.0614763200842	0.000702287328875
1.6691787905	0.0818316484479	1.42149635042	0.0515657131845	0.000948329983179
1.97629723082	0.0723259533942	1.47307823442	0.0654111570796	0.000640141961738
2.09955595524	0.0811048087859	1.63449493275	0.0626337746997	0.00054246964608
1.84674178818	0.0828197136373	1.41854713163	0.0671278125729	0.000840301857429
2.02863088772	0.0685017897414	1.55027578834	0.0597192685136	0.000639203378379
1.83986653821	0.0737889334743	1.47278737556	0.0522722981999	0.000774356771575
2.08301230039	0.0817269049961	1.60975241856	0.0588708215891	0.000475073796794
2.20577134912	0.0797722350969	1.51164199495	0.0463003257267	0.000704857438808
2.29652351378	0.0789558589799	1.43941359834	0.0639576619141	0.000872113241465
2.32088809384	0.075338941337	1.79760427019	0.060373639774	0.00071992907257
2.04906990675	0.0762392826602	1.68845837292	0.0597391907741	0.000614220961042
1.69601215386	0.0784647321525	1.47861856295	0.0638592888617	0.000681738354642
1.61171912086	0.0808923445283	1.63897761699	0.0614988094114	0.000681656272274
1.83958013314	0.0759076033738	1.35564818103	0.0654796471974	0.000947250694431
1.51192715608	0.079503196772	1.42868057458	0.0561715498415	0.000799545696958
2.15868470747	0.0742429916648	1.58044813179	0.0667614045562	0.000576596306613
1.73067444772	0.0665437769096	1.60721903921	0.0717642706385	0.000708468142855
2.65261769619	0.0850254190455	1.53456213582	0.0609914881432	0.000836455586628
1.02182214727	0.0779833383097	1.45432099686	0.0628482688101	0.000862440858086
1.86333888348	0.078115452234	2.0561849009	0.0525383247192	0.000653978261747
2.03199149891	0.0829994024416	1.6234769291	0.0642530779705	0.00067074762158
1.90817151073	0.0787070945179	1.32242826156	0.0665525984314	0.000946765266076
1.74548578794	0.0806522072405	1.44800763088	0.058497899095	0.000871414476351
2.0483965737	0.0804329774538	1.72346953732	0.0604479529286	0.000582089822647
1.75305070276	0.0824724312137	1.54087355429	0.071575242413	0.000588711601894
2.0892684312	0.0737218865907	1.61564871973	0.0593498337987	0.000486164378884
2.15478250161	0.0835103659662	1.66646629068	0.0633460733502	0.00073370813182
2.04243749898	0.0741575176907	1.62506317864	0.0670787458261	0.000618311399379
2.32320934323	0.0825286366298	2.08641849348	0.0647157334877	0.00044812940064
2.29527592112	0.0868017357261	1.62022792724	0.0598356830407	0.000480276990609
1.97912889559	0.0887615098269	1.50899029727	0.0585695949423	0.0006888668168
2.03937205963	0.0797990425459	1.5596006648	0.0585767441135	0.000551088990454
1.8258673436	0.0647903326978	1.4309958046	0.0657614087108	0.000776848193668
2.22440473649	0.0780408818491	1.86654282307	0.060254842066	0.000520339373748
2.10039147818	0.1048201627	0.885772624449	0.0628358749684	0.000700418867068
1.31277917638	0.0893163108233	1.51168968251	0.0627702833475	0.000691998039389
2.11412841019	0.0854853936305	2.61233383533	0.0596741943636	0.000616394727655
2.0671681608	0.125057693217	1.31708609002	0.063796170951	0.00074106815839
2.23753264966	0.0829146321602	1.616043786	0.0625261006145	0.000495699318537
1.80144363512	0.0771004118934	1.53011791171	0.0650193613908	0.00078015901671
1.86488925682	0.0854242602172	1.95828921678	0.0611357641144	0.000554684694332
1.75174367951	0.089167678465	1.25235460387	0.0659820305615	0.000969043323814
1.88289779317	0.0697691360708	1.49461668222	0.0593438907892	0.000748532659317
1.75040856985	0.0788713399513	1.34184953175	0.070195979377	0.000684013158904
1.4580989441	0.0784297627915	1.66474120581	0.0654015069997	0.000758521312782
2.30479278243	0.0757147058631	1.41859423374	0.062268082968	0.000880481274477
1.92873535297	0.0806683457527	1.64847016735	0.0528828173193	0.000599482146915
2.10407357483	0.082248652956	1.61238191267	0.0584664731083	0.000550893329582
1.43241211101	0.0761805481824	1.60811190872	0.0601155153218	0.000583667615868
1.89783471092	0.0834256109525	1.9180906528	0.0641674390751	0.000790539782906
2.0393815129	0.0814669325218	1.38542570122	0.0619784425294	0.000609797475657
1.74442058021	0.0777005493269	1.06465923579	0.0662121433213	0.000657105660962
2.16910516443	0.0838469829329	1.59566749918	0.060620236807	0.000503251131961
2.16793312596	0.0731010517677	1.70277139001	0.066706672458	0.000689273925313
2.10142856282	0.0829316521413	1.35555243856	0.0583875480709	0.000689844437767
1.99987607347	0.0789396097703	1.72627380213	0.0498466095388	0.000836149520815
2.04647102599	0.0821094381854	1.54960612986	0.0571521534962	0.000568569249005
2.06838801814	0.0814138608449	1.47161288535	0.0592465449655	0.000651359555485
1.81213484245	0.0778964504991	1.30647190069	0.0635735932503	0.000710421739097
2.28743888357	0.0762110526242	1.54342939935	0.0633558309784	0.000587679683239
1.99683099276	0.0721273428353	1.83055869595	0.0615710384856	0.000646714617593
1.73555175334	0.080304666799	1.40096370484	0.0662026942013	0.000859290727174
1.75905793036	0.0756471710281	1.50737355222	0.0629523305154	0.000639306175296
2.00993701754	0.0799751890706	1.41338786636	0.0643907041432	0.000846417257047
2.19338396551	0.0773816491295	1.19517015042	0.0576134917668	0.000615341520146
1.87282592108	0.0882891583429	1.33226222033	0.0624909046955	0.00075116012964
1.86916401495	0.075294359812	1.47153212249	0.0651435040872	0.000748544752558
2.04262075237	0.0841025526075	1.35970999372	0.0639515929386	0.000748097704975
2.0319085235	0.0781341910907	1.50863572957	0.0540590252727	0.000687764083977
2.39541077241	0.0809733871213	1.83179042947	0.0479814736027	0.000411371660162
1.90019009606	0.0897493346479	1.68803090228	0.0526193414913	0.000956203271622
2.07420403955	0.0731535338684	1.67242536656	0.054175476836	0.000569748230043
2.15646397043	0.0872592992428	1.57580091851	0.072505891558	0.00076989543141
1.95501017153	0.0860818100268	1.45639909948	0.0604034224796	0.000698735903337
2.10877058214	0.0773446543454	1.33741629192	0.0646047010182	0.000759164941961
2.43539078362	0.0703075485887	1.80196464302	0.0561383168314	0.000555462539406
1.88852910619	0.095600718819	1.5158350341	0.0591803625153	0.000877761515418
1.95310583057	0.0826909617766	1.73748083889	0.0578937665713	0.000886287720898
1.90414340546	0.0810842597528	1.50709298026	0.0603654048105	0.000914350164272
1.83907504738	0.0772804250626	1.44222798618	0.0585140823194	0.00094363192999
1.53773909533	0.0833732180494	1.50063055586	0.0663621914339	0.000652128255492
2.17312358544	0.0806982485408	1.34586625876	0.0531903550919	0.000601617190256
1.83091864286	0.0762443015498	1.23998110786	0.065399274411	0.000841822085634
1.82898330637	0.0860885013671	1.5800205365	0.058935921979	0.000783419330902
2.15281089761	0.0809775338976	1.58262539983	0.0636148027314	0.000737074061137
1.86621794255	0.0814377162155	1.54183424956	0.0601601835098	0.000606963465104
2.07706514886	0.0716990227725	1.5164806908	0.071369992996	0.000792593759768
2.0154869756	0.0971319895718	1.68046024723	0.0578099734178	0.000696990239637
1.86517932116	0.0797665618072	1.10332750756	0.0681471517537	0.000628988145725
1.86902628714	0.0764730420252	1.50149545354	0.0661762299579	0.000762421246901
1.89723414646	0.0778290092828	1.47399681426	0.0640699496062	0.000692990889954
2.23452912373	0.0875876609491	1.40172910456	0.0818813238279	0.000624159280235
1.07921504286	0.0844255493132	1.38404216925	0.0588787398714	0.000645346049188
1.7836989588	0.0756647025085	1.25219569852	0.0655198123829	0.0011216395238
2.06481958624	0.0850488583152	1.93481956121	0.0549860338705	0.000527078077914
2.183312067	0.0816841113182	2.01260383696	0.0573099650564	0.000669380633438
1.87820532297	0.0810003025099	1.46455769266	0.0604127602814	0.000703293416451
2.00738704718	0.070587547939	2.04665303998	0.0565293296577	0.000680957593744
1.83534864657	0.0732138241563	1.41888552465	0.0794133978318	0.00070019410727
1.64940172413	0.0808690988813	1.35182900256	0.060805865664	0.000781626078506
2.0444848604	0.0807329252195	1.36824771851	0.0586728184414	0.000689136906337
1.87625260128	0.0801948112751	1.41983222354	0.0602847770802	0.00086719379537
1.86959466152	0.0817788583993	1.46225536973	0.0632486433311	0.00056413592674
2.17904577397	0.0785755911697	1.4157503933	0.0619815994248	0.000756150449231
1.94276948276	0.0824099692588	1.46609958606	0.0608750172058	0.000726078318309
2.23346167723	0.0829018500904	1.40429730635	0.0564190616021	0.000660742416358
0.951058646146	0.0822053693082	1.41965105746	0.0667117301345	0.000833459218474
1.94421328958	0.0539013932026	1.29460291708	0.057967972888	0.000665336651938
1.80837772325	0.0816156134552	1.83495858042	0.0616209162315	0.000930764644137
1.8853844785	0.0807739886778	1.65630122901	0.0624351833026	0.000567106874071
2.13672243743	0.083842846951	1.68349150906	0.0562132742587	0.000553359026965
2.16017355225	0.0777612203089	1.39033864494	0.0578154598001	0.000457277394417
1.98919606902	0.0785804748305	1.44972149716	0.064195205234	0.000792435705265
2.57251939318	0.0900455965327	2.07165547236	0.0824459163104	0.000633905469118
1.96533974111	0.0798911817686	1.63986681668	0.0749565863611	0.000661906177031
2.11704399541	0.0761394882466	1.66157926198	0.0586121628918	0.000552074451126
1.94405341806	0.0820242118987	1.49901945757	0.0632042261681	0.000742747194677
1.62283130371	0.0815158537067	1.64616606542	0.0642830166821	0.000983700599615
1.71707704167	0.0927474056731	1.46561024051	0.0579011907817	0.000851330796849
1.18926172503	0.0770271725226	1.30454612317	0.0631112485546	0.000889927188447
1.79386008867	0.0748355846742	1.42098959843	0.0665061655463	0.000852823097203
2.13180890449	0.0872472031165	1.17946467242	-0.00934935624374	0.000999867084538
1.88229194029	0.0894147232647	1.37106319829	0.0644727653456	0.000817613577245
1.99408151711	0.096603694325	1.54659481445	0.0500827997489	0.000617390624086
1.8588657501	0.0799675768944	1.44474910215	0.0633246165078	0.000668283088181
2.15650002764	0.0675975445488	1.65965080818	0.0644603803285	0.000459523106165
2.00238532672	0.0836402293572	1.41011382709	0.0596691572938	0.00063992990587
1.66936775597	0.0812254024841	1.49432487019	0.0675319854047	0.000750098805322
1.42515969575	0.0848753394856	1.94790491693	0.0571729674167	0.000817880593487
1.54420219259	0.078522027327	1.46302511675	0.0619281885142	0.000864082526365
1.96124723934	0.0770463398928	1.48885701087	0.0585968445289	0.000763903230863
1.9297504134	0.0820124318572	1.5361184846	0.066039805246	0.000857787473951
1.82089077696	0.0845705607542	1.48157017685	0.0685042650286	0.000544132683588
2.06176676626	0.0642835887788	1.43635289366	0.0561466782602	0.000572228154937
2.77618509149	0.0850214341772	1.53511520651	0.0623793611446	0.000599698012936
2.17105484798	0.0749329824919	2.03768563564	0.0657819497843	0.000721696474365
2.11440942361	0.0763845525406	1.30851151179	0.0654245956299	0.000910344756689
1.9362364651	0.0771160945593	1.76064997343	0.0622775903186	0.000591915119499
2.01016607365	0.0838706075155	1.53724419116	0.064893341245	0.000680035038615
1.83850266329	0.0727185518704	1.50892113004	0.0612248201644	0.000715483607745
1.99342228126	0.0867460855348	1.55654297463	0.0742434935181	0.000726845894254
1.54568114289	0.0759249604031	1.22623138522	0.0540195069719	0.00102401226452
1.76484680481	0.0787054145752	1.51859078474	0.0640425443796	0.000910816040308
2.40721630846	0.0783843982475	1.07673366929	0.0606634664325	0.000824310817388
2.0198690055	0.0685176369895	1.44612272442	0.0724614407146	0.000788572590143
2.16086933044	0.0956713578209	1.65860733183	0.0510502447126	0.000517822962669
1.95521407194	0.0862884044005	1.41242060447	0.0846148831844	0.000741257628192
2.07986328882	0.0807947492638	1.61388505547	0.0568680697845	0.000589050126369
2.1528235071	0.0831277485098	1.2738230966	0.063105145157	0.000621186350088
1.99010157456	0.0619675820209	1.26874642122	0.0804219133724	0.00110450363477
2.19374879235	0.0892773227389	1.53895227863	0.0649033777782	0.000880232681004
2.6127609893	0.0794364838571	1.69861213605	0.0612654795994	0.000496969113997
1.86877298497	0.0777596231203	1.52883156453	0.0587079795689	0.000740851593685
1.88973248318	0.0809667735433	1.55771253722	0.0496482602975	0.000741440685328
1.91384628727	0.0812082615822	1.59326894645	0.06412481109	0.000853464637755
2.11869966918	0.0810650461763	1.52590991145	0.0657972822656	0.000564114026369
2.04277870047	0.0838309954304	1.66736127469	0.0577539305381	0.000479552373633
1.42611161658	0.0743380767002	1.46752442902	0.0658749751799	0.000784399117125
1.84908375308	0.0832324362304	1.27506751825	0.0678844696441	0.000687384546563
1.92130061272	0.0920583276344	1.5204736835	0.0661513200424	0.000784312584757
2.05462673965	0.0772095124188	1.64033544458	0.0649804123578	0.000769185659275
2.12732983923	0.0705739151789	1.82004566788	0.061824924067	0.000749349593989
2.04955456437	0.0871106571591	1.67017560819	0.0596051276808	0.000541661333762
2.40332652252	0.0795355944861	1.58599761114	0.0619213269629	0.000590088735061
1.80373160592	0.0786825866143	1.36897860716	0.0613191600217	0.000688869053468
1.99729195434	0.0798015271025	1.42288725459	0.0606478435349	0.000783846793262
0.673479272856	0.100082936186	1.28397795998	0.0625009121242	0.000955770856747
1.84110490099	0.0833845932207	1.78788429463	0.0631604356333	0.000741987868009
1.97300838154	0.0814784149029	1.35705107144	0.0478827444626	0.00061034468847
1.66104566262	0.0852931596719	1.49020087015	0.0639193784198	0.000590728788805
1.8485599267	0.0828528689234	2.19914348087	0.0561186100336	0.000699027559983
2.211070345	0.070614317833	1.47569907246	0.0658251349696	0.000582592987448
1.95453298593	0.0682713063806	1.91664961674	0.0593152623606	0.000635863905422
2.29526895999	0.0750571774453	2.03086218275	0.0621137892775	0.000765545930863
1.8411787649	0.0895232253099	1.48452968779	0.0634535221764	0.000743878037574
1.86232925739	0.0800302929556	1.70683749366	0.057759321288	0.000414309810925
1.79774545773	0.081131125734	1.38149636932	0.0667076978211	0.000846128698641
2.00516640511	0.0758423929697	1.46031799227	0.0577812798609	0.00073466678674
1.86442859995	0.08214093014	1.36672904428	0.0663040372354	0.000981641299185
1.93641591946	0.0783699008851	1.74966018145	0.071893123003	0.000651222466816
2.53689063506	0.0777833791165	1.60770792815	0.0617683619515	0.000496188640184
2.01980715446	0.0806438042536	1.25433821665	0.0537251388366	0.000548153996541
1.70594253239	0.081446057961	1.30782138157	0.0663043855532	0.00100933732773
1.9515628729	0.0805460459202	1.57766578985	0.0615830984738	0.000605289159688
2.02902493381	0.0761613498932	1.49888994352	0.0639468731059	0.000764852804095
1.84476910066	0.0791166214206	1.56063129335	0.0609236575331	0.000830347151567
1.89087935847	0.0823147894379	1.79826724564	0.0570302424153	0.000477695332135
2.02925828469	0.0756211149236	1.49279654097	0.063112413795	0.000690264846083
1.88886113193	0.0800917133418	1.73522613745	0.0638558323851	0.000710230258787
2.2405353496	0.0741658590467	1.49420638773	0.0596238360864	0.000579462633223
1.87971834445	0.0782955875688	1.42245002524	0.0715917821316	0.000789511466302
1.82556187941	0.0707215641763	1.39987068693	0.0653202739169	0.00118201332072
2.04181936442	0.0789664575703	1.47826873553	0.0622459808945	0.000436695578087
1.91521959337	0.0801503034039	1.38773440531	0.0610240512762	0.000829047005892
1.48993274514	0.0778482359927	1.35563281924	0.0606188882152	0.000840210206971
1.99195252542	0.0805437401145	1.53829568587	0.0579182487113	0.000600792496223
2.02203356215	0.0807664812783	1.57502917206	0.0631617661347	0.00058668368215
1.89401318688	0.0915996903378	1.3551143265	0.0653700003989	0.000858150504735
2.20709164054	0.0800192393658	1.57970916624	0.0684996208891	0.000524308615266
2.02000850995	0.0659235736113	1.57437241388	0.0547102955981	0.000589530811572
2.06098687596	0.0762128936634	1.50309679712	0.0628979842276	0.000685176932965
2.14498075935	0.0688728161405	1.6364516425	0.0580494695868	0.000516221103508
2.02509206388	0.076761601845	1.47523569973	0.0710988646057	0.000723978245309
2.22213469304	0.0717613472727	1.84251867409	0.0595962794041	0.000495942786207
1.88782959628	0.083107687051	1.43841517897	0.0572082986334	0.000639881157943
2.28243503952	0.0798973660348	1.18290844188	0.0595896632554	0.000676813894401
1.5534653672	0.0900917127441	1.4936589294	0.0674433901014	0.00125359931651
1.91976168053	0.0839695527538	1.42842788057	0.0628004053588	0.000825978582451
2.01067775364	0.0900252358202	1.67528298359	0.0656003285629	0.000803317227232
2.1794603531	0.0837743544962	1.41346319284	0.0656229322027	0.000893434391321
1.95448699429	0.0783948952111	1.21798446762	0.0659936351807	0.00117456550649
1.94519064885	0.0807760688323	1.48076078001	0.0619594299827	0.00083602738308
1.77148725792	0.0784498952127	1.62399933434	0.061276029086	0.000855877721326
1.17056853047	0.0828207323894	1.82960937087	0.0630477042598	0.000957737943423
1.76420291228	0.0802582167358	1.50257485274	0.0692143935174	0.000843901827475
2.14809104237	0.0828108438971	1.59018783918	0.0637634600003	0.000547673389106
1.8222048895	0.089678983429	1.46538609095	0.0641231636534	0.000812989364483
2.02026383901	0.0753436781964	1.40461295169	0.0619308086229	0.000677863438916
1.92806573535	0.0600708452193	1.46536189747	0.059100107011	0.000735710237025
2.06739689176	0.0748449973357	1.42999115046	0.0652059561985	0.000720013241954
2.29201641406	0.0779263005255	1.89759569983	0.058751574608	0.000674204241809
1.49938082469	0.0759432384626	1.3406462236	0.0661295003328	0.000907237440548
1.94333197833	0.0784025117094	1.37680760819	0.0723256456045	0.00103195187407
1.85913614166	0.0721536890058	1.65640699578	0.0456778607077	0.000937938155981
1.95839546215	0.0753797527817	1.2297514957	0.0611168383341	0.000753847820251
1.84671494719	0.110086146646	1.59220834581	0.0654224310931	0.000870441685909
1.96211209089	0.0790735130435	1.69732013228	0.065944784	0.000757079202148
2.02462451785	0.0781313144424	0.973074832593	0.0564751018765	0.000493808956345
2.03155474677	0.0762289243737	1.46113124914	0.0604744037151	0.000600147559031
2.09388760061	0.0788552500358	1.43694108316	0.0634039830559	0.000539771470307
3.24012803331	0.0809476481803	1.33507148489	0.0664145308223	0.000719609191521
1.88472560623	0.084491090636	1.48511483011	0.056111961779	0.000964218056797
2.13346472641	0.0831921904596	1.5306448509	0.0646851683689	0.000508962280881
1.89609754541	0.0794317764464	1.82017323074	0.0610867914373	0.000581124418269
1.76974579815	0.0805561227817	1.56319863801	0.0648501879904	0.00085108655482
1.78497644524	0.0802234759294	1.29121470837	0.0486196176346	0.000535038545376
1.9764050445	0.0788985743546	1.41694145312	0.0632147224489	0.000752426668712
1.97555999911	0.0811008947511	1.92308997302	0.0620561365359	0.000669402660695
2.01851505153	0.0749631207863	1.66429740131	0.0613157672083	0.0007309419339
1.53476138362	0.0799283982946	1.55266379856	0.0610561624129	0.000674994977091
1.97227476467	0.0822867094912	1.39535384254	0.0647097220833	0.000788111145371
1.77358699989	0.0774263533153	1.62093574798	0.0623390887132	0.000585706053153
1.91619514649	0.0755517281184	1.60374250512	0.057322479794	0.000620237821848
1.45851383466	0.0788753883005	1.54540812193	0.0572743299423	0.000637110247122
1.662434966	0.0722992864518	1.25817750476	0.0761916743739	0.000895240047531
2.04290380537	0.0810571714577	1.56699906256	0.057758023287	0.000568028188365
0.948319637313	0.0858039643662	1.20765293583	0.0701743428956	0.00113368776356
2.02895342814	0.0719256297325	1.72954758217	0.0585236174653	0.000680709606461
1.86775190122	0.0733111568249	1.41008344406	0.0646446152721	0.00082014877841
1.6896583458	0.0786248942839	1.62741750781	0.0636701097428	0.000719638867701
1.8421034164	0.0802690312504	1.59984404451	0.0628359448783	0.000622560888782
1.80059051738	0.0687013593142	1.39954552353	0.0627537023845	0.000766634603213
2.10461880174	0.0839970130647	1.63212730987	0.0568806206886	0.000728912867426
1.82833160753	0.0796570088839	1.49088669915	0.0615859281138	0.000837291531468
2.01005797629	0.0774651768432	1.45854614445	0.0604730189954	0.000736671973149
1.91591839863	0.0852435218843	1.39121319511	0.0732755994986	0.000908986597985
1.92073985603	0.0772298243862	1.67645488047	0.0613291087236	0.000496294008873
2.09581532018	0.0812699019408	1.66020279737	0.0657984421731	0.000627845857245
1.76542401537	0.0897443397573	1.41220622305	0.0633451528539	0.000923215491882
1.98033165984	0.0799563886191	1.41963393448	0.0601106812769	0.000683820673949
1.96227417564	0.0795633177922	1.4082270948	0.065914706206	0.00079024483146
1.81728424463	0.0753207759202	1.46468685528	0.062823551505	0.000687498649719
1.95113105583	0.0785634407944	1.00891090009	0.0674506496956	0.000921063984209
1.97002315973	0.0775974593733	1.80085037531	0.0628196064087	0.000711990475828
1.83543395703	0.0814037115581	1.26292658541	0.0644601321464	0.00091275003206
1.06587058161	0.0694537196662	2.18232731697	0.0622600840071	0.000904192611733
2.05553330243	0.079261428725	1.37067617838	0.0607824700571	0.000599935395776
2.08633455091	0.0827635043813	1.37771210694	0.0557274906317	0.000420963503776
2.39613587114	0.0759790707476	1.35708653537	0.0678636123906	0.000729230038967
1.82023810502	0.0780208074884	2.35989750002	0.0615601621071	0.000497682458899
2.0465683025	0.0787039349383	1.47836289161	0.0617964877728	0.000688388643839
1.66698852277	0.055898116576	1.26881319752	0.0644180134887	0.000896605821362
1.23754778086	0.0886226398026	1.66596506059	0.0641568885698	0.000604414772885
0.396171787417	0.0783843113211	1.45008051901	0.0649658693613	0.000789788137713
1.92209266402	0.0694199443146	1.37130428395	0.0685353409224	0.000895801619848
2.40096863293	0.0837532342242	1.43894390718	0.0667993655916	0.000721534320219
1.97193791106	0.081683947367	1.43398068264	0.0635950282736	0.000799211945638
1.51266136594	0.081518818451	1.26979234159	0.0637305065146	0.00100080232672
2.04843426509	0.0790849098612	1.46258120991	0.0638096386004	0.000533873122387
2.1563248495	0.0809832013696	1.3089804508	0.0638374202018	0.000669252711111
1.87325609447	0.0813877111183	1.36060945747	0.0601490749363	0.000935250518674
1.67337056884	0.0751648264923	1.56072075479	0.0659782770101	0.00073738389064
1.7527786874	0.082922235446	1.38872119467	0.0563521249118	0.000925038618967
1.92166068273	0.0821891105607	1.37005532009	0.0680932581719	0.000753419694995
1.75778849548	0.0788845335064	1.37923417589	0.0650521643092	0.000893339796417
1.9449117835	0.0774831956484	1.62200975967	0.0592261027243	0.000705464992531
1.94143456459	0.0765249135618	1.42105137006	0.0799789669955	0.000727906439883
2.02928695449	0.081101651387	1.29689270242	0.0593530591893	0.00071743386879
1.99590450047	0.0845961200808	1.66879710423	0.0579094626965	0.000607854721836
1.95674204514	0.0768900605341	1.36318496703	0.0638792505034	0.00069909280611
1.64930967693	0.0838197358757	1.41437210063	0.0648989520872	0.00104709069885
1.69366618867	0.0636841989142	1.45397598104	0.0669799476115	0.000796248320929
1.98386296764	0.0775476223494	1.54912840205	0.0559888059376	0.000843574632166
1.89288860041	0.0730508641923	1.77061200578	0.0601985975128	0.00072179995837
1.63141743126	0.0796126614148	1.43743244759	0.0664033574318	0.000935868488256
1.91414724168	0.0801340466408	1.44652932083	0.0609258396338	0.000798436505675
2.64309269033	0.0815627240746	1.50967160665	0.0723584855658	0.000784351877269
1.82967340562	0.0734521339579	1.47615305386	0.0632434407234	0.000613157073469
2.25060322913	0.0748670368619	1.70116620843	0.0668336578549	0.000471330273426
2.00530473887	0.0760118535013	1.54923767312	0.0586624574652	0.000621419950557
2.1139542033	0.0890380285745	1.60325946352	0.0657961360171	0.00062664157414
2.10308722768	0.0800116558579	1.40376065342	0.0587713424841	0.000856467342677
2.27067229069	0.0760352614022	1.29416003707	0.0506681697466	0.000768944150979
1.73326885298	0.0816161337197	1.50685223224	0.0643024163203	0.000706433022072
1.81598895745	0.0738893664076	1.63286671055	0.0580969667577	0.000685351821188
1.68488222905	0.094487227612	1.29789849743	0.0655234624587	0.000769887072363
2.32372653705	0.0594272189397	1.65935798859	0.0547815373222	0.000538839029368
2.26178799856	0.0845539067299	2.25078427842	0.0583098441372	0.000738482992639
1.85592875437	0.081537029952	1.76352202099	0.0536616539829	0.00063447614571
3.0024777085	0.0945648951797	1.27438654021	0.0568282520962	0.000466263896534
1.90137074722	0.0753670764692	1.53503243756	0.0673144827152	0.000983850942995
1.43647845186	0.0870454488151	1.44119182358	0.0632922126037	0.000679815145218
1.16480753197	0.0808052159943	1.28471032475	0.0633496768945	0.000701490619517
1.89139561936	0.0796259845897	1.40195632504	0.0603987869237	0.000782518128346
2.03882960307	0.0835359712041	1.28832636962	0.0649102457302	0.000811848997866
2.06845421566	0.0642751540661	1.65011669321	0.0639925141119	0.000571693323808
1.42011963429	0.0778301412281	1.48751057183	0.0552701415694	0.000838327387373
1.64478175996	0.0821546651085	1.53406477914	0.0622894723493	0.000740475453972
1.76874653498	0.0808261046774	1.34610502526	0.0637576415045	0.000823015937611
2.0094370387	0.0816920468932	1.61966395564	0.0613297469463	0.000838966647672
2.21766896047	0.0878515331346	1.52610249361	0.0685546791723	0.00066473003675
2.10428205744	0.0847372470508	1.4397637882	0.0627984320136	0.000744557990585
2.01474182251	0.0792519784943	2.86332755693	0.0655822064329	0.000828052554741
1.94033139916	0.102808018682	1.4617427951	0.0655513632752	0.000731412507335
2.11222676172	0.0782119352972	1.78749350187	0.0632521594177	0.000437681589191
1.93185267832	0.0688857375769	1.57988453932	0.0654995779288	0.000821983605902
1.77984572696	0.0762609691723	1.40284663519	0.0620974048599	0.000941219993895
1.72111252085	0.0706142896228	1.44990257389	0.0612861541222	0.000764291356423
1.95152664078	0.0832818541845	1.39717423397	0.0626974422009	0.000674374049441
1.9791091243	0.0782495265805	1.42505246682	0.0617312176626	0.000920875614642
1.67695901843	0.0797397559553	1.36378728016	0.0660986507705	0.000954735400294
1.81987527521	0.0818902640558	1.47398810124	0.0674319210649	0.000931244148179
1.87060065898	0.0830813697447	1.38984058476	0.0665731879256	0.000969591019899
2.01226366265	0.0823515739672	1.48999976993	0.0605844107389	0.00070297231121
1.85192604278	0.072314295708	1.41156976275	0.0549507630916	0.000650627902337
2.22293669316	0.0846386119939	1.52175851099	0.0604217093587	0.00058154294469
1.87003711906	0.0851666064281	1.53874272316	0.0621107897034	0.000629247839371
1.85012024356	0.0800693484658	1.38722018195	0.0642692637889	0.000799254082478
2.25159937782	0.0630900225309	1.40661354089	0.0625605623125	0.000710191659125
1.93336018363	0.0767305015705	1.35340147472	0.0624382934708	0.000944657448123
2.07045777701	0.0907078583014	1.61354660157	0.0605457716748	0.000499648820787
1.73639783566	0.0890822678288	1.27415058602	0.0641741174454	0.000889550964937
1.87730800487	0.0819544441093	1.33910603705	0.0644448926285	0.000632657079173
1.8367247716	0.0793074265084	1.75460094074	0.0677074258941	0.000637052050667
1.95646810903	0.0846524531839	1.30156066665	0.0604862173466	0.000684471043464
2.2065028304	0.109307213495	1.60165077338	0.0619625024096	0.000575769710506
1.7646096088	0.0805923438301	1.44784139071	0.062579940802	0.000719329103427
2.55553883997	0.0796619509388	2.117522962	0.0616116424181	0.000588502258085
1.97219569195	0.0795164443062	1.55284319134	0.0690583382741	0.000871059858904
1.82467706558	0.0746710408589	1.55519320955	0.0658758504581	0.000741929527497
2.01600073329	0.0699522955995	1.62946259444	0.0664154287412	0.000764765780676
2.17808735944	0.0829395121047	1.47009192868	0.0583978343612	0.000499507299596
2.07763599742	0.0701959490655	1.50256538729	0.0683662731729	0.000523566312236
1.69712094569	0.0817324238171	1.40558066769	0.0659040211573	0.000844171194937
1.97099409284	0.0913251481567	1.42134011075	0.0643082072775	0.000806372036809
1.9679001988	0.0792511695164	1.34069117657	0.0697194121237	0.000654349786283
2.01112860951	0.082715577697	1.4119802298	0.056175412427	0.000685403130718
1.7965405951	0.0837836890117	1.46005953511	0.0593580478218	0.000903741089318
1.30585185864	0.0661303384229	1.50022832603	0.0244262714654	0.000660199742821
1.83086839295	0.0765009157535	1.42617997903	0.0713278850585	0.000850596087466
1.9703069555	0.0738727348119	1.78237591721	0.0695791606415	0.000774367808991
1.73398042841	0.0876248791064	1.38252719751	0.0658776964272	0.000884416279066
2.30148711696	0.0794336834623	1.4131698307	0.0585074177566	0.000721506784849
2.0375787512	0.0775950601513	1.42829428076	0.0684319936224	0.000654612671261
2.10072682049	0.0792701105107	1.44735777922	0.063406187554	0.000638767880643
2.13100880247	0.0784805040963	1.80619002679	0.0600790455523	0.000526431973866
1.82035677819	0.081500768174	1.50350032192	0.0595988350575	0.000884610621591
1.74320288851	0.0795903416375	1.65257014789	0.0637871590937	0.000658312849048
1.95554128117	0.0779715762027	1.48750032615	0.0644540139244	0.000740404435347
1.91566274719	0.0839313866531	2.43934441057	0.0677507265074	0.000802907164683
1.99916791268	0.0823579110008	1.13636121488	0.0703079486324	0.000897280284629
1.71615282864	0.0828759693406	0.909862828348	0.0636970236677	0.00092084966913
1.76829352819	0.0774872329248	1.37624018892	0.05985862189	0.000871330588965
1.90221650421	0.0817162885923	1.44516277601	0.0659268112723	0.000754861719626
2.00662306086	0.0841446389815	1.60161968531	0.0612595187818	0.000551945809467
1.78419389379	0.0881318756444	1.21488456184	0.0627042507048	0.000947286664473
1.48096768663	0.0801068660646	1.75796862849	0.0652519305108	0.000991451195063
2.02930483921	0.0786121999751	1.49649938356	0.0614243399169	0.000551430379699
2.05992065931	0.0783972321948	1.40135612201	0.0636075470251	0.000576646860627
1.82653346176	0.0810622124818	1.74421353835	0.0644556569092	0.000729358122577
1.62901349762	0.0978538190366	1.44868549148	0.061919517788	0.000878347595772
2.02093737411	0.0782516380645	1.13000890234	0.0666437054098	0.000828445876368
1.76372217898	0.0931319967651	1.4539568456	0.067080559681	0.000898852456629
2.06404605333	0.075404588105	1.54300360682	0.0584648634466	0.000601424493818
2.5105767872	0.0684537112504	1.52865102879	0.0619696379235	0.000617540397699
1.81451429975	0.0797515224803	1.50565483245	0.0629733599161	0.00055246391479
1.93751743765	0.0800694232332	1.40873636585	0.0601107172731	0.000834448088864
1.94150760024	0.0769324098028	1.18153728079	0.0757168775902	0.00074998526651
2.10402829536	0.0797622575285	1.37364429373	0.0627007677576	0.00055551479605
1.8506051984	0.0781109113051	1.60763467466	0.0640412886813	0.000710712883322
1.90443458199	0.0780337606567	0.692412295555	0.0603215742985	0.000691835603001
2.25586784388	0.0750226631325	1.66876706273	0.0614630794374	0.000748829527288
1.96779181741	0.0843977785018	1.67987786514	0.0633755327247	0.000789551443384
2.18114748261	0.0811472584742	1.58577074878	0.0588823113684	0.000662544271212
2.13785297492	0.0801879853378	1.33531989941	0.0684092570589	0.000588207506559
2.43465843822	0.0799675191159	1.79589488725	0.0594932058333	0.000662283354928
2.19444986029	0.082262169654	1.23433876501	0.0618106958799	0.000670807377574
2.03962680107	0.0831769012705	1.75235625365	0.0549896520542	0.000533959722238
1.42323108406	0.0789663349199	1.04896666192	0.0633785800484	0.000682292302231
1.78217336485	0.0848670798508	1.60646021744	0.061105108922	0.000673656638755
2.06441236247	0.0667333509056	1.45872595124	0.0578847651467	0.000759706695179
1.67407848039	0.0857396226312	1.38729977904	0.0628475363813	0.000988372306824
1.62270117753	0.0840826296291	1.33746727293	0.0621096571933	0.000701296171684
1.66532352951	0.0786929352736	1.82827002704	0.0645456765179	0.000997686254168
1.95810265612	0.0787500588563	1.45699408026	0.0505769712324	0.000721410401553
1.95549387153	0.0841094077515	1.58355215419	0.0619627155371	0.000702300077189
2.05097882256	0.0667098099444	1.54757767316	0.0604132941819	0.000569734920298
2.1194289376	0.0816928118282	1.6497022673	0.0547563949306	0.00060902303798
1.81201833975	0.0716842076426	1.15570912278	0.0632771725974	0.00107900705455
1.51148600035	0.0777559944396	1.75725432505	0.0662079574161	0.000929992177734
1.94491675114	0.0824414325413	1.40000188765	0.0621363032383	0.000699794970297
2.02816420713	0.0778282737155	1.61219728438	0.0617600540804	0.000588044247574
1.8973714548	0.0799838874543	1.8909970166	0.060363199475	0.000649843689723
1.91621397743	0.0769205233769	1.41132156716	0.0677328801322	0.000828717377121
2.00204707886	0.0826375833884	1.49842307919	0.0620106901374	0.000712108289337
1.97454053351	0.0792015268102	1.83144561269	0.0583444319218	0.000483331874944
2.10715595831	0.0723234355371	1.70895120235	0.0584597979286	0.000447109108201
2.10009458034	0.0702032356236	1.71862425058	0.0587646196734	0.000544344335461
1.91925311098	0.0765825770689	1.65586977849	0.063759395052	0.000618711472459
1.88073780173	0.0796313845649	1.32289108217	0.0740235740254	0.000871156184007
1.74020705658	0.0791262339415	1.49978842896	0.0612136246958	0.000656334668102
1.86596682804	0.0805733251838	1.42187834639	0.0652921024531	0.00088831523845
1.96597671411	0.0514511554892	1.63005288805	0.0644911902119	0.000574623060695
2.0887868348	0.0808047655347	1.28539704798	0.0670451748886	0.000673060697059
1.89443707086	0.0777871341393	2.03729833541	0.0606237199475	0.000585002483946
2.16090076359	0.0836549344346	1.37976633101	0.0611069808189	0.000532656976577
2.28668957832	0.0718198048038	1.55249282738	0.0582702831524	0.000658268944594
2.4755944425	0.0784025329361	1.87634753395	0.0604378389731	0.000526218924211
2.09430303711	0.0805408811793	1.4194496446	0.0631207786779	0.000759198739305
1.95604895281	0.0781935530443	1.42190407703	0.0638155913934	0.000852162970433
1.9453128269	0.0768068605764	1.43239882181	0.0600676504004	0.00061636039279
2.17517818992	0.071226839447	1.69571784499	0.0600680264243	0.000535244857215
2.24850619446	0.0918210140222	1.57190592188	0.0568869421222	0.000795788746996
1.89195062983	0.0789492081275	1.55042886532	0.0612326072705	0.000547801194389
2.24242389708	0.0649371254405	1.67102229899	0.0620621694485	0.000631482689158
2.82559469605	0.084721715597	1.65860213842	0.0709282858924	0.000447251981928
2.10406968728	0.0780613244936	1.49932517374	0.0605610947683	0.000655466442091
1.70465507955	0.0723305596319	2.38278875812	0.0646752764069	0.000742525985437
2.00527500028	0.0779802245943	0.727264843399	0.0655487852201	0.00064408893781
1.75262700445	0.0818258893793	1.62001480005	0.0667650632962	0.000894307129414
2.37541409839	0.0814266503537	1.83038268756	0.0610599414319	0.000547003716108
1.9434801115	0.0773900451416	1.71608549131	0.0687880370024	0.00058125936435
1.8599615736	0.0814438750932	1.3477953645	0.0597591131474	0.000908151138848
1.6898953157	0.0824354812082	1.11756219007	0.0647336133466	0.00109347235159
2.29638049344	0.0706498403958	1.62179100626	0.0527937267123	0.000392522519047
1.97721491923	0.0744933522116	2.26761883447	0.062861494252	0.000789408860089
1.6258879416	0.0898335245662	1.43808096153	0.063512632646	0.000836983652514
1.98021665026	0.0758773016513	1.45646891569	0.0623186573237	0.000711591300068
2.07756827054	0.0831579663798	1.35524403034	0.0599624022009	0.000580380147876
1.82155199151	0.0801355962841	1.34813454156	0.0691104784194	0.000826101474435
1.89695958429	0.0795733917548	1.68819611111	0.0604488638637	0.000675817331306
2.09375062874	0.0849630689305	1.62212626215	0.0554402566811	0.000475471286945
1.94115356894	0.0511864243716	1.42616329606	0.0617524453891	0.000842190130877
1.9556856217	0.0816070462762	1.42862762703	0.0666516416444	0.000829266473465
2.27058543009	0.080512487739	1.51972055633	0.0606718154924	0.000633983641108
2.86315695116	0.0801269373595	1.65918836274	0.0618673529029	0.00052446529286
1.92015493269	0.0744637696003	1.03416603504	0.0658217523873	0.000862907154213
1.71004294847	0.0800159555928	1.63214010191	0.0630696578519	0.000603542432113
1.7464107248	0.0741741131181	1.41520262103	0.0652049781595	0.000759053275765
1.93018979128	0.062877131445	1.49294591144	0.057840407952	0.000651590128786
1.82626385944	0.0795564578403	1.66997710305	0.0547405552494	0.000571325118339
2.04062209412	0.0760384760705	1.4455079091	0.0571661340399	0.00034561055615
1.94201701191	0.0783527421559	1.36020521368	0.0627966475985	0.000743740544206
1.8753470623	0.0807404676322	1.65496989487	0.0585261060256	0.000881846240627
2.31869265748	0.0887767623734	1.67670642679	0.0566394378706	0.000533715848401
1.61392449731	0.0794484013122	1.39527396077	0.0710733344128	0.000897434341502
1.66218724646	0.0853480795395	1.44893763929	0.0702989962456	0.000844021317957
1.83166541466	0.082379429654	1.55662978418	0.0640441367209	0.000780183572992
2.03863254909	0.0714720518763	1.45114282032	0.0642284935403	0.000665932252224
2.16343321352	0.0742045098858	1.46666539077	0.0683277728419	0.000712251367569
2.0237707272	0.0908989470763	1.48267073141	0.0628198031565	0.000626037453677
2.48194135574	0.0837099175206	1.27284349426	0.061753124115	0.00132338261568
1.96993526836	0.0652456738848	1.51205729629	0.0576207337634	0.000802754115325
1.80409239286	0.0808119054245	1.44990932668	0.0600827060977	0.000701911404981
2.18396108625	0.0816534654181	1.48657266257	0.0620148454656	0.000860609903259
2.13419471421	0.0757842053653	1.44176083809	0.0581437782984	0.00078280553679
2.32263365249	0.0648048014734	1.44072082461	0.0605605457165	0.000848210234722
2.23278361057	0.0834872250925	1.88012233164	0.0555481572545	0.000473251426668
2.06078870472	0.0836844031814	1.33880889367	0.0601884017198	0.000786903513475
2.20545985523	0.0807843175671	1.28251193727	0.0676857950891	0.000985729131903
1.94474294421	0.104388430298	1.72552969883	0.0658732554897	0.000718813669542
1.88140833244	0.0819631240986	1.6105364522	0.061466410288	0.000724129168856
1.88640919896	0.0715961348156	1.54081160082	0.0476042579614	0.000815627842758
2.53846589881	0.0778795018313	1.4931688384	0.0606123283362	0.000843747425469
1.50268790756	0.0778461863503	1.40179781196	0.0631953683174	0.000773840136943
1.69098542894	0.0849824064418	1.57981067292	0.0612647764215	0.000612512327186
1.67527571703	0.0887142290264	1.41532156705	0.064544539464	0.00114792671659
1.47655802656	0.0911161847133	1.52552746987	0.0576264007507	0.000706683273828
1.99173499095	0.091955199134	1.66784983769	0.0593761478297	0.000547697323783
2.31989680477	0.0785580901014	1.45653730791	0.0617053652076	0.000708056356155
1.86903040558	0.0804356300468	1.28665416298	0.063005906404	0.000765050250155
1.89293839056	0.0857374560147	1.39329137264	0.0617961157383	0.000767071787903
2.03818653635	0.079723930764	1.50296353912	0.0644344314153	0.000597505679509
1.85042762864	0.0750289536062	1.49589301009	0.0577918545551	0.000860351688173
1.76445124156	0.0811539837968	1.48154918625	0.0670022460506	0.000746170273028
1.98605492552	0.0797947766811	1.23831242225	0.063389485662	0.000817565194473
1.89483477862	0.0754940235508	1.44212880292	0.0611418669267	0.000805356783966
2.25177298194	0.0809622814082	1.49250694549	0.0581523560253	0.000611590102437
2.53401894204	0.0842377896564	1.37072219204	0.0610464995222	0.000722433181096
1.88808516773	0.0824629089067	1.35354454634	0.0595287746686	0.000886396946975
1.66768752816	0.0799206662539	1.2685354165	0.0638795327577	0.000942491454467
