r_HIS3_C11	K_HIS3_C11	r_RAD52_C11	K_RAD52_C11	x0_C11
1.97715752977	0.0458873113876	4.71101666805	0.120499931593	0.000862675510693
1.58592975729	0.0818107818663	4.12629793761	0.0806077150007	0.000934017425635
1.76714581482	0.0936645859642	4.52293753478	0.0983980088741	0.000862332004804
2.33020933885	0.158945968038	5.12374092718	0.0842336288397	0.000620185199639
3.2179438196	0.0874494603813	5.83593727316	0.091562108633	0.000814382429424
1.8670937025	0.0941693871133	4.90385837245	0.055521839721	0.000908514982388
1.57187997533	0.0873964824628	5.2661974271	0.161693392067	0.000843680475914
2.00732703949	0.091248618959	5.60022948028	0.0618832614033	0.000796073770032
1.70407804681	0.0846989544047	4.54630207504	0.103821570053	0.000881594591503
1.01040534805	0.0664042656339	3.81869381485	0.0845635049605	0.000907446317249
1.83274597683	0.0924516277498	5.24896816135	0.058905767339	0.000639411915161
1.54277547403	0.0647621279499	3.76094854153	0.0805289294894	0.000859162601013
1.10497340174	0.0824505772085	5.63134760528	0.050750580292	0.000749717930807
2.67103908651	0.0851977681217	4.30365748502	0.0717661214929	0.000934578487407
0.980101251904	0.0765288621348	4.62737424549	0.0851119597413	0.000918325880881
2.16494395821	0.085617412355	3.07598792256	0.0962577817572	0.000886871382572
-1.13627430761	0.0869710019096	4.73166237381	0.0844847084825	0.000623022962136
2.01470881171	0.0855867292438	5.7910323053	0.0434193083267	0.00091971824282
1.67962290697	0.0853713847002	4.47554209055	0.0779439721488	0.000740304867989
1.49674062251	0.0456642491287	5.4368692531	0.0833261331746	0.000718329847973
2.26119022425	0.0828079083289	5.69375796157	0.0475580189647	0.00063016929931
1.6885120265	0.076892051815	4.30867282625	0.0686259623277	0.000841226735876
1.76033561527	0.093363464342	4.81957431979	0.0690834533839	0.000764870478772
2.09958465481	0.0489567421241	4.17533957374	0.0147548109024	0.000608266306342
3.48639479865	0.074538691049	4.19824744543	0.0963003290145	0.000519458005418
1.69296685592	0.0950705653317	5.2634341067	0.0807151682269	0.000749778187628
0.401551001045	0.104637982501	6.00632393164	0.0588716142444	0.000726124083473
1.46785876712	0.0842040748881	3.90371643481	0.0657812921403	0.000833397221916
1.5039519115	0.0737044194094	4.68569836126	0.0611418377752	0.000740631115734
1.47429605141	0.092943655626	5.30794115514	0.0241725278754	0.000949179295781
1.61390639243	0.104508520944	4.3383004243	0.066229797907	0.00104931164978
2.2968196068	0.0757589786434	4.43567798666	0.0814888407081	0.000800493402891
1.77637772678	0.100423387266	5.02300407001	0.0678455799024	0.000823101544757
1.63695155688	0.0806659966773	4.47905048981	0.0618091984347	0.000899251081421
1.39280495873	0.0786786310573	4.16734549574	0.0812319930582	0.000662919467057
0.915970871904	0.0972419840739	3.55943420106	0.0598551215529	0.000888965306613
1.50329513517	0.0953568500211	3.86307619153	0.0732657138758	0.00110831527609
1.84926979039	0.0843787891357	4.23080629264	0.104735216767	0.000739596573797
2.03843880601	0.0915992999955	4.56284240777	0.0831002907926	0.000793860843576
1.72710574545	0.0880807047305	5.03870866262	0.0836685452281	0.00104007527259
1.10742182863	0.0794953379788	4.37916685911	0.0905000000155	0.00105660684807
1.81411997936	0.127694338558	4.96442825584	0.161503167414	0.000728380939561
1.64807338873	0.0847922316759	2.65820057583	0.0562067479369	0.000602483126964
1.75559263507	0.111069922851	4.99739180993	0.0626636164487	0.000919785634342
2.36972790213	0.0918937640406	4.30525777962	0.0856338135871	0.000691545044969
3.69686743497	0.0708993667695	5.34303527806	0.0604439474909	0.000621968882609
5.03817640942	0.140649449485	4.47810230377	0.0810532145433	0.000713743784462
1.60634905158	0.0932907941478	5.18881592967	0.159047155702	0.000964164441773
1.83280388736	0.0855151121146	4.35720833855	0.142062682093	0.000917899079709
2.52303905354	0.073483367366	4.49400618108	0.0817951301896	0.000906844202794
3.39587107119	0.0713795696397	4.55571376776	0.089320567806	0.00094835825674
1.61263064605	0.077678612979	4.43159782072	0.0374842171512	0.000748005975257
1.72112293563	0.069238994135	6.29108146232	0.0828601674821	0.000758990903523
2.17704069244	0.0705679995912	3.31341513477	0.11319157051	0.000793388555775
1.45536487818	0.0753711490351	3.22591754217	0.0939529368217	0.000851549473528
1.36503670696	0.0885464950713	4.78189291902	0.0828937580103	0.00115092814375
1.66767573919	0.0762784655974	4.01872799532	0.0767144484663	0.000976922871366
1.28163923186	0.0895463923992	5.65672280431	0.0382549639052	0.000534726948559
1.71758341265	0.0724054210499	3.25730448087	0.0634008426338	0.000739771550143
1.40804071928	0.0890048999338	4.72391491823	0.0576130841127	0.000897966872309
2.51817820945	0.07682696682	5.17730591738	0.0799826768331	0.000774693891605
2.07086659534	0.10774895679	4.84865478807	0.112294444862	0.000785024672555
2.04575129712	0.0722448592234	4.32764316921	0.114507115223	0.000732033905553
1.65920791367	0.0824561073401	3.99704528838	0.111271463929	0.000771085691495
1.18052585962	0.0702116431808	4.03836991159	0.0660096264561	0.000874678911013
2.04448938496	0.080828588312	5.82074096362	0.0655290566082	0.000630948360564
2.0221475462	0.0818221561415	3.40791546343	0.143333006634	0.000604631896866
1.55115881365	0.0821386794017	3.09320276743	0.0537628964035	0.00110842640257
1.66690214971	0.0839795059912	4.08251807172	0.095373221831	0.000816254702325
1.96273427932	0.0620302115195	4.39338978699	0.10391054664	0.000834507687859
1.99361103122	0.0660218920907	4.79581848687	0.0904559857435	0.000556097566199
1.58416492719	0.0753135260666	4.91944024076	0.0755701645728	0.00101295961031
2.0507560698	0.0942710170478	4.80456880983	0.0754559453561	0.000609460759672
1.44959891252	0.0892256880281	5.94373586827	0.193625534686	0.000862484938024
1.47583307175	0.0904148375125	5.42291701097	0.041521269034	0.000902377258503
1.75392804766	0.105628866781	4.19737589742	0.0819313210456	0.000879013251695
1.73797481127	0.0932055640089	4.35661691222	0.0819285693586	0.00105672496015
3.17154989908	0.0535405607224	4.57246670881	0.094376093261	0.000698320583951
2.03169757793	0.0897903689378	3.77973739689	0.187265814038	0.000850055648008
1.73737573869	0.114959077924	5.02664905031	0.0531528727494	0.00062881482683
1.66666419905	0.0761711773832	4.64532963108	0.102975927374	0.000819489693413
0.633713194428	0.0807867208634	3.60401783083	0.0628730860564	0.000719926327946
1.36199386795	0.102992814894	3.82209216306	0.0998816966751	0.000985843042475
1.61034226886	0.0883687130524	4.39231769813	0.07635599602	0.000554437931822
2.58697345434	0.0904848192967	5.31187330666	0.0719305283448	0.000851140608863
1.91598251782	0.0839688534827	6.42775218521	0.057481828174	0.000618002234319
1.90400727884	0.0982460133631	3.90722541978	0.115510620153	0.000668130716784
1.78465944708	0.0832323911833	4.67518819599	0.0765602796999	0.000698924359293
1.71749896356	0.0862755383707	3.10153319996	0.100687564667	0.000884423688354
1.90254229942	0.0775842680823	2.33015807627	0.0880681999176	0.000879795433514
4.54005855931	0.0918645722246	4.93671208582	0.0810140883432	0.000869771957992
1.7716117525	0.0731212539363	5.03263802817	0.0386577394158	0.000782431037229
1.6175835046	0.0886788543514	4.48793449348	0.0867486854389	0.000802808890275
1.47287969676	0.0888240931409	3.07387469899	0.0805813397875	0.00102098345182
1.78430501292	0.0793921957553	5.44755318956	0.0461755367736	0.000635266396499
2.35199410638	0.0293826162213	5.56923688687	0.044226281825	0.00059505090549
1.58277034224	0.0705161093056	5.22207285174	0.0490112446742	0.000674418135287
1.13253395642	0.0792605769189	3.76832467376	0.0838079401555	0.000864922447722
1.8619676886	0.0851317142319	4.24878584444	0.0738228767421	0.000708396946747
2.13142090349	0.0685067262526	4.87389073326	0.0525900513118	0.000806176721009
0.546741164359	0.0930734335417	4.14734951841	0.0843101593021	0.00104865147112
1.65094050304	0.0725587928611	5.47509755952	0.0628571587096	0.000823881953029
2.64691043137	0.0771887182702	4.4751888175	0.106303642305	0.000558154346708
1.80022344641	0.0836887139968	4.91453554098	0.101200365662	0.00101372815119
3.33525878638	0.0959328098533	4.48020224622	0.0902303844023	0.000910831843974
2.02646132452	0.0943742529899	5.30102674917	0.0364098300601	0.000801551913323
2.09181103985	0.0850848731698	4.27261146658	0.0722888070313	0.000737423106927
2.00344059995	0.0747832801475	4.01147524795	0.0764401980188	0.000668309205067
1.39648510938	0.082827033762	4.44101813742	0.0290086162785	0.000756646239673
1.45197883227	0.081076664442	3.49079973669	0.0977901408354	0.000928863189066
2.17617461356	0.0934096128041	4.59825295256	0.0736525890313	0.000680693288406
1.21814249745	0.0673318894088	4.76107449706	0.0729736373969	0.000703321630144
1.89792636214	0.073940563027	5.54357662655	0.0916410830764	0.000717879291479
1.76951115781	0.102486135511	3.77353855018	0.0925207617047	0.000709220320246
3.19433939436	0.100220045547	4.67440363973	0.0942014560502	0.000398293607372
1.81738815364	0.0333076753992	4.37430961433	0.0480944398647	0.000724651152504
1.30595737287	0.0838632076776	3.57240458539	0.0731959952716	0.00103465656511
1.8800266029	0.0806897516833	5.18027383174	0.0835067973782	0.00066479268557
1.69042625541	0.0969616289042	4.56001937283	0.0757801237423	0.000851462672091
1.73819213491	0.0842883122041	4.83690083134	0.0946922108045	0.000905529119006
0.601779503857	0.0814774751129	5.11838311353	0.0757655266819	0.000982158288123
1.60474137059	0.0704656688326	5.14844522492	0.0451687630244	0.000604650004868
1.42741716948	0.0729875808502	4.54461049221	0.0145267866392	0.000893306249788
1.64262222098	0.100723134918	5.06978842167	0.063329516657	0.000864525937365
2.32965455802	0.0864118657821	4.22346188666	0.0658404059675	0.000833980180101
1.95248847236	0.0807300657947	4.30325815308	0.090538771886	0.000870815224952
1.86983787634	0.0902372311158	5.10133409585	0.0775999010914	0.00095137022589
1.87340932113	0.0861446887795	4.7852479442	0.0979632395487	0.000526045413432
1.36539109101	0.0591807014263	5.57865969083	0.0078476157933	0.000760554000859
2.01050517365	0.0920151005914	4.35875990344	0.0775112923145	0.000865241128462
1.72450205052	0.051645457747	3.58439655106	0.0808760065934	0.000756421481646
2.30277089076	0.0851159445042	4.49896988277	0.113726349797	0.000685265361927
1.75945463724	0.0435655511635	5.29192458897	0.0756445024562	0.000771267306346
1.65240219289	0.0773931386407	4.22669961923	0.0999951695679	0.000931952374346
1.61916026608	0.0997432847374	4.81707613	0.108731466455	0.000847098418141
2.71125337321	0.0914934172686	3.94386444209	0.0539839314667	0.000835527701293
0.936448521628	0.0860739167476	5.66596845667	0.063900618946	0.000968139873503
1.68586662767	0.079161798063	3.98189249313	0.0803017667033	0.000721153997882
0.622973699356	0.0754301650339	3.7304096615	0.0763532818551	0.000996318491331
4.18634803918	0.0579204963279	3.85457120873	0.0845385792512	0.000810575380256
2.80529360243	0.0155671745266	5.04478398836	0.0610856055211	0.000969831380438
1.25617957769	0.0812887520391	4.68032783482	0.067439582827	0.000590306357081
2.18233833375	0.105064467782	4.86498955278	0.0655970737648	0.000878885046992
1.09810852018	0.0504089647373	4.1171731816	0.0588160353564	0.00075098691739
0.950500400576	0.0764915837752	5.03369375333	0.0629062755346	0.00097075078917
1.50790664374	0.133640188371	5.12382304366	0.056713212384	0.000967704608494
2.12117154156	0.100388231671	4.82274209633	0.0770105594168	0.00064736181993
1.65914041658	0.0393332987743	5.5367470714	0.0641818975714	0.000803700382501
1.65551683186	0.081246756857	3.83025657092	0.0744294192552	0.000847203776952
1.84292095976	0.0872486742455	4.57561230349	0.109709657931	0.0008432207171
1.61007434554	0.0893102872826	5.29547115781	0.0736309115512	0.000687388065205
3.51472882345	0.158473224498	3.29016202925	0.0866054113397	0.000984428136601
1.77762059606	0.0394048395999	2.62231498401	0.0516687798679	0.000733308758744
2.01740019425	0.0843023211697	5.2597145788	0.06611695314	0.000697593429067
1.80450097785	0.0885555310773	4.52106663775	0.0839554558241	0.000947428527853
1.46227414958	0.0766192170569	5.15908163028	0.0711829601562	0.000779050151072
2.17604369226	0.0875514462814	5.15162366116	0.0790788442909	0.000819064346753
1.58053451324	0.0774278355851	4.74535564553	0.0816296518825	0.000811682459575
1.95784510856	0.0835313768743	4.62302701231	0.00429349373613	0.000622809604734
1.81264821852	0.0788367759795	4.76662985414	0.0882705369554	0.000678843856672
1.84381027619	0.0861865629574	5.03225604567	0.0812888181483	0.000506135779572
1.77119445191	0.167429556475	3.31883587359	0.0874763671089	0.000733084453363
2.00121478502	0.0769569506249	4.7435944545	0.0775406301507	0.000710044000124
1.97124987924	0.062492727148	4.41161994342	0.11517310848	0.000866716448202
2.09964538823	0.0847450138948	4.78415092399	0.0740770894188	0.000690958964778
1.68422690357	0.0440455794752	4.21100963692	0.0824489838567	0.000836882781672
3.89110606901	0.0251595026778	4.71261268098	0.0750581135101	0.000783837433042
1.54791633506	0.0535946094547	4.25413054011	0.0670097654379	0.000912582828482
1.94930016099	0.0866264280373	4.79354859342	0.0883515504577	0.000662231892797
1.74387022224	0.0937099854095	4.97009336806	0.0541950603346	0.000965918311153
1.67181776123	0.0966342740896	3.00153453942	0.0355932642361	0.00102021103863
1.76072370675	0.0970607773939	4.75995542596	0.0623816189362	0.000798223205484
1.77329978587	0.0722546577752	4.60726798833	0.0765680606778	0.000920128227181
1.61957786785	0.0493204754466	4.57165114021	0.0765306290638	0.000772006352524
1.74791273095	0.110026351592	4.31948124046	0.0502856732317	0.000696505062361
1.67773877416	0.0866040725921	5.73097618574	0.0621288629768	0.00090249209774
1.8748385819	0.0943361403469	4.27901902216	0.0650969563018	0.000588683862062
1.68458037935	0.0863288642312	4.32797246944	0.0889223536556	0.000859060378645
1.74872312168	0.0818753373591	4.70809093624	0.069110332392	0.000857907316144
1.53642324626	0.0614930885374	4.63766875082	0.0950773303061	0.000805913218476
1.82792476756	0.0986274261991	4.93954931062	0.0555611190559	0.000956487200756
2.17246129128	0.0868195529369	4.11943718112	0.0497554332569	0.000767998861573
1.62776212742	0.0845472304936	5.03302919917	0.082866534862	0.000774976104163
1.71429682204	0.0985630437569	3.40922653376	0.0774702131891	0.000802008698785
1.45084556319	0.0667759939127	4.90053480144	0.0691526036397	0.000666239216315
1.97984246354	0.0789189015942	4.49133198998	0.0624186652509	0.000945071387762
1.6884151396	0.0794965304141	3.32815464121	0.0697508310234	0.000888179852776
1.47448923839	0.10250760388	3.30953840573	0.0805753625927	0.00087907171344
0.751739425977	0.0827965556103	4.74539353196	0.0738638299828	0.000872773484097
1.49259164185	0.0891142243634	4.27509372864	0.0984733879376	0.00070502844069
1.68779544702	0.100919573723	3.18590042127	0.0865552721708	0.000583982187297
1.66863348099	0.0370493123368	5.11971286349	0.0651501550439	0.00087782506022
1.68662760977	0.0728808899073	4.73982416026	0.078112206234	0.000774534016208
0.920482892756	0.0928849216949	4.28661595156	0.0734640938477	0.00089858802894
2.29770947824	0.0826722166915	5.2782650871	0.0752303402603	0.000795037889467
1.38458949993	0.0349728215525	2.74340741809	0.0846014953814	0.000875916661171
0.889396816074	0.109750308087	3.89867525771	0.0750355478792	0.000652981675129
1.8792001608	0.071885100815	4.75148394298	0.0419095596378	0.000917431870522
0.821224252142	0.0817284254424	5.40132358468	0.075705721696	0.00063600888096
1.6162439806	0.0932589350964	4.13764044649	0.0929994704028	0.00061634468598
1.49694669166	0.07170136902	3.8663113674	0.0638138260271	0.000607438094791
3.8130554726	0.0761844396502	4.8175098655	0.100406208033	0.000611574003834
1.67060321028	0.0484278859035	4.72944198536	0.0883095986706	0.000646866641222
1.68286824192	0.0869499296271	4.14384459081	0.0631220328726	0.000635738842239
1.42333507088	0.0710052322766	3.73549284403	0.0796617026769	0.000886358480883
1.46407488188	0.0671756452932	5.76629432193	0.0352505403549	0.000809863392218
1.29186194778	0.0901656443273	4.66914735191	0.152004879087	0.000721917565611
1.59126965887	0.0707450770133	3.39142394459	0.0948162764356	0.000763507615171
1.4868608211	0.0776497446561	4.23980050273	0.0866371602482	0.000882069982204
1.92534045045	0.0826837476578	4.46587651474	0.0524196382663	0.00077927699518
3.49846848105	0.0740254912786	4.45257499329	0.0679620302313	0.000817646157558
1.54055335697	0.0844660950244	4.60898614042	0.0328811912336	0.000817299238698
1.48992968603	0.0780430740883	5.64165207271	0.0369336012298	0.000964170750039
1.31661931397	0.0951849396796	4.52041124754	0.0748698703968	0.000833309524186
1.74741587415	0.101183765646	4.65806520498	0.138211687896	0.000752645643063
1.76650068067	0.074544839991	5.54817342923	0.0686911738601	0.000776735191745
0.64892088799	0.0773069226962	4.0987308119	0.0335107440208	0.000937744219261
2.28589819631	0.0890371223137	4.89552631664	0.0591795185385	0.0007962701931
1.7152638909	0.0488129794803	4.10234139854	0.0353796914769	0.000667022095925
2.18627552935	0.0808728687325	3.67554331713	0.0951615381725	0.000635369985103
-1.64657447692	0.0841431992793	4.34679757813	0.0937242226173	0.000859014016825
1.36883372239	0.0812432572485	4.41686352331	0.0768494005598	0.000926853595927
1.5953928578	0.0792007315622	4.01905233113	0.0991600905877	0.00108826287722
1.81260126401	0.103376850786	6.19955278672	0.0916573370705	0.000615808495759
1.7431264751	0.0674791266897	4.69115248552	0.100826001829	0.000839446139588
2.1658040248	0.084806454013	5.42907464113	0.0798846853279	0.000714189615082
1.17161912741	0.056813798032	2.9214303103	-0.001790715668	0.00102489170731
1.66843384205	0.0641725138816	5.42202602491	0.0540619659116	0.000746652948755
1.41048598037	0.0768554618085	5.28677058817	0.112819998887	0.000732793345349
1.43348437032	0.0930299761812	5.59454875836	0.0668268768978	0.000927680887656
1.80254541474	0.122238388295	5.7648007061	0.070956037636	0.000792732012805
1.17330962414	0.0875838974103	6.12751474359	0.0496984600398	0.000707897137578
1.7935385502	0.0861085111088	3.31506043656	0.0948719598106	0.000742658078286
2.11729600931	0.0614287063789	4.60461555982	0.079364559765	0.000638668876989
1.87520561619	0.110126024993	5.1184498321	0.0950081628538	0.00091406611923
1.48036697395	0.132776124618	5.79852453654	0.0789761869449	0.000995129744739
1.75074060155	0.0957826601646	4.48704733074	0.077003635915	0.000800680822418
1.43452543216	0.070496459108	4.72533718431	0.0671069988459	0.000784476769564
2.4188042478	0.0906800231354	4.86434507202	0.0872799101641	0.000983878691036
2.01261012669	0.0818537140997	5.660995554	0.0701545181933	0.00090100477865
1.76451107815	0.070854541266	4.3691572373	0.0728115307199	0.000699421058207
1.60440671894	0.0798473003731	4.37253444985	0.111282610965	0.000689674914734
1.28928833465	0.0850454424455	3.84103603206	0.0677239345213	0.00072656669914
2.18774647184	0.0874410656213	3.4792447635	0.0966063868582	0.00126276092212
1.6437253048	0.0619647164994	4.33015042593	0.0576755512782	0.000932998019531
1.81025219206	0.113779081814	5.1362196511	0.106339714853	0.000781086077821
2.31033687174	0.078605507634	4.35445945897	0.0850621224007	0.000815562317756
1.69700819804	0.0943256429931	4.6892211603	0.0973095094926	0.000788338808013
1.66682290335	0.0889253060138	4.22572932257	0.0844406469992	0.000886222777727
1.37270763755	0.0736300516427	4.45836946577	0.0732173249126	0.000930084997296
1.73630599285	0.0955088372561	4.55904112903	0.0419449367365	0.00123657561051
2.46305822796	0.0972572763944	4.91834091424	0.0775845498788	0.000706615136672
1.76298052784	0.069114473765	4.41545020492	0.0940909828971	0.000753433276436
1.34427209064	0.0910348402655	4.76542940772	0.0830369517754	0.000902269675391
1.73644749932	0.0471690639301	4.97648626836	0.142099372541	0.000784236071037
1.68002715653	0.108723006113	3.72608170434	0.0931026854703	0.00095933325357
1.67247011527	0.0757667965864	4.26699802949	0.0819396325142	0.000817559437332
1.87116763687	0.055304114983	4.21776598781	0.0801988965289	0.000978810122746
0.669219830314	0.0928526082202	4.76998606747	0.0988954171068	0.000931272647704
1.99292114726	0.0828112200332	4.67326457504	0.0545564016232	0.000826571341712
1.83654945102	0.0873538026603	4.67832611747	0.0872657897332	0.000882073978125
1.58364410132	0.0844304199431	4.16409421759	0.0563356728197	0.000857179129959
1.70026886639	0.110102949282	4.66589529836	0.101693912184	0.00053008506318
2.06546854211	0.0802188695497	5.14026198017	0.0724654904936	0.000794129046103
1.44103102936	0.0830597048269	4.65184209718	0.0660449784953	0.000837268222364
1.88880025996	0.0851982845202	4.48411677738	0.0796345639515	0.000774753184438
1.64476712987	0.085647531466	3.78388245269	0.0925554962594	0.000609702794257
1.70031164227	0.0857896421146	4.14227576536	0.0617844411505	0.000813253848057
1.85743558298	0.10712899405	4.81763768891	0.140313732351	0.000635738425504
2.64581693095	0.0886074568361	4.57014238092	0.062573820235	0.000629310527569
2.05177617067	0.0878632352886	4.80996362943	0.0649167942161	0.000768860907036
1.58809373029	0.0728615656011	4.88728488744	0.0693571056502	0.000659881676007
1.64641183446	0.0709196965017	3.84705098607	0.072240664282	0.00113084165007
1.64912490511	0.123088106812	4.46230591368	0.0825996593146	0.000765568349838
1.3855371159	0.076743396443	4.13731188194	0.0574548882981	0.000816317170973
1.51926428718	0.0864434536714	6.04891021495	0.0589365503184	0.000818520974832
1.14886848696	0.062894339976	4.96562234209	0.0826271049631	0.000700447137423
1.64846352619	0.233044908552	4.71711112211	0.0260421722444	0.000845732596183
1.4306486482	0.0933612227155	5.15899593759	0.0648332996035	0.000851192820379
-0.155547360297	0.0609220775667	4.8442666326	0.0633946099139	0.000703928082776
3.10122752341	0.0627839491817	4.63548693529	0.0696701614477	0.000661913881508
0.852047360632	0.0738770253718	4.5079726294	0.149081706698	0.000699359581304
2.49214413706	0.0675564105727	5.27259016518	0.0585792307115	0.000648220599338
0.706630653375	0.168608297633	4.78894309562	0.172400128133	0.000534430757112
2.01032478127	0.0994875206422	4.2656732897	0.105121392849	0.00095863976361
1.68434777293	0.0787604215498	3.69582668611	0.0664196017096	0.000867845296409
2.07990842879	0.0929359154741	4.72281408292	0.0806592237606	0.000597165713875
1.74030923235	0.102278993895	5.46374428436	0.101800492098	0.000721949391587
1.32900440218	0.0764294216463	4.4672780025	0.0788672366852	0.000888767056715
1.73408861845	0.0851691706491	3.92705455434	0.062367537505	0.000698058921829
1.60907161523	0.0710130570604	4.82620163509	0.11066788358	0.000747266861656
1.62841066388	0.0864605598197	4.18097578854	0.0747265021575	0.000884942010212
1.60949585158	0.0442796218042	5.30290693997	0.0532772239517	0.00052456297321
1.65816911579	0.106426279665	4.13531050575	0.071501753036	0.00100968912259
1.87562336984	0.0702260128953	5.6313133613	0.118053445909	0.000835078850498
1.1433185972	0.118968778371	4.77382220929	0.0737778936818	0.000966534752925
1.82325892885	0.0769312826415	4.57802476337	0.188692709994	0.000728819402034
1.87363872926	0.093944726976	4.3386784429	0.136624752597	0.00073606306324
1.20716933405	0.0802552885352	3.99451273934	0.125167634471	0.000586769180069
2.42733280116	0.0605808111286	4.29850671912	0.0457963984948	0.000798793554022
1.62200889726	0.0598537561044	3.62236985677	0.0623418459185	0.000785931399387
2.44269380666	0.0902897798855	5.27343660519	0.114137187862	0.000591158525179
1.75378055845	0.0747958275427	5.12642076155	0.0779708419111	0.00065400069991
1.88230528519	0.16203945308	3.84183792908	0.0571552096113	0.000912920031661
2.51257445072	0.0817568243135	5.76438003741	0.07542059438	0.00103578447684
1.66641046057	0.0813137566991	4.99089356257	0.093746504119	0.000795461079973
1.50123437389	0.0837445624834	4.10491110988	0.0472158730532	0.0006957002898
1.57591155608	0.098501656609	4.06206832996	0.0865359242072	0.000779525664917
2.27746679417	0.0750506582793	4.46668589643	0.0734879227311	0.000573830653994
1.57565809498	0.117654758232	4.06954033232	0.083439605948	0.000880963484406
1.66975586178	0.0681518286993	5.82339982477	0.017361088429	0.00082896434523
1.6827091869	0.072042209858	5.64519548538	0.0616961020583	0.00105816030081
1.67595114389	0.0812762095012	4.54034674489	0.0671760131603	0.000980348868721
1.20139969094	0.0865624104777	4.37201308621	0.0726363209022	0.0010457850389
1.54220153503	0.104157213553	4.41993720124	0.0773625375895	0.000846340675762
1.68084848136	0.16794358771	6.1414593382	0.0630731336428	0.000661674408638
1.00912337042	0.0666695166351	4.3343415365	0.0862866675548	0.000594596255536
1.05258726377	0.0968161297041	5.27275629679	0.0716896360671	0.000810649580822
1.87114521274	0.110258759576	4.72115923397	0.0944056162211	0.000747837624259
1.58738239551	0.0784058375191	3.88943026906	0.110907102901	0.000635640829751
1.70765544253	0.105149121055	5.40668368766	0.0769957436847	0.000584646979458
0.601162031326	0.107104660825	4.36239565539	0.104393752795	0.000776653208115
1.77418468441	0.0862840507832	4.34651293159	0.0728212449093	0.000549083788943
1.78679784914	0.119951747941	4.1633284691	0.0100579597007	0.000535977487656
1.97655798831	0.0855232702076	5.21445784624	0.0562078492846	0.000676369752284
0.906339009375	0.0759576822043	5.04380021509	0.0650998176079	0.000829547085911
1.92281868072	0.0783992182358	4.20354966427	0.119498008938	0.000530854363078
1.22202559937	0.0775654593316	4.57344895957	0.0865142625286	0.000835128844635
1.74733587163	0.0503860544307	4.55620005516	0.0718555892666	0.000694680520816
1.55427937159	0.08813712692	4.49753526224	0.0798561553755	0.000980186855203
2.09130041676	0.0872362697682	4.44621244617	0.0487208650753	0.000713327869848
1.74912221089	0.0804497564013	4.6074038533	0.102370860075	0.00076983232052
1.98942971003	0.0918435840217	3.52266116035	0.0857433753569	0.000846259945257
1.97389481603	0.0887984510293	5.29201868578	0.0852518547401	0.00060343003641
1.19181879855	0.0900180940236	3.45373196358	0.078045649323	0.000798351739705
1.9152418904	0.0737436209286	5.34261651199	0.0375404322902	0.000811900813611
1.46691804766	0.0872452217332	3.70336127394	0.0834254838363	0.000978263873902
1.71181242885	0.0203473260894	5.18853653811	0.0570530109579	0.000774933128234
3.02791575648	0.0744538985407	4.62358186168	0.0758704817027	0.000800661938641
2.04543322151	0.083049576948	5.3754096962	0.0630713992534	0.0008925594065
4.00203806325	0.100784096095	4.23244574803	0.00972275254375	0.000627087802193
1.89109318418	0.0718737438537	4.29820756694	0.0798452933309	0.000759246688045
1.56724468229	0.0827665484627	3.71423904742	0.0791615515322	0.00081792839131
1.69413375727	0.0810670603122	4.7088606271	0.0975060999228	0.000990363863897
1.4002205493	0.0870233607793	1.97806971015	0.0686079183754	0.00079844587532
1.38540851084	0.0342685659445	4.75602402191	0.113882498584	0.00079670873193
1.74797262385	0.0434160985872	3.0396864588	0.0707471897576	0.00077753083661
1.54382081391	0.0842803920142	5.01800622877	0.0759380986245	0.000750552846175
1.40710133937	0.098468506784	4.87048234174	0.103047312328	0.00104783928983
2.16332366264	0.112277074179	4.37476838467	0.0197066527149	0.000821472371817
1.51747709257	0.0929722002609	4.25477127273	0.0782115946081	0.000594107493409
3.04953498612	0.084285839647	4.19977244247	0.0764055666937	0.000695522028604
2.98803223414	0.0837017258269	3.31538842147	0.10261462145	0.000713734330982
1.44181548106	0.0825024874931	3.85253161227	0.0869769491872	0.000816694629797
1.74774538684	0.0786822359438	3.62945745545	0.0584039513153	0.00100015123241
1.84103901618	0.16465994259	4.62392911936	0.0715011808629	0.000674136021
1.91853875125	0.0797019071311	4.5707970419	0.0896627783986	0.0007545841854
1.34763352191	0.0826389978224	4.48357107522	0.0584922210146	0.000718869126984
1.53328353309	0.0817017729045	3.31382112302	0.0654709534138	0.000974367408424
1.65732793078	0.0614312247727	4.34212732238	0.0733713711106	0.000886673415126
1.84497965323	0.0746984904946	5.21136301688	0.0376940759916	0.00058882548952
1.57984278957	0.0815480613764	4.0546894	0.0772482291441	0.000884331612518
1.26634648251	0.0853110034849	4.58509572196	0.145021940282	0.000719156061815
1.6050168919	0.0872171936432	3.78279475632	0.0922978437859	0.000951511424845
1.58168310281	0.031324312124	6.10627790003	0.0129136523118	0.000708145805773
1.27962181692	0.0478474596998	4.56595917023	0.014176860536	0.000845238113707
1.79613614619	0.062079472559	4.00331338953	0.0543672228538	0.000887834831575
0.887777637091	0.0812717196863	4.64575234647	0.0779678137597	0.000703314580191
1.6881264787	0.0874653948721	4.87585836429	0.135530577673	0.000722848599977
2.16106279957	0.0730655444319	4.2459444305	0.084818216907	0.000872337366087
1.62847174689	0.0854407171859	3.24665815976	0.0710187947037	0.000733489245563
0.385827275343	0.0951618134525	4.53401178698	0.0841864185867	0.000757273453964
0.893138481988	0.0682914955479	4.03161316172	0.0731842588636	0.000990407241146
1.14212592724	0.0961290077329	3.75885024189	-0.0166470965244	0.000795976135988
1.38315859912	0.0849259279936	5.25818314079	0.0620613491102	0.000850197437441
3.28310668246	0.0930361232673	5.86185083532	0.0648707496149	0.000793645677205
0.876208839174	0.0786365914828	2.85794237779	0.0694520437868	0.000864697847153
1.7431175804	0.054165968545	4.48266718236	0.0637194469091	0.000856520621147
1.87175625923	0.0722901904181	6.13034138244	0.0460675585196	0.000522868739337
1.9704263203	0.0778899873065	3.73065766262	0.0542770782212	0.000795954820382
2.42898088459	0.095953168555	5.42297753522	0.0789361571541	0.000676652161716
1.28807265116	0.0821482458276	4.16273122148	0.068484702791	0.000915411734148
0.842383537377	0.0940072017599	5.6337809199	0.0397515722407	0.00066174468695
1.72732107421	0.103892931282	5.18837977507	0.0792123092151	0.000705242627138
1.73822181325	0.059035150748	4.00242554017	0.0625871398715	0.000895698523725
0.724528808514	0.100752089944	3.3842337371	0.0146008822019	0.000851256196558
1.65963541454	0.0865884732322	4.43505975916	0.0548589340964	0.000612837793818
1.50004693767	0.0946984097627	4.74286138534	0.077999028841	0.000846950407107
1.81374687025	0.092589634528	5.37625282872	0.0823943633183	0.000795005626124
2.01407128171	0.102958856548	3.79469047294	0.0803411803679	0.000904963019439
1.68401174466	0.0676344392515	4.70183931974	0.0816441878253	0.000612330331007
1.8464467985	0.0773375642307	4.76579952976	0.0557905416245	0.000612688853949
2.04896989949	0.0956522200267	3.97205481779	0.038682626778	0.000839316489087
1.54700956726	0.091018311783	4.11048402559	0.0696868080081	0.000980200997412
1.62553347457	0.0813825636824	5.92396066401	0.20005123316	0.000626470481694
2.61552486542	0.157629104984	5.67447414678	0.0224220032581	0.00088822267714
1.52245920758	0.0837830849832	4.709115923	0.086090920539	0.000743914419785
1.2521397051	0.0834755024762	4.91982712059	0.0601975711282	0.000860017035384
1.34160170248	0.093608149742	5.21594292443	0.0619279840988	0.000871616414853
1.65305318887	0.0879019663562	4.31337241648	0.055218318268	0.00100259196535
1.86346738585	0.115268826093	5.75439667902	0.0605437529073	0.000590530392555
1.75164250152	0.0964500625255	5.00980913317	0.0743624622867	0.000903391644016
1.62504550642	0.0759898378402	5.46749264522	0.0646674109014	0.000719656840301
1.58974843152	0.134272555291	4.03316021061	0.0367079972246	0.000939042896993
1.64744993805	0.0668747179967	4.41162541567	0.0236205615274	0.000970383114355
1.70141030234	0.0800797139123	5.89405829266	0.0126127852698	0.000780081785935
2.78574661612	0.0597734929981	4.1730252858	0.0795416469043	0.00096704985424
1.63731467743	0.108328593549	5.03774086017	0.0810542088382	0.000693273243086
1.54846079831	0.0844455418624	4.70393056415	0.0793554509627	0.000767139328092
2.08532373764	0.0684686238965	4.37882922273	0.0683868220169	0.000695806820688
2.27674709407	0.0848974451356	5.12758067429	0.0469710597015	0.000880055901269
1.66074912722	0.0910899151184	5.43924899964	0.0453307063317	0.000917376994459
1.99411598016	0.0812741945068	4.53976977781	0.0858183033004	0.00084805780997
2.09282087325	0.0745410632229	3.74680276514	0.0814797763234	0.00046905651897
2.60116867244	0.0685514076132	3.21046779468	0.0694166137678	0.000715828191934
1.90998912268	0.109184568138	3.88929421713	0.0877021813127	0.000843654329942
0.616375715689	0.128581356028	4.35948574212	0.076746417084	0.000948186369239
1.70963087021	0.0820094424907	4.35953193192	0.0700373240312	0.000804616058744
1.99333121882	0.0777429935312	4.47760913514	0.11195675404	0.000622360735806
1.71836621276	0.073643073619	5.65525075713	0.0544889433024	0.000615033874432
1.91361527613	0.0685881456283	4.9187986983	0.0337816586839	0.000768494277362
1.69913915723	0.077497717762	2.73027774243	0.0884031843123	0.00084661281501
1.46123651383	0.128912828572	5.04214841166	0.0315875265128	0.000919962623291
2.12577942797	0.0830507193489	3.34476657984	0.105780401399	0.000788455152009
1.66246775886	0.135209096187	4.2038463399	0.0587857834158	0.0010764813336
1.02810339376	0.082400696016	4.13771917736	0.0828384520865	0.000843118781748
1.6103127584	0.0824600882222	3.85886227393	0.0676194206848	0.00102527385058
1.51534293356	0.0706838472173	4.70391942584	0.0808284277746	0.00103057206931
1.70680321763	0.0674431991592	3.5308256111	0.136879714232	0.000785428358012
1.52376529736	0.0680200582223	5.20719801894	0.0830371879102	0.000672868765917
3.4000247982	0.0907753902678	4.19999135923	0.0642415419657	0.000591298752567
1.66229824001	0.0852448623077	3.55563712642	0.113978925892	0.000778871230509
1.40865038379	0.0832084584703	5.05948416464	0.0705908990953	0.000691971520606
1.6776842074	0.0639826039399	4.75015824215	0.101112206414	0.000641657105854
1.68199922806	0.0809313822154	4.92372702974	0.0540505304447	0.000673228953238
1.72665958558	0.107790058978	3.6685182976	0.0713057376485	0.000763849402802
1.51770017364	0.0863898888974	4.77569637595	0.0722719890136	0.000962863442608
2.17358310563	0.0976724465782	3.1069514816	0.0682467140894	0.000986111914791
1.39411099085	0.0971755344714	3.37024191993	0.0741164757665	0.000897418845078
1.45337571092	0.0889620291651	3.35426739959	0.102821874019	0.000893634406057
1.35633652471	0.0684108352886	4.26684543943	0.0678646953033	0.000930984491245
2.39533847648	0.0532870554805	5.1034812469	0.0653991720809	0.000663689588836
4.10140230125	0.076580881585	4.56562183634	0.0782721569635	0.00104837599973
1.53882337593	0.0791880647506	4.77806136418	0.0657796815938	0.000833173844353
0.420790027452	0.073749826225	5.32101020365	0.0646194019878	0.00058356096782
1.87558597721	0.088115770664	3.88462782381	-0.0361926918932	0.000690269737732
1.64192215734	0.0795397889039	4.55239051191	0.0792851217853	0.000830020874459
1.73113674041	0.0912629141731	6.05080473139	0.0556842343851	0.000540372990561
4.66559110902	0.0910535219444	5.18693843107	0.068864207081	0.000843844899415
1.51900075505	0.0538087244263	4.94137948159	0.0995733850194	0.00111727923293
1.91141099703	0.0833086402335	5.10624545722	-0.0213199778144	0.000915536173415
1.69055276101	0.114037949175	5.04967352465	0.101571904113	0.000819858131934
2.10420488351	0.12637951092	3.279351714	0.0453155545502	0.00103704372459
1.6394209118	0.0820930427989	4.31406810684	0.0866649851828	0.000711905355411
2.52125798989	0.0687686261338	4.14487562135	-0.0142496544859	0.000827641342384
1.76312644673	0.0933834788868	4.18813338893	0.0629154022283	0.000769176947096
1.55502852358	0.0942644920894	3.64837096195	0.0923319821361	0.00106993157205
1.79300873661	0.0832243836819	4.63828854478	0.0527155674006	0.000687534537189
1.72790551486	0.083326373862	5.79165900306	0.0610204884203	0.000652627599594
0.657667787588	0.0886368656007	4.74155702154	0.0640318180575	0.000744456452688
1.54822134162	0.102079311432	4.56997951632	0.0701722933185	0.00072160576847
1.71716288795	0.101490695141	4.24607221142	0.130067046808	0.000926226637034
1.70966376065	0.0643880934214	4.15971848341	0.0819995285472	0.000781542435902
1.86138342855	0.0627638339274	3.58985048002	0.0593244622337	0.000983567927031
1.49349494948	0.0785210639148	4.23138564169	0.0520716140713	0.000826691956167
1.51958993328	0.0665802832544	4.81320139232	0.0798901669558	0.000805079318475
2.71015646882	0.0730295423692	6.12298951267	0.10532962341	0.000636860466139
1.71394481501	0.0812826024937	5.8005414233	0.058817423176	0.000680415957921
1.30934268148	0.0784999254969	6.02975530391	0.044668673689	0.000628613574046
2.01166856932	0.0837227865228	4.44581357202	0.0787091524552	0.000698909843076
1.37233111886	0.0653701225147	3.8230866335	0.0716168756231	0.000644645507483
1.40674826052	0.0596519664341	4.6811697043	0.0719169856822	0.000799684968791
2.71854064304	0.0883019760162	3.32071129731	0.0433803628188	0.000948673271247
1.67546995327	0.0781533175682	5.35574501197	0.0529624703305	0.00093915141879
1.55500430969	0.076340668009	5.48731600632	0.068008817435	0.000773620511467
2.39504990675	0.0686852541913	5.3830424757	0.0857056006649	0.000688108554326
5.78290371874	0.106491722876	4.11443803772	0.0609182377321	0.00076070394525
1.77619073462	0.0606552452489	3.58231929881	0.0961091947506	0.000826553824726
2.04557729379	0.0885923358976	4.46395250629	0.0880778925731	0.000926434187561
1.69526784699	0.0642699359591	4.17016271955	0.0754714398737	0.000759092868864
2.58178633801	0.0579598324569	4.48633606412	0.0958684157202	0.000804181793625
1.74277211303	0.0365000211438	3.5001848414	0.0781979367079	0.0007056411626
1.58071516186	0.0764665257618	4.38511727398	0.0835154752615	0.00101308141811
0.191875775362	0.1115216676	4.87286777139	0.0896611954875	0.0010377859454
1.71646848224	0.0811108548884	4.26627447313	0.0801125965439	0.000785119909222
1.5497092802	0.140611630554	5.09199739579	-0.0247006700441	0.000813858758545
1.20573785417	0.0746946838724	3.88245073451	0.0804030093882	0.000939344140784
1.48832959124	0.0933229575235	3.59260768401	0.0986361315599	0.000758705565092
1.63607158563	0.118617711593	4.71290673385	0.0801030194583	0.000894968167819
2.32656265895	0.0806425581371	3.83010190501	0.0762341098746	0.000784635629644
1.62867319609	0.0896140229828	3.45945866212	0.0613693279523	0.000715513412074
2.29308585444	0.0867758160024	5.02898656082	0.0665337100247	0.000712204499276
1.65548177708	0.0925625243887	4.56595441529	0.125062808112	0.000812275528162
0.849907775175	0.0739426162782	4.84835906873	0.136126459243	0.000630322829598
1.65164119936	0.109787646115	3.46740566671	0.0764113236854	0.00100467382027
0.511168942283	0.0785234958787	5.05940386496	0.0669651061601	0.000853560709813
1.73611420127	0.0478437903817	4.48933305341	0.0794367005215	0.000754703892373
1.01219476863	0.111398562143	4.07392626151	0.146776956877	0.000913942144462
1.74841852447	0.155806601799	6.13473769169	0.0238561078817	0.000670685096587
1.62899728809	0.0644991764258	4.73893937398	0.0983615805621	0.00108078007896
1.76590405539	0.0422710350796	6.22251853046	0.0681463335713	0.000850330577688
1.62463629867	0.0874700568098	3.67424693954	0.0794632437229	0.00100744562096
0.753876809925	0.058632855626	4.2487100309	0.0749404621306	0.000915337873281
2.24104927662	0.0783600652451	4.94000614237	0.104706512374	0.000788328245724
1.5752798353	0.0688742077575	3.84351320751	0.0774675545053	0.000909274657457
3.09946424744	0.0759473779295	5.04074610399	0.0570286275879	0.000842816645945
1.50930146144	0.0812525517168	5.42170686466	0.0639941377575	0.000791144842004
1.55317639416	0.0426975798899	4.02870065787	0.0600648693458	0.000980613853695
0.662456075182	0.0835882360677	4.90260542648	0.0420548440169	0.000821522809043
1.70188917188	0.0899239261806	5.25017414206	0.070953823682	0.000631499950951
-0.726432571295	0.085478573524	4.16407744497	0.0695890835738	0.000976839534262
1.9327375274	0.041269870881	5.16100265555	0.104348573334	0.000500523409354
1.51036947922	0.0853199384759	3.8889973248	0.0704240116284	0.000990754428672
1.70139217522	0.0951082048152	4.95597679281	0.0674703375248	0.000868584452173
1.59977845218	0.0911640709709	3.70984547896	0.0723651828665	0.00100856245485
1.3697050068	0.0946189400811	5.10033051139	0.0762003527936	0.000646160953035
1.63917631397	0.0636058476489	5.63286191048	0.0716904738541	0.000813513298977
2.49253219504	0.104332496213	4.84248800348	0.073164973631	0.000901531656316
1.02457533213	0.0758521396369	4.34198675225	0.0939796334207	0.000792931348889
2.02081892979	0.0130855834197	3.34112122363	0.153827270239	0.000861579353964
1.55916167604	0.0838391013198	4.6355107336	0.0778280441894	0.000812926525752
1.58400166859	0.0820847038514	4.28901385652	0.0764054963734	0.000941459410653
1.787191022	0.0798634641492	4.77079740205	0.0967699497732	0.000917676299534
1.46601961058	0.0967830701453	5.11087702703	0.0772762467464	0.000638605589768
1.47498560742	0.121382294987	3.9390907958	0.0500673639444	0.000871339762421
1.59522274016	0.0855634426408	4.50203341598	0.071000133917	0.0010666842057
1.72723063976	0.0894489536965	5.2039145435	0.0570368764799	0.00061957951956
2.16346662831	0.095814283111	4.69958125628	0.0447549776991	0.000899389709453
1.99185240323	0.0810124902847	4.86598347136	0.0712612143612	0.000503873076779
1.6557947144	0.0961837264778	5.37854365062	0.0684169718503	0.000889539762726
1.31060026987	0.0447641952819	4.78249351695	0.0109069274347	0.000837707917247
1.54734166171	0.110394959369	4.26668869367	0.0628371406733	0.000932681119222
2.16328791495	0.0798420166785	4.17252661912	0.0806333314071	0.000719663593268
1.75502721455	0.0725551035961	4.51261951953	0.0524764959072	0.000693462724963
1.57889589789	0.081244977971	5.00181368658	0.0652813846935	0.000493026025331
1.41902807285	0.109085002019	6.01023327884	0.130688289966	0.000673313160904
0.586809848605	0.0921784864011	4.94336536746	0.085288891644	0.000712755228961
1.87181827637	0.0617211164377	4.42800578132	0.0490282158077	0.00053312501255
1.67335082164	0.0742294423812	3.96462596025	0.0871384777959	0.000894192810135
2.4385780482	0.0916067415431	3.05558601804	0.0654527074898	0.00102149367379
1.55533382065	0.0888473386338	4.56105098428	0.146347260079	0.000844010904824
1.88345668148	0.0746422215163	2.46236252795	0.0799324799648	0.000787872924166
1.68894934609	0.114889871605	4.63412876821	0.0780469201823	0.000884237087315
1.56368765751	0.0852494508815	4.30287228215	0.0781170657832	0.000728818877263
1.73601257673	0.0808267283563	3.43632607302	0.0913742586391	0.000812451022198
2.33940087597	0.126711442409	4.27910426704	0.109620053315	0.000710957176157
3.32586867801	0.0866904550525	3.86015988233	0.074648270179	0.00127112633429
1.65009189217	0.0792377246778	4.58893530295	0.099932809225	0.000820376563532
1.85851952367	0.0773343899817	4.04748599696	0.120185982141	0.000823880434099
2.12899679981	0.0769349168046	4.71851077382	0.0812796389025	0.00057827132216
3.10219447457	0.0883806465217	3.89481129856	0.0783837795949	0.000817684496135
1.7400238573	0.0937523571116	4.09736974852	0.0777346866451	0.00093734203369
1.07280236688	0.0371159253836	4.76943037008	0.0875995066501	0.000755904608482
1.17462181225	0.0837760891175	4.92760585994	0.129990861957	0.000724632513236
1.63106510659	0.0825019788413	3.4779541693	0.0429161106235	0.00100765185617
-0.0818169695534	0.0857637302739	4.80596234231	0.0856111322508	0.000813503132604
3.28645773014	0.0918301587463	3.62215759661	0.0819485402061	0.000574211228211
1.89181645162	0.0628206488422	4.51620293039	0.0965981141218	0.000704357769808
1.61123612746	0.0883270652919	4.14860329812	0.0975165110852	0.000567323543541
3.47616888626	0.0898460251343	3.18349049308	0.140490784232	0.000684624464074
1.79336984591	0.0867840454656	4.87926139877	0.0938239696288	0.000818650503165
0.666736062536	0.100055761459	4.73841343547	0.129308364093	0.000948201986043
2.05227081183	0.108888507744	5.07386311288	0.0778469976147	0.000787257667786
1.68932294485	0.105208418564	4.66800803601	0.0616551302279	0.00074389671344
1.60770137877	0.0828333473674	4.53716781682	0.0657858532776	0.000815010449516
2.56723518308	0.0602356383706	4.07539762005	0.0617493064397	0.000703431006975
1.74545950871	0.0932340510372	4.85578238568	0.32032851799	0.000800999631637
1.10725325176	0.079828377853	5.72844987818	0.0948991755594	0.000758762854669
1.94863804713	0.0934681643898	4.91228747195	0.165250793451	0.000796385904701
2.81178918324	0.10759842607	4.46399473072	0.0774094079119	0.000693178003009
1.55294367011	0.0891656515732	4.5989336774	0.0619143240995	0.000970225279807
1.02628633625	0.0408332985153	3.93224790182	0.117168961728	0.000805008280642
1.34397093541	0.0851435927884	4.05072788347	0.0806027209106	0.000817237708855
1.24586875665	0.0353409336731	4.1752537795	0.0731172302619	0.000980155428314
1.9583833646	-0.0257905596278	4.64758073684	0.0649088447439	0.000810120544494
0.804420848833	0.0690723592946	4.54682075904	0.114418027076	0.000660288170542
1.44625303688	0.088676595156	4.63074400874	0.0968456460463	0.000979694664532
1.61856300489	0.0802719828697	4.63167082385	0.0669573736402	0.000745713102861
2.3801366106	0.0728535370375	4.31621817655	0.0786132042828	0.000663067871143
3.81125640568	0.085579879937	5.00543825866	0.0651157651855	0.000778210601457
2.6008093937	0.0770807994879	4.47874863943	0.0949462981742	0.000614416698248
1.31732705909	0.091020487835	4.1906435636	0.147969603909	0.000890064612512
1.96187213029	0.06734257383	4.93149507646	0.103644969157	0.000731154361495
1.75508952595	0.0823168043833	3.40935110463	0.0730451015462	0.000977175443942
1.4652429961	0.0963920963301	4.30002161988	0.0945556340015	0.00111881931382
1.32760618009	0.0436993175907	4.32692281871	0.075924260672	0.000718504187907
1.7569852231	0.0818037990336	5.66308484026	0.0938281327506	0.00076898649915
1.69030253576	0.0921632168607	4.67684824775	0.0972469370581	0.00100773792841
2.44228764433	0.0745155492733	4.92841149897	0.0709314812734	0.000901215618013
1.88660340964	0.0689240901681	4.07167770136	0.077283247257	0.000711757429548
1.52931809749	0.0818068419752	4.16701986545	0.0728246344952	0.00104475563806
1.94202405753	0.0754014885238	4.69522123165	0.074020907998	0.00113383372237
1.57046876815	0.0852506031931	3.98029417591	0.00474106299723	0.00086038639806
2.21996966492	0.0602902273365	3.20149211532	0.0838361094852	0.000721277457236
2.4988267541	0.0785770616238	3.71118400655	0.0782534613785	0.000690880338268
1.17937725116	0.0805753125556	3.74853798795	0.0703049399991	0.00101394419749
1.93679744745	0.0885939936904	4.20747265856	0.0347198006401	0.000749729966641
1.73557796883	0.0947530929963	4.26881444658	0.0799718749165	0.000693009264931
1.76650673104	0.0744874159732	5.18971210189	0.0915834891077	0.000925192809488
2.26231171303	0.102031734829	6.20492121281	0.0951798166966	0.000615242380689
1.07779206484	0.0781314374924	3.28326914641	0.0521263827102	0.000800949052844
1.91620460733	0.0985626697289	3.93979832589	0.0792424922374	0.000965575480114
1.65978051301	0.11685603874	3.7704377792	0.0510335377083	0.000820540936158
1.70298820385	0.0899851467413	4.25556630672	0.0468259526064	0.000846631530956
2.03978510884	0.0721723175103	5.42920706409	0.0576688194657	0.000605742989477
1.97938182251	0.0838565869109	4.77309381994	0.0559727920866	0.000921878292269
1.73302918343	0.0790873524196	3.75554427155	0.00952611229887	0.000613226084236
1.97042277575	0.0882279507576	4.12101645054	0.0551989153736	0.000785816811877
1.77049726075	0.0915135800277	4.66800762299	0.0528130585014	0.000496806388755
2.89385643789	0.0623778944281	3.31809684886	0.0786026596851	0.000584305657812
1.90584833222	0.0881326216853	5.2351532346	0.047227416276	0.000651681306613
1.44338351545	0.102115843741	5.2985496761	0.0464799078124	0.000678053084863
1.03394740512	0.0743806792815	5.17962208827	0.066886755268	0.000607194021466
1.85848507952	0.111241094471	3.97846258219	0.0141704632477	0.00072062148635
1.70142845662	0.146565565967	5.28524676907	0.0896307861956	0.000797632472081
1.57889216908	0.0938399093354	4.89195506913	0.0763071104966	0.00116743445518
1.53707536765	0.0769570546718	5.8587995773	0.0598619483636	0.000785738495727
1.6950966945	0.0741845167482	4.45784068886	0.0650675435739	0.000752523076707
1.7557594064	0.108141697314	5.27855290041	0.0569114248933	0.000734912165284
2.39704283368	0.0882310256399	5.39325525925	0.0869351113341	0.00103770311222
1.54950997643	0.15074622412	3.5483779406	0.101446699327	0.000839321753807
1.52297742478	0.145082860111	3.87999314751	0.119401236778	0.000835393916907
1.97564031644	0.0826198536505	4.09062598772	0.0842945594091	0.000524703450856
2.1171276382	0.0717661394973	3.90205868844	0.0798301371674	0.000826847880559
2.45085728965	0.0285901970143	4.70141500587	0.022683812902	0.000793676820637
2.35881161158	0.0878935719085	4.34055078389	0.0833709733181	0.000945550761359
1.71098388189	0.10780442925	4.67350868081	0.0512069217666	0.000721298158724
1.64627883548	0.0700697492889	2.76205459594	0.0509066356243	0.000928880454063
1.84397843738	0.0940433996142	4.12212773328	0.0909719278045	0.000858564658966
1.76016965123	0.0334465735088	4.67588534867	0.103470564211	0.000858572879803
3.01579275073	0.084837454897	4.67646435931	0.0496968420303	0.000808290117304
1.68627115782	0.0808354812905	4.37469694231	0.0733150471987	0.000637288457976
1.82292009333	0.111327144185	5.53025377303	0.0474602588846	0.00071765388471
1.33423903667	0.0905454921815	4.27000562015	0.0641261292416	0.000994036055536
1.6845233641	0.081648574134	4.99287147872	0.0747995797931	0.000666423075743
1.59421041161	0.130497041549	4.89970485425	0.0697731593136	0.000948616098221
1.6581107883	0.0738416901134	5.56315593667	0.0647888570693	0.000908992575116
1.7937640011	0.079571464899	4.68691072532	0.0858264572207	0.000760612514579
1.83156384893	0.0669033961642	3.65660483146	0.0818934409496	0.00103432680182
2.43944369688	0.0707161755467	3.52995177667	0.0815605798559	0.000727153196575
2.6603755223	0.0679301125002	5.20478363982	0.0731844418847	0.000624930247353
0.381985966269	0.0852701730813	4.66564662636	0.0612342997125	0.00100791356256
1.45976217681	0.0766059076831	3.21805222181	0.0794809415664	0.000946248396982
1.78948045022	0.103300125039	4.98821460971	0.0853679013216	0.000842770332683
1.88637434324	0.089819241905	3.5971440228	0.123621197365	0.000802704910599
2.1059993759	0.0813176683228	3.06206855038	0.0917317391112	0.000756798880623
1.64095897796	0.0965915858415	4.81876656071	0.0791357184446	0.000789062803201
1.80071956231	0.0770387839827	4.89800972505	0.0815391677544	0.00106164894222
2.08440276135	0.0923074873819	4.27952441947	0.0686014294369	0.000765048912398
1.82731748977	0.0642256482653	5.86126247654	0.0340823908392	0.00086779509109
1.84380925608	0.0722683711335	3.88343662861	0.182284432473	0.000622529958978
2.01475450628	0.0573736858969	4.12016375272	0.0962413725842	0.000872846470833
1.67750450355	0.0800804215703	5.16503679014	0.0751494296332	0.000888538499014
1.24814956544	0.0958216486133	4.67442058362	0.0763325405512	0.00100437267365
1.91250671461	0.11644429705	5.06494960667	0.0903163373036	0.000525963432568
1.49568672709	0.0808916846431	5.09989667386	0.0550170069562	0.000879248038248
0.405378379687	0.0883983086622	4.86141950954	0.0763520127699	0.000769400066951
1.52226547464	0.10546748709	5.28883579918	0.0793271177574	0.000730996386463
1.59169368566	0.0542735356162	6.08692329609	0.0698503886558	0.000802971863685
1.58593578715	0.0646656163509	4.26921726477	0.11103074394	0.000968102085967
1.67485659475	0.0782336128628	3.66368520655	0.0654410241446	0.000940519514253
1.68770192164	0.0879745295494	4.07032377621	0.132048343687	0.000789405215022
1.78734858528	0.121045089847	4.91664334137	0.0726129141999	0.000769700709371
1.77258539698	0.0811852703326	3.85493130738	0.0755528971028	0.000912656953232
1.42912711119	0.09003203509	6.03594379428	0.0630675083098	0.000730009043793
2.27781975407	0.0823544978399	4.67446354905	0.0586806743813	0.000770728904799
1.73160768893	0.100408629985	4.49615995944	0.139521884248	0.000687524142433
0.125983441092	0.0909878465253	4.13346983717	0.0795707651299	0.0007991330351
1.00774832309	0.0915214017573	5.64297993808	0.0578286483679	0.000796889179644
1.38749673822	0.0938027941105	5.81640799342	0.072144325301	0.00105776206385
2.16042968111	0.0578300707459	5.81062645321	0.102155319636	0.000839983375795
1.78836173937	0.174732356032	4.89227309302	0.0410042829884	0.000951128901347
1.68682604992	0.0696046472035	2.52305911721	0.118364308206	0.000871525928344
1.73942056416	0.08465501327	4.00130767831	0.0673514075463	0.000612115638365
1.57568448256	0.0806766475922	5.40257793903	0.0585713336856	0.000664334576283
1.6700230686	0.0692129657596	4.67612627681	0.0934252540559	0.000782931472223
1.50312240776	0.0938720019666	3.871559001	0.0813696083419	0.00085790677532
1.92550572916	0.107514862548	5.87913140657	0.051311199993	0.000512134606292
1.98048216222	0.082719864219	3.92884179247	0.0771675910082	0.000775217120713
1.89096608201	0.106862686041	4.29552721076	0.085214848431	0.000841043326945
4.0652857204	0.0770803303215	6.14414379714	0.0580897577686	0.000903601180812
1.76023170291	0.0702602007757	4.46378636669	0.0881609902352	0.000908415631434
1.75449949274	0.098368893586	4.03459973853	0.0808700518357	0.000997302274824
1.1880086097	0.0934490708443	4.60231541008	0.102081048049	0.000829365961277
1.64441099821	0.137498456767	4.68443422039	0.0818619288932	0.000875438784662
1.00324242644	0.0775782171	4.95256178952	0.114134106898	0.000986811398518
4.87536722746	0.0342113366659	4.08696333912	0.0709335173656	0.000864220033759
2.04341926489	0.107057554089	4.99576951278	0.0396335660277	0.000822144002482
1.97127773568	0.0773876777922	4.71427361785	0.0473824503857	0.000947236943764
1.49132850003	0.091421896979	4.48847638948	0.05967797565	0.000631130629619
1.78243129243	0.0421125301464	4.53292240825	0.0598074478535	0.000773192122744
2.13144429282	0.0777903968371	3.77650923202	0.09810541856	0.000600346883947
1.34715821533	0.0751979178882	4.55837216466	0.0822062052262	0.000947528279498
3.52560811406	0.0844820477002	5.17252504265	0.0717363081888	0.000834059912593
1.86310433272	0.0872334238016	5.47106730017	0.0632376726986	0.000706816458647
1.78632715086	0.0736985851267	4.88230823314	0.11719310554	0.000662421183266
1.58513279356	0.131016427087	4.0389106838	0.13003666247	0.000984438673361
1.93232347285	0.100438379485	4.237917638	0.0790729024973	0.000544410666642
1.83844665652	0.0661727529592	2.61393165896	0.0689350323488	0.000973463378939
1.78079323302	0.0865130037252	4.9411969505	0.0945330587914	0.00074933977636
