r_HIS3_C12	K_HIS3_C12	r_RAD52_C12	K_RAD52_C12	x0_C12
1.95275698349	0.0522010705514	1.300508508	0.092448874411	0.000536796578967
1.63082031352	0.127438944502	1.07163041539	0.0894809499806	0.000553310885304
2.30502373872	0.0946375274158	1.17508959637	0.0429014371045	0.000369595938539
2.05573696321	0.0771741448771	1.2922196027	0.0502895485356	0.000400467792307
1.64425155167	0.104294645313	0.926574724373	0.0801306614525	0.000480514006157
1.42862924471	0.0901846644264	1.43381525077	0.0956321308441	0.000428568317171
1.77432888506	0.0996846514656	1.28062785976	0.0804350670507	0.000522577852447
3.23140218414	0.0567748447523	1.52484864557	0.0711014854878	0.000526920536864
1.80338109866	0.0949271385379	1.27085690964	0.0404103223436	0.000442745378955
1.3338361638	0.100110005134	1.20853615634	0.0754255426819	0.000450150494276
1.75821639323	0.0996945516468	1.50261368925	0.0806277683361	0.000443901804276
1.54007492968	0.0922252958663	0.888965328843	0.0791011534526	0.000472529159166
1.49599422053	0.101623098206	1.40024959494	0.0925029221235	0.000433082849392
1.84171955487	0.0986810023257	1.534107457	0.081607140724	0.000584991111145
1.81413044806	0.0971236578491	1.30040244258	0.076323786061	0.000465166203793
1.53985056648	0.104351994606	1.29300468736	0.0865516377919	0.000392785014858
2.31619948657	0.102380311816	1.84482721928	0.0353656779318	0.000398276720216
1.61028263213	0.0890210937181	0.27654967093	0.0946736857469	0.000417840605899
1.83177869235	0.0866163577485	1.20425386424	0.115619107522	0.000552612491164
2.16584796643	0.078197346147	1.27847761135	0.0753837044229	0.000361371059694
1.72405142193	0.100148054482	1.41452167096	0.108416622355	0.000381132800337
1.95278267947	0.0945300036746	1.4048447346	0.126448232489	0.000361396688424
1.48650767266	0.0894312378576	1.300222798	0.0663465150604	0.000544398081971
2.12194876357	0.102495822703	1.1464534989	0.0755755133044	0.000369541597342
1.45052720883	0.0812830147415	1.40660723448	0.136047684701	0.000452072996711
1.57632128887	0.0993587601334	1.61975962485	0.0835344672508	0.000543747975224
1.35602564927	0.0890433122453	1.09293175801	0.0806477857594	0.000472031372478
1.88396442537	0.0936990508437	1.33604286085	0.0678890929971	0.000452236519029
2.73636001443	0.108468848853	1.08477135681	0.0980369216536	0.000553414228789
1.58016039489	0.098969425936	1.55842673496	0.0827792466366	0.00054339870609
1.47247057585	0.144813516835	1.42030366087	0.0834041160826	0.00041733838145
2.47498178768	0.107538131113	1.28106369069	0.057007485167	0.000432910059373
0.232853238856	0.0926978604459	2.34194766034	0.0542916684145	0.000582374567767
1.8415710154	0.106654434403	0.986787783939	0.100262836512	0.000513542994255
1.88534442056	0.0973896856117	1.53799507002	0.07615398292	0.000406361435208
2.41902455716	0.0966338216304	1.25696752684	0.082060371123	0.000383625532488
2.59117916791	0.0360487446073	1.62079035673	0.0735787964981	0.000339208021316
1.22225724093	0.0946604839057	1.11590535141	0.0709337468047	0.000372709747654
1.83353452851	0.0964019484745	1.41741525042	0.0667524125519	0.000333703532728
1.70465108183	0.097058749748	1.27598003911	0.0652711280325	0.000461470802529
2.00536806427	0.10696132769	1.31939585403	0.0733970976134	0.000425493243996
1.99107835272	0.0992881169358	1.68199809899	0.0883864846163	0.000326735594368
1.96765433655	0.101300425541	1.36398004325	0.0718078893065	0.000323586252035
1.72659295163	0.106999017407	1.17368397753	0.0854507895712	0.000369616233707
2.30592504372	0.106663955218	1.36163881286	0.0823162777328	0.000478394749047
1.61293616449	0.0990910314301	0.955276308739	0.0670839666497	0.000439889395757
1.96098912403	0.103699450151	1.29739169261	0.00897600381537	0.00051256438671
2.50671335294	0.103016166295	1.06824065141	0.0820978495693	0.000407975376968
1.91370056486	0.11390368273	1.332244142	0.0795773862835	0.000311471076576
1.8013191819	0.112121815686	1.09626659698	0.0659015445629	0.000425892268319
1.5382386269	0.102311921126	1.07122614899	0.062393669511	0.000428804685228
1.78222070422	0.0880460061397	1.31878273698	0.0941630662396	0.000461469709248
1.90047412713	0.0817699143363	1.46547650077	0.0749916188906	0.000469432208774
1.52151508875	0.113077562166	1.17924809562	0.0868569163984	0.000516155552331
2.08255715827	0.0963381699075	1.30011833882	0.108085621051	0.000462906328205
1.72222173954	0.106243231167	1.18402691919	0.0729454361844	0.00050299590772
1.91596273387	0.0917648710709	1.49415383869	0.0691853650013	0.000420831865956
1.94950247286	0.0996512637627	1.32407253554	0.0832665818273	0.000440991074469
2.09072742429	0.0866584070583	1.23887097991	0.0963108726769	0.000571090813439
1.59425956826	0.0986393253003	1.26906115931	0.0709210947346	0.000454661071839
1.69921018446	0.101077861364	1.30648458209	-0.0515668198271	0.000510098651372
1.87896497452	0.0889490016522	1.01033727675	0.0785823966735	0.000493338005282
1.78441553113	0.100924873241	1.27579000528	0.093772194938	0.000541435262518
1.86070625937	0.0989926807775	1.47901297501	0.101572984901	0.000453962320135
1.92756551176	0.0791579971091	1.2667912927	0.0779798795911	0.000391669226836
1.78822296506	0.167112088419	1.27532236958	0.0775112998409	0.000508867976319
1.32268059615	0.0926805953942	1.2718383159	0.0836358292488	0.00058436422138
1.65931756539	0.117303259171	1.15651802495	0.0756282618936	0.000510310285372
1.86914123521	0.107308421736	1.29456480038	0.0877584525596	0.000415785342635
1.85528777318	0.0947092933179	1.62496500412	0.0965338347305	0.000581896618103
2.12328021085	0.111316443007	1.56297424792	0.101124361114	0.000323277080799
1.95069657106	0.110320331853	1.32820467922	0.0604754298973	0.000397702104558
2.06183233079	0.0978561795882	1.51344287686	0.0864195734525	0.000386089184678
1.57070836767	0.102622292201	1.3914878509	0.0755645222896	0.000426490747238
1.89798410997	0.0958904019842	1.26252907114	0.0815979027981	0.000485838023416
1.53887346785	0.0935046592329	1.36521256211	0.0847082558643	0.000389708223534
1.57967735392	0.0989500411669	1.29013660998	0.0951123929858	0.000529835808237
1.32127075942	0.102573579843	1.26300836546	0.0717118865799	0.000521794838021
1.75173371372	0.112661880803	1.29128905703	0.0618385922937	0.000483966453922
1.92519564733	0.112506314328	1.39581917652	0.0673155413874	0.000323378462608
2.16246719441	0.0979794787394	1.44282584768	0.136174192894	0.00039486517659
1.78021433101	0.102393946579	0.671486786848	0.301078967862	0.000646652879958
1.77409230694	0.0983187390662	1.38475855899	0.0961595283818	0.000391843404204
2.07806750781	0.0877422521854	1.45511647458	0.0808435216925	0.000374117039284
1.92591885496	0.099608309747	1.46556720284	0.0773346625796	0.0004705882311
1.76408676673	0.100485637219	1.9302674084	0.0944168969017	0.000496348603213
1.49806144075	0.0939603220166	1.28143083978	0.109794213385	0.000399448145389
1.23457458769	0.0750579989585	1.20049238438	0.0719280612722	0.000498561516516
1.77864740534	0.114728421542	1.54004444865	0.129300774396	0.000383549160472
1.06282708335	0.0634487920393	1.43599152739	0.0702835793546	0.000263918653756
1.75342539773	0.099536058787	1.51581486262	0.0703343692836	0.000330508563152
1.62650354449	0.102827305785	1.50605736685	0.0822717398889	0.00030750822619
1.83669614779	0.093696306862	1.25029430783	0.0761741914462	0.000518406029744
1.6567060042	0.137212343297	1.44607830208	0.0747310106742	0.000474310943809
1.95926834904	0.0851445930276	1.58934848389	0.120129502112	0.000386640796905
1.77407443184	0.0926958864313	1.63834544941	0.0812348559677	0.000332472578252
1.89233782655	0.0948281122709	1.90463511643	0.0686730434024	0.000322212649201
1.92178997437	0.128135435776	1.26439318815	0.104886185518	0.000460065318813
2.00752080443	0.0846125744626	1.34135575359	0.0993518639225	0.00037155956202
1.94585106941	0.0986440097811	1.71303909535	0.080175788905	0.000335825730824
2.05020026514	0.081249991476	1.28058501889	0.0708071704012	0.000413576103533
1.95195694575	0.0927125009482	1.39365973201	0.0896783440209	0.000446047201723
1.73688421234	0.0872917176249	1.30568125267	0.0976678186373	0.000409580498588
1.73586989899	0.110279022446	1.06921612276	0.134214785659	0.000589813510396
1.99763547122	0.0785355899103	1.43353281981	0.0875509445864	0.000279678672676
1.77187923952	0.13602674951	1.27951664264	0.0844033970519	0.000402005520636
1.67895162287	0.0906821651183	1.26752895836	0.0904995896917	0.000549038860965
1.25258651649	0.109233016719	1.22639167998	0.0757149626615	0.000421272916852
1.6772001174	0.104852386269	1.59980799994	0.0342665789182	0.000324669691633
1.73848421546	0.0971328684198	1.23571038927	0.0842499371754	0.000468728238942
1.83962405337	0.10110200248	1.80366195738	0.0608410422674	0.000543695194445
2.13625810192	0.0978606400821	1.51831453918	0.0844964921543	0.000392568232539
1.8059838223	0.104592447353	1.48425176644	0.0723402875039	0.000394808801231
1.92571907459	0.0914977566575	1.33293168481	0.0718978578212	0.000443089945557
1.44161908066	0.101020112557	1.17113676675	0.0788689683377	0.000443922591637
1.94418385684	0.0994012367446	0.453850439494	0.018001863614	0.000468290847881
2.01271621828	0.0996993604974	1.29720618334	0.0822336080797	0.000470659727933
1.75210767172	0.0950509007374	1.33609881607	0.0883715946886	0.000351830428288
1.67669849418	0.0833915627737	1.29635684379	0.100323396339	0.000427569593387
1.80016854063	0.101755596275	2.1551863657	0.0825346161655	0.000531186414116
1.93037508476	0.102635399208	1.16535880134	0.0992233930048	0.000370734612283
2.0731551824	0.08796368037	1.0135452138	0.0814309572238	0.000390273605515
1.60632508088	0.0937172993216	1.32880870982	0.0806715281687	0.000482109135838
1.72457498501	0.0953445574078	0.929950407663	0.0703381344751	0.000418623759865
1.6793709455	0.0993081333144	1.21067800544	0.10814172979	0.000579198387322
2.43118424433	0.103029396312	1.84135287631	0.0635477679487	0.000537082240957
1.76401757944	0.0945429801827	1.37564805023	0.0638415268279	0.000412583751372
1.94767425051	0.103550269252	1.31914065818	0.0844026766292	0.000546679292771
1.62248473151	0.0841809369429	1.41168841642	0.0812630656939	0.00042338054468
1.7323555768	0.102904181144	1.48083747572	0.0930869249133	0.000464881382433
1.8793695263	0.0876652495886	1.45607917402	0.0930012251742	0.000512130567401
1.69898145953	0.0998046173691	1.23845852762	0.0491688477149	0.00048366084589
1.79453925721	0.112174422975	1.72711453936	0.0834629466728	0.000503009301395
1.92966412258	0.0753521790103	1.35325970749	0.0761216055104	0.000395172297365
1.85237080284	0.108840901999	1.1537732332	0.0952249660276	0.000475868513826
1.80378123916	0.103299340786	1.33971061456	0.0753280892511	0.000457900492938
1.82826608804	0.0999193492304	1.33229318486	0.0814027225597	0.000492045906924
2.20760387882	0.103089564407	1.18863280928	0.0762967672	0.000432141461828
1.60804515486	0.126462606955	1.30815196214	0.0934867567511	0.000520361026246
1.57403795122	0.10988180191	0.809720457132	0.0796576510593	0.000389561419565
1.64960942948	0.10315173986	1.24305067242	0.0963477307656	0.000578823957745
1.93254736071	0.0954329041455	1.2311015645	0.106456652434	0.000548265477732
1.47579205995	0.0977632702896	1.43306028478	0.084022957459	0.000476054405881
1.83978153851	0.107384767138	1.38257913379	0.0727914750722	0.000474698208796
1.84654476796	0.123839045158	1.40613011066	0.106506922352	0.000390066074034
2.09199212589	0.084310322336	1.5375465288	0.122180796752	0.00035548115966
1.38069636203	0.0730616628312	1.42572795386	0.146340046621	0.000415333220722
2.73485340087	0.110122305994	1.39739441188	0.0879055273763	0.000399380288891
1.98434522054	0.0979205961184	1.25986500833	0.0813124662798	0.00039152114315
1.70815227489	0.0885908025412	1.38435637862	0.0873279287907	0.000485023814985
1.91541944499	0.124609139119	1.34776305839	0.075054759707	0.0004821260182
1.68001820224	0.102655682893	1.31221232332	0.0830368810388	0.000424232675454
1.52444362146	0.0866389931083	1.42224136067	0.0882804664579	0.000364945182936
2.29012321234	0.107212182431	1.96998140614	0.0851282895589	0.000390946341811
1.78103607668	0.0989848157137	1.83393578298	0.0809579761308	0.000352931358736
1.33780695755	0.110657482192	1.1186211424	0.0586139241938	0.000384739925607
1.86516819298	0.100595640859	1.38526910862	0.0980279684596	0.000491153027236
1.93816162704	0.104129216585	1.56181004854	0.0776227276597	0.000439171541212
1.81126287802	0.0705951410339	1.5512212787	0.0851990091883	0.0003790259249
1.90558328925	0.100538800056	0.796114801778	0.0850380214891	0.000411670153918
2.21045747079	0.121105537151	1.77403000469	0.0852892221299	0.000291848903589
1.50387038838	0.0879362953756	1.3627633738	0.0932149526432	0.000491137411474
1.46529420766	0.109362953274	1.3390376765	0.0823124721864	0.000552176945258
1.51724243924	0.0769849043476	1.40994164831	0.0708517510615	0.000297172474563
1.85524472474	0.107848498235	1.16512846888	0.0914096458729	0.00053370829325
0.865934976227	0.0968497125686	1.33120922586	0.0738333274803	0.000437557267494
1.63922997707	0.111272350143	2.19054580735	0.0854848741972	0.000541956916425
1.81674992317	0.102692551955	1.42431690782	0.0765730374875	0.000430793438864
2.57058372637	0.0997941829941	1.22126704801	0.096708861941	0.000496685244124
1.77546211968	0.0933682995022	1.38533681904	0.0724561575431	0.000400635038841
1.79337506901	0.0897509546834	1.14526918367	0.0817314634191	0.000447139863554
1.81692137898	0.0953073902528	1.59577307193	0.0701539697727	0.000448962630099
1.50630580909	0.132136440469	1.31546142672	0.102775366573	0.000418240746262
1.62465105819	0.140926411392	1.60818900436	0.147127014389	0.000556136540929
1.79343748156	0.0732084383317	1.3034627205	0.0601513606301	0.000450546891947
1.86994622159	0.100211324215	1.41269217188	0.0764095052084	0.000380287303583
2.07578028487	0.0949180729883	1.18105196403	0.0878832610447	0.000565738555181
1.73514532327	0.0912970095339	1.23127784254	0.0867999231906	0.00061076700127
1.98293034188	0.0943952962932	1.30409629046	0.0780493031795	0.000481517491982
2.01152718306	0.0764786990206	1.29624081947	0.0726080884813	0.000299563034847
1.51515409113	0.0996042986966	1.41124109339	0.080062808336	0.000416428919882
1.84082715847	0.0986384826594	1.83066537218	0.0925062260884	0.000470745685139
1.88968532259	0.124614552006	1.53391810324	0.0913797136629	0.000375938988947
2.01014420727	0.106604770226	1.11493988774	0.0715869603481	0.000533316609847
2.21406090002	0.0785910454638	1.6720118097	0.0947236017941	0.000459289825256
1.92992780845	0.098976644858	1.53667037846	0.070961160831	0.000466979587418
1.49674571113	0.0931648971903	1.39603548921	0.0344863319541	0.000338173815188
2.26405823101	0.113274623659	1.52908497177	0.06423537957	0.000419220146003
1.4699121186	0.102077227211	1.34035712276	0.0815651046112	0.000506536345078
1.76666925774	0.0905740643272	1.4053420609	0.0790158038935	0.000495512802418
2.00176765581	0.0991375417369	1.33064855307	0.0939215842622	0.000468276182467
1.94347544677	0.106493936591	1.68079170274	0.0906169659161	0.000588052985098
1.69485732923	0.0919859875524	1.36134481732	0.0955047656971	0.000448865200682
1.82899335497	0.134200597716	1.38589817754	0.076943336335	0.000383413866926
2.13032109449	0.101717550153	1.52308642789	0.0857424877288	0.000310024503916
1.75846923241	0.14171295426	1.53524203202	0.0923769971192	0.000389881406959
2.02599330273	0.0940152714043	1.21943993107	0.0833725047185	0.000417242085264
2.0467656973	0.0992144219598	1.63533341164	0.0732357876959	0.000436582712711
1.89008590665	0.0729207509668	0.935570435451	0.0830517726371	0.000463134613279
1.95805238903	0.110236349498	1.82133687716	0.0518756294888	0.000346800595836
1.93723418545	0.109317545339	1.37055904693	0.161534400709	0.000344275017411
1.63160365644	0.103426556289	0.986867153255	0.146172048157	0.000443213593872
1.89202808324	0.100781858474	1.50710577515	0.0770095981978	0.000372740799481
1.81139093055	0.100982500743	1.6236535602	0.0575422665593	0.000369225269524
2.30612286411	0.106065231931	1.17808152969	0.0947591419839	0.000411040330442
1.78341255731	0.10116660771	1.30764848453	0.0766198085	0.000423279633625
1.81462674698	0.116088152673	1.20875665889	0.0777692854342	0.000426558131042
1.78780903289	0.122908535587	1.42639940963	0.0954709612645	0.000403283197802
1.83321055597	0.142151499938	1.27470189372	0.0969041234304	0.000419436740305
1.87041304966	0.12127865921	1.41629376345	0.0451880278281	0.000459934009755
1.8107067844	0.0915821212335	1.1485522921	0.0902381153633	0.000464985967453
1.67879860943	0.107805942422	1.38669349937	0.0784927866091	0.000436353079773
2.19010868949	0.0731545480937	1.42439231865	0.0654452895922	0.000354572043754
1.95628874144	0.151064498653	1.36727363677	0.0546078574481	0.000397728676144
2.05201062009	0.0921266020805	1.36872548327	0.0893500040426	0.000469064302647
2.24519148846	0.110434694355	1.37790030092	0.0816737999874	0.000510320342732
1.75685928312	0.108394425263	1.65337085148	0.0814108922656	0.000414153318972
1.74175515754	0.0949375105283	1.2424902589	0.0992168926678	0.000337419875455
1.71245120575	0.0983573892192	1.18550063806	0.0797835543438	0.000458272812681
1.834823458	0.0852748572113	1.92289100828	0.0865863279375	0.000360041397899
1.26197951693	0.100523292627	2.11420960914	0.0737198942058	0.000366660143167
1.76713691163	0.0363121792818	1.2323865909	0.0733642964442	0.000418595532069
1.88371460311	0.0907861277263	1.53352006776	0.0757669115352	0.00042502183341
2.36737341663	0.0933335761328	1.51351839264	0.0716964937893	0.0002608865858
2.09953226874	0.0931556646002	1.76749185719	0.120432872975	0.000355723754139
1.90599131891	0.0949498187839	1.42273142723	0.157652183731	0.000468570725276
1.97275386357	0.0891222026053	1.04055601921	0.0893575132015	0.000440455041095
1.99374611978	0.118510300575	1.36778042733	0.0910164350951	0.00048027450502
1.85798748872	0.100436131137	1.24392642877	0.124066559373	0.000446036303201
1.83149673714	0.0855253832733	1.27593702951	0.103106585963	0.000428980431052
2.20478035237	0.0905403056291	1.65610063345	0.114642098743	0.000400497894493
1.94313272113	0.0967611049597	1.40421723295	0.0907640235368	0.000524720972151
1.74096064305	0.106461580913	1.31018743415	0.0892897079563	0.000476425883555
2.61702111677	0.126587218699	1.71346051886	0.0953533350454	0.00049398240067
1.54248956704	0.120426827028	1.47959468231	0.0855764100356	0.000417442658029
2.11483522958	0.102107708628	0.839489872062	0.0791483067925	0.000366620432947
1.79812952327	0.0903030991175	1.08328757199	0.0753787299565	0.000378888472943
1.72796972572	0.102929251821	1.16752431562	0.0796697125934	0.000614205046885
1.73789916218	0.11324295915	1.38140006604	0.0721967718709	0.000317688424923
1.16564327166	0.103701559448	1.12778858981	0.0870302064283	0.000499935757586
1.79492539577	0.0979528486471	1.23541313505	0.0675391441832	0.000565070724502
2.23687181438	0.0607457978702	2.06006213853	0.0948156596134	0.00036416206534
1.76850053631	0.104671156135	1.24894627785	0.0884660476299	0.000580154368705
1.94079416942	0.10771490924	1.56174727114	0.0689240257298	0.000334412982876
2.21804505292	0.108447028113	1.27734036286	0.0782847035743	0.000278389664993
1.74779025458	0.0970979356273	1.24390727751	0.0855151559635	0.000585982440372
1.70308404373	0.138552657559	1.38799216997	0.0782661624501	0.000401929235605
1.77970171909	0.095010184799	1.51529754898	0.0852275964248	0.000408602881581
1.69516527262	0.0973900124787	1.77847659326	0.0817291896134	0.000465443266482
1.80568009608	0.0954484628644	1.49595079972	0.0776515059445	0.000384727980627
1.57614291564	0.0855242260609	1.51327967258	0.0635198670096	0.000414271336685
1.54268683129	0.102147962957	1.41115228792	0.0801998100931	0.000490062471691
1.69657502409	0.0993027961197	1.39644480609	0.0775160333669	0.000479606377202
1.94023836875	0.109008876913	1.20946879163	0.101250661889	0.000416590916513
2.03098147105	0.0825791465439	1.23501279632	0.116701883396	0.00043646360989
1.85603084018	0.100021976743	1.33841358792	0.173223471132	0.000435441207211
1.1813300823	0.101695980541	1.32522145644	0.081547368853	0.000319675218022
1.90521507356	0.0944228013879	1.24303776022	0.077231424512	0.000393822736284
1.38524882778	0.111206299853	1.36528380691	0.103520772974	0.000485852442116
1.78979376685	0.107055621499	1.36632236451	0.0807082314268	0.000390029317117
1.97467817133	0.0862437985728	1.67300738002	0.122840467232	0.000356096029689
1.96685748321	0.0992523985584	1.35473822308	0.099223006214	0.000303594667732
1.90472721315	0.104208621697	1.38476543277	0.111280565062	0.000388535736616
1.63322770591	0.121218651537	0.777382203351	0.0831092564111	0.000478360512953
1.45097607234	0.150741000315	1.27825535465	0.15461898106	0.000493430749148
1.94460127214	0.0891716709086	1.43293777599	0.0707496178823	0.00036192585232
1.70289176268	0.0824347269647	1.06067739669	0.0667167978954	0.000479398653797
1.9944887239	0.109723168878	1.39674439377	0.0767754859775	0.000292754099102
2.1169844652	0.0901247464656	1.51568433418	0.0636797896922	0.00026789510653
1.86743091469	0.097325169875	1.32615908125	0.0595529120921	0.000456948638446
2.14654902885	0.0543651238088	0.889768970192	0.0724853261166	0.000444302495876
1.83832334096	0.0880171805618	1.3110307459	0.0866787894713	0.00040968702937
1.66325487936	0.117865409228	1.03276881836	0.075196949136	0.000453389057449
1.78049954397	0.0954498403448	1.3333652533	0.0809823026512	0.000564224583249
1.98507783476	0.199334952962	1.27769474704	0.0970932465341	0.000423891270832
1.74022552012	0.0891415262799	1.27232826141	0.110819174433	0.0004205456251
1.65784510597	0.0932202580937	1.38334434556	0.0944402216608	0.000572909840505
1.8565271166	0.0855422418709	1.20925431444	0.0751979934501	0.000510358771884
1.83529824761	0.0690694560455	1.37206996198	0.0786078168217	0.000363362249828
1.89392892439	0.0985832250188	1.25417796547	0.0794848710421	0.00040540332483
1.84190568839	0.0968524639282	1.56881332812	0.0643324906202	0.000354087798004
1.83001526247	0.0977772491944	1.29941851141	0.0869047821069	0.00041711478035
1.79247093819	0.0995447268139	1.02135552488	0.103917877342	0.000509745743478
1.89663895713	0.113597600326	1.76637378248	0.0810265219355	0.000475487222483
1.66111026117	0.110205573571	1.52808290147	0.0672237340856	0.000339674501447
1.90162083462	0.096420304891	0.904969049524	0.0815298640368	0.000335417901394
2.14349598901	0.0947218762916	1.28087822569	0.0708306146717	0.000518675975551
1.83142120856	0.144924573603	1.36744520119	0.0790353640316	0.000392336159419
1.67786646836	0.0947085422581	1.38159141025	0.109754572339	0.000434187034869
1.86727636227	0.0957422117657	1.54264129748	0.0717531418471	0.000414564134307
1.72240044805	0.111329298301	1.35155943856	0.0740405346814	0.000431995661285
1.90190679964	0.0883243787232	1.47933705021	0.0683992408758	0.000366688886825
1.91479430959	0.103480431386	1.46655644464	0.0504695025338	0.000409082976687
1.85250463982	0.0625292381502	0.224266202613	0.0775182500332	0.000465217476934
1.94825487052	0.0704995805326	1.39900739432	0.111173398368	0.000358673122114
2.22365738582	0.0557978129767	1.215126207	0.0966940169693	0.000452876721729
1.76017754264	0.105415071677	0.862731891002	0.074125900708	0.000513505042847
1.86643590158	0.100488194016	1.9435994499	0.091741769191	0.000397375422989
2.17146287314	0.0987073607021	0.812850261132	0.0697753439336	0.000465200032967
1.65329431802	0.0949618532274	1.14826782019	0.0852131320915	0.000668967502277
2.33952898152	0.10053350332	1.31985731123	0.0830519588061	0.000581047861533
1.56240493589	0.104238118983	1.40516896008	0.1256829502	0.000400809474367
1.94577589449	0.12552344407	1.33476938228	0.092688076908	0.000350961159242
2.05875934463	0.0990605005354	1.27881348168	0.0448751480032	0.000351798205065
1.97810572926	0.110183771628	1.2160818091	0.0671139951329	0.000529883884592
3.36622828902	0.0987168692376	1.28788704756	0.0731505733173	0.000444347953043
1.673645324	0.0737350100572	1.00028683711	0.109991420307	0.00061315180496
1.65495954656	0.0962036118478	1.45856877719	0.0715590548488	0.000382403413929
1.82510746749	0.0919310294157	1.4719761436	0.0704092566933	0.000513420059286
1.66533311422	0.109794252827	1.49687473498	0.0813424023849	0.000430270788773
1.53243168438	0.107361237709	1.37498930473	0.0740001984227	0.000473480956567
1.80914496784	0.0981089906158	1.34691942566	0.0730631043628	0.000468534926091
1.92222992985	0.104825769507	1.30483644904	0.0995526629111	0.000473268969717
1.99695975092	0.115187299694	0.61710189866	0.0963578368878	0.000411070123799
2.4375696871	0.12500625903	1.81493259498	0.0753605059278	0.000408652638701
1.37053393175	0.107339973462	1.03041738172	0.055598937682	0.000324818350937
2.05272524044	0.0983561416229	0.948664398893	0.0794360238724	0.000357103234966
1.8870980072	0.0694576783857	1.55029113353	0.100411178101	0.000377032706064
2.14526301193	0.117899197766	1.42180511407	0.102843573531	0.000441741243628
1.3374698086	0.088971455846	1.56475214471	0.0883289690436	0.000469055047476
1.62291408555	0.0979288686933	1.49216992534	0.0857548494907	0.000334002112767
2.08719148845	0.0869767588258	1.40400937116	0.063346099358	0.000294060030705
1.69255494418	0.093793096196	1.46124633395	0.0947027716015	0.000525847686127
1.76970435595	0.10182516314	1.5289113203	0.0739175024026	0.000244585486665
1.66111628594	0.0660272745965	0.858300450289	0.0619886106225	0.000396181395972
0.92814555089	0.0993629200057	1.25851190609	0.0752954891224	0.000306850622776
1.94965317958	0.0566350370588	1.2671440937	0.102517002387	0.000520746594066
1.72175906566	0.100522538362	1.2350609834	0.119721565763	0.000550335451814
1.82555105614	0.0767249564421	1.66253991968	0.0753808676967	0.000318354377836
1.92057917943	0.0989752561542	1.30276900566	0.0958499111257	0.000383449589698
1.86444568786	0.0984817579241	1.33007406827	0.0862535290756	0.000507088579865
1.85297143439	0.103366047415	1.40586125375	0.087813160491	0.000521580003768
1.78363084373	0.0891992790083	1.24975193016	0.0759076845402	0.000430011136029
2.22584150351	0.0814011492024	1.12043502142	0.069053454122	0.000398743042788
2.24796880373	0.0798984300915	1.3584801184	0.0807582747867	0.000420441237688
1.71610823603	0.100360174559	1.33484999965	0.108558113373	0.000569698117711
1.45483528635	0.0835781047138	1.37166879	0.0848956548736	0.000485746526059
1.88102618643	0.122172322954	0.90069448572	0.100312849332	0.000543856846241
1.42300455367	0.0961211426224	1.17747593948	0.0784878692172	0.000451672353832
1.90488040491	0.0836929495811	1.20075666612	0.0864956686131	0.000544299482976
1.37450596084	0.099214957454	0.992193709803	0.0821024165769	0.000543728794449
1.90058754796	0.104284734862	1.41403614743	0.0974617694326	0.000423202620876
1.56406949569	0.121639625537	1.24422214136	0.0781487111347	0.00041414887228
1.8275853577	0.101499026349	1.3400399023	0.0605956508028	0.000348831795951
1.74768688563	0.103959749866	1.47520590214	0.0812069553247	0.000472221234554
1.24927740451	0.0968885568129	1.3751458318	0.0852731109751	0.000418465619907
1.87608562568	0.0993390449169	1.32766711993	0.0926412067667	0.000368735847238
1.80089851259	0.0832102398826	1.22857176677	0.075140729602	0.000369545651413
1.7373045692	0.108806965547	1.56396781607	0.0935102001182	0.000369765352734
1.60454636956	0.100118675876	1.54139073672	0.0954642820333	0.000438619744518
1.6418505376	0.119479328274	1.20547206931	0.0747378610065	0.000713275375251
1.51683914374	0.0983893388441	1.4423834396	0.0742450090449	0.000526895595213
1.27289337522	0.125784763277	1.91404110053	0.127391760526	0.000448554963529
1.4887107049	0.110545118529	1.29857559095	0.0786426056178	0.000548361802331
1.75705837552	0.0984167140621	1.21446936741	0.116775679568	0.000452490319839
1.86385429336	0.0991999099592	1.17758670689	0.0993644299491	0.000601948268083
2.05439109616	0.136562762527	3.3211148838	0.107679915965	0.000361335235707
1.73374595691	0.0925386692104	0.872971771573	0.133782705122	0.000503148406707
1.4891802413	0.0923033712627	0.809174070265	0.0920922135308	0.000419417568424
1.57814394388	0.0956372844606	0.655463163387	0.0750893429202	0.000504402103709
1.77417652703	0.0670757830298	1.42056240173	0.0185409709905	0.000593055318361
2.42086135232	0.099188330386	1.71383767405	0.0676190603278	0.000455364630109
1.68250163098	0.0872148298954	1.43025624376	0.0808062205919	0.000442576485184
1.90209498963	0.101632385762	1.32924996972	0.0867130840723	0.000381665489365
1.82967843334	0.0968017226099	1.352435524	0.0890331622559	0.000393210773609
1.24271219214	0.117110788496	1.29376965244	0.0852633936153	0.000488468336483
1.93841098009	0.127228803186	1.32725633712	0.0674499109611	0.000348195924961
2.08038552359	0.135879870904	1.33029773843	0.0959959065836	0.000269127321708
2.24218867139	0.112068437013	1.26598877679	0.0744330805997	0.000313590901445
2.21715022295	0.10774553377	1.38078978577	0.048401724392	0.000382479871867
2.33215647046	0.11050305107	1.20024174433	0.0861360632984	0.000405769482275
1.85760397529	0.09752577164	1.24069873916	0.070168764271	0.000341797015524
1.91152119913	0.0594613389434	1.3675286801	0.0609049966721	0.00038639563102
1.82733325225	0.0918522900272	1.53016276682	0.071490062943	0.000387730449149
1.62169003983	0.120123547266	1.27846598905	0.0989485402928	0.000540287901253
1.80995613475	0.0988922868753	1.27997043546	0.0850360770617	0.000460968163583
2.04068188235	0.0943565300917	1.35228850454	0.0761919439409	0.000467394875039
1.91000743531	0.0977614653043	1.10759219265	0.091663984927	0.000518972389549
1.91108566296	0.0970170779587	1.37880025263	0.0825414992943	0.000451702324915
1.7709144143	0.0868483821552	1.29022293101	0.0708308967599	0.000529239309737
1.82304016682	0.115788588099	1.33143176311	0.0841122963233	0.000465938274615
1.29510032182	0.110421185772	2.17921596	0.0747221115548	0.000353231438363
1.73556231731	0.0974538734968	1.74117935137	0.0779408963833	0.000356207366419
1.98457604283	0.105612313834	1.22535402943	0.0552446252244	0.000388038634246
0.875958866411	0.0861821432509	1.35588308723	0.0613823160909	0.00050612459512
1.88098372303	0.0985922977793	1.38684532986	0.108023960382	0.000430849171717
1.70367915858	0.106754024748	1.0961681255	0.0719657176522	0.000423317099541
1.9393536883	0.115256435995	1.44830012855	0.0891966439042	0.000504483877167
2.04005009043	0.0912352881945	1.44575929275	0.0508295979045	0.00030054497356
2.15740428113	0.0953781513967	1.37391517004	0.0683419520649	0.00039349759675
1.86061238268	0.0873948313505	1.51676542175	0.0746074583331	0.000433696910392
1.71778648741	0.140386569602	1.47517292613	0.0872626629147	0.000448223735848
1.82501325495	0.0849162350937	1.34491855465	0.0833793839929	0.000408726725856
1.85200425311	0.0927322159847	1.27809160089	0.0849237099045	0.000457543265963
1.96938224537	0.0303125618995	1.013287723	0.0564204860163	0.000348664136105
1.9004020599	0.126872493286	1.50052393842	0.089258280978	0.000375039832492
1.2913658589	0.0731960947812	1.464844329	0.0785264598589	0.000444926352629
2.15516531372	0.0746958561674	1.31348263002	0.0838401196113	0.00048671726732
2.19362015327	0.125282290206	1.41042701091	0.0807161611244	0.000409351123911
1.86469185466	0.0994247028385	1.60046422792	0.0808070154226	0.000438726139985
1.68035923441	0.105343020284	1.34405370692	0.0753818892192	0.000413000240107
1.84659081286	0.099824007805	1.5871126153	0.0745697875796	0.000420786907312
1.80458157941	0.0959826562173	1.30816500867	0.0788276033465	0.000511153890154
1.77190371982	0.10064357424	1.3200598997	0.111274506157	0.00049630184194
2.00770255333	0.155897817103	1.47044878285	0.137953004926	0.000315146271692
2.18013861417	0.0937873863139	1.53631026304	0.0736352576265	0.000329526805944
2.17027478712	0.0868376443203	1.53765239782	0.0971147596576	0.000389956152092
1.65293479405	0.12149280583	1.24838429636	0.0934839533905	0.000493874359333
1.6922879593	0.10041654125	1.26038279466	0.0801118412233	0.00052486548111
1.90567557948	0.0846799827885	1.30693694796	0.0743012668018	0.000464342774418
1.85134192167	0.11174838942	1.36849380356	0.0601842718085	0.00036467043774
1.67335177699	0.0985347478197	1.47028626287	0.0809433587542	0.000505059510918
1.76230535642	0.0784238376516	1.38440103484	0.0758084423406	0.000430261385247
2.11536744083	0.10618170688	1.35151690302	0.0644357556861	0.000399552604062
1.5481560082	0.0911858110976	1.25712121587	0.0690873443218	0.000616503429853
1.87696569344	0.111840283307	1.1809958807	0.132575128485	0.000395070137013
1.81746389891	0.0945023515404	1.43229517554	0.0738934177857	0.00044382799344
2.26450345637	0.0674866749283	2.75464858423	0.0341244894211	0.000385385221831
1.75943157718	0.0896389654986	1.29046747725	0.103929819521	0.000404281824123
1.88708775813	0.0811061139013	1.45282143493	0.0600981318465	0.00040492855538
1.87803189136	0.110036925553	1.58864476476	0.103970433418	0.000489150914123
2.02556318983	0.105389577335	1.27412393159	0.0800927244002	0.000486705410714
2.2108171526	0.0915957895796	1.28731691457	0.0939148070083	0.000468155799388
1.76973339635	0.100510785419	1.0798669357	0.0677442587698	0.000436788593878
1.80212878156	0.0810845060465	1.34055889054	0.0747488214991	0.000455203849714
1.91626568223	0.0684379812233	1.13268154873	0.0420248434631	0.000402907966317
1.61029452358	0.0971971921102	1.37858331923	0.0886786598908	0.000318818278655
2.16306541838	0.115424964265	1.38369549276	0.070928052277	0.000452850265926
1.59236332626	0.14767454121	1.38736215172	0.0841127971328	0.000343877712066
1.77217126776	0.0977560470956	1.28759206448	0.0673224229109	0.000487977593611
1.31476119628	0.0964524010244	1.35069346586	0.122770104905	0.000413705623808
1.92114542249	0.0780466703915	1.32836290497	0.0929082448057	0.000456127859154
1.95561866867	0.100763995091	1.77515811588	0.0788969674151	0.000369666390829
1.68563735321	0.109161234003	1.34258216307	0.0850584457812	0.000502780149294
1.85292216489	0.114405129729	1.42786132632	0.0982117849501	0.000425492580719
1.53128862774	0.0956078054323	1.58348857097	0.0753142015822	0.000488566351217
1.77820847615	0.092195776727	1.65250980909	0.0942905417277	0.000370153239007
1.97294117331	0.1065555333	1.136613121	0.0746369936908	0.000498693123263
2.16948632747	0.0771185958472	1.74849858118	0.0326312319371	0.000448298533998
1.31072079533	0.0958389521354	2.21447194308	0.0823626378048	0.000462863810915
2.74267472281	0.0778566433678	1.34515785621	0.110252432744	0.000314840075842
1.92580220061	0.0689458728736	1.17855974346	0.0854293933567	0.000358009467183
1.94740439339	0.0983854639215	1.27026934758	0.0802386388912	0.000481315956052
1.86711391399	0.110782559975	2.25092568409	0.0796305837484	0.000418637673734
2.23112673928	0.103106870482	1.17358744239	0.0936534347092	0.000489474145019
1.82776069802	0.10147791308	1.54058371443	0.0814868511775	0.000390749913058
1.55601865306	0.103952715256	1.36679801387	0.0770739451132	0.000509443562042
1.88380514261	0.0868961596684	1.90657552938	0.0692949723427	0.00027837405336
1.87809878644	0.0903326487482	1.45462705299	0.079732384832	0.000343676836687
1.7191948999	0.108169090475	1.61387349314	0.0800269120938	0.000409815855938
1.32775913478	0.0831288690065	1.05968486724	0.108257381771	0.000435482061533
2.16802811819	0.0876497025699	2.05742083058	0.0438342362887	0.000345552542049
1.21512669467	0.105584367716	1.57490308775	0.0751612092791	0.000444765436114
3.06919292374	0.0988312532424	1.29442210455	0.0751358828789	0.000434532891925
1.97916088861	0.100573964337	1.58076642103	0.09844850985	0.00053777613532
1.70075013555	0.11211560291	1.38708612448	0.0735643563495	0.000483951591052
1.7914228651	0.117575798849	1.40952267043	0.0533217358925	0.000490883062533
1.85254159755	0.0980615340555	1.61936598583	0.0812659841584	0.000443015475582
1.56915448279	0.104336610128	1.43587049781	0.0700328629009	0.00064027231552
1.44486956405	0.1031540088	1.27857003343	0.0919695981108	0.000746060333944
1.42049258725	0.0842841832131	1.26812100667	0.0782485862485	0.000477381671656
2.11044500007	0.110807792	2.01916215615	0.0693072140553	0.000324980503689
2.03040743164	0.102586507084	1.91514698263	0.0229283108395	0.000335186868464
2.38874935439	0.103728240471	1.39010369427	0.097347146596	0.000318469963842
1.60290676356	0.103702306612	1.2394930005	0.0494021105465	0.000601324703656
1.97155881549	0.100730099834	1.26807188682	0.0694572677669	0.000418740920584
1.85754251487	0.117354808854	1.19589338075	0.088496052188	0.000564961076806
1.80007142557	0.063135324663	1.54217488263	0.0784145246333	0.000512922477394
1.60381206468	0.0807038583636	1.35224785933	0.0740312562961	0.000498293257697
1.90251202658	0.0904565959328	2.29580912312	0.0764259666522	0.000358340725792
1.68733431382	0.104908614175	1.26468331136	0.138061109011	0.000643978256496
1.69753066934	0.0797755949912	1.4374084306	0.103049759861	0.000454445195638
1.91479026882	0.100029535945	1.68083342126	0.0899769912871	0.000380655544195
2.25360275127	0.0926519680085	1.25462458123	0.0747222091105	0.00033056348997
1.95382852408	0.162446248331	1.56599884076	0.0760042860078	0.000357217028489
2.90462790895	0.101676494572	1.2583793733	0.0957701182783	0.000465675188484
1.53656304742	0.102051628469	1.32153547934	0.0806465568108	0.000458334860716
1.725381689	0.0819698520272	1.24885921012	0.103317492854	0.00058696835895
1.63214208573	0.0943809661714	1.36189764028	0.0911411639385	0.000572268212983
1.9719648524	0.0906577527263	1.16028627008	0.0842521780609	0.000428878425366
1.86590122685	0.0836044775541	1.71558526204	0.0783296715217	0.000404312569557
1.65494489337	0.0999222298076	1.19255846332	0.0664692482614	0.000398655726673
1.76381465173	0.0826470380135	1.300668104	0.0640575137214	0.000457232693103
1.68664369737	0.100851415754	1.42782327714	0.0892005616583	0.000496941376156
1.90940647312	0.097678289853	1.38160271691	0.0813319762112	0.000384325147555
1.66570102411	0.0973773141253	1.34885982827	0.0704812004134	0.000512225586848
1.91942829159	0.0943681846535	0.802108301383	0.0827473943219	0.000312234647092
1.95985105348	0.103504500792	1.24251543166	0.0732363957436	0.000390540354009
1.52946272689	0.103155746172	1.52020595765	0.0974262548203	0.000639198068185
1.73158674692	0.090179979951	1.5405499725	0.0993338518941	0.000372968181621
1.79092534413	0.101711722393	1.69692439464	0.0706975078261	0.000540179771675
1.83391918817	0.0834826605329	1.18377773059	0.082537224548	0.000419598446774
1.88271720155	0.0977236356408	1.29715011337	0.07920478268	0.000421790318535
1.51375049276	0.0999164952118	1.00206446419	0.0702146756857	0.000452018749862
1.75639085478	0.101303952059	1.40462567664	0.0771451398749	0.000586167011886
1.42412982895	0.067270771781	1.36190079691	0.0955440430327	0.000363138888285
2.05363814156	0.0912076948025	0.919213936708	0.0930882568203	0.000293280702796
1.99202311304	0.110169786183	1.74631189845	0.101648957832	0.000498114583758
1.77451156872	0.0885643929555	1.10378093617	0.0978333680567	0.000509016654826
1.87432902386	0.067931833824	1.9130346114	0.0715600642113	0.000531640565725
1.81660997854	0.11680874738	1.39014722262	0.0926110452257	0.00039775028435
1.74275139831	0.173923840306	1.31272797585	0.0454296237604	0.000398098966564
1.67489562627	0.0930286421166	1.33108919769	0.128956347988	0.000437697955316
1.57050637788	0.0899862517685	1.13145913287	0.116256887525	0.000422485953325
1.61109569679	0.100770142747	1.28090393256	0.0725726191584	0.000458996575187
2.02611105217	0.106701108493	0.551857737958	0.07923873605	0.000360152991262
1.98660611298	0.10151721812	1.36237043131	0.0794051847053	0.000485904430485
1.71533889087	0.0974593830644	1.25742975589	0.0692328072309	0.000524596763013
1.5960303114	0.0961233629191	1.23905988966	0.103569574596	0.000496588104787
1.66458026398	0.0960740030695	1.3689367484	0.0858626832075	0.000508668064584
0.695836073542	0.113223154693	0.802121104308	0.0614399559762	0.000401391319276
1.98269626866	0.0975286324669	1.68169918325	0.0787272275095	0.000404423026107
1.68234829468	0.0793006795564	1.637309972	0.0652531276477	0.000271573224512
1.77758761256	0.0934339641993	1.53439507743	0.100431130349	0.000423512668869
1.88549700628	0.0510472357333	1.36841096799	0.0894145088868	0.000433383380167
1.68577641882	0.152411801623	1.27408488262	0.0759249105624	0.000424787400713
1.70496109504	0.0957502827552	1.62734539175	0.0939627784688	0.000481137031797
1.68647536858	0.0861934175593	1.74641033628	0.0264483428081	0.000487378282491
1.93078047624	0.0793779947223	1.34426445214	0.0864694725718	0.00043767296438
1.84857681063	0.115013955817	1.57270571631	0.0937707766855	0.000444241886214
1.61173628289	0.0963057627889	1.24238107022	0.0900134155858	0.000694353243056
2.10230471929	0.0953072125766	1.364509448	0.0856085111776	0.000361074370603
2.1856434803	0.088132916691	1.3803645721	0.0587824748852	0.000340477622662
1.98867750259	0.0917358902254	1.40337628958	0.0891005261392	0.000389731046356
1.87440541802	0.0879647059784	1.62187339111	0.00539141894071	0.000429961186731
1.67551236288	0.116063490137	1.25147167342	0.0959330603877	0.000456537139542
1.94194496396	0.101734222529	1.17151941557	0.0605976890209	0.000449222224792
1.7391083488	0.102367016521	1.33944062626	0.0675024674879	0.000439835532112
2.02109975517	0.0784145349857	1.15920154268	0.0793782156179	0.000617520574892
1.6389198825	0.0931379883281	1.28576609306	0.0612313367867	0.000411704111048
1.78515477062	0.109212014723	1.56862372563	0.0795185141813	0.000568027311712
1.62580987017	0.102799750597	1.19570856543	0.0815867046087	0.000394661583035
1.98969987682	0.0982164802324	3.17166984044	0.0819369154634	0.000540895555972
1.69521462732	0.104539841203	1.32361839581	0.0820667630803	0.000528271372769
1.71251504846	0.0777782108462	1.39811669361	0.081230400652	0.000415935502965
1.77609945635	0.104329291922	1.34533649593	0.0686714854614	0.000443116756558
1.92711019267	0.0906228301721	0.632726956449	0.0815688869762	0.000410381650706
1.74972295824	0.0811653093474	1.13725073458	0.0859351633464	0.000353953895971
1.93801902396	0.0878231305948	1.33927287944	0.0733465281412	0.000448539600259
1.8195757088	0.115648619846	1.25293896819	0.0776604126823	0.00044793516788
2.11333198815	0.0987336440947	1.05419254946	0.0630092934317	0.000500467791888
1.20756628812	0.102847545535	1.08188458959	0.125762405154	0.000480070788341
2.22091448963	0.106326532109	1.55803777307	0.0782485330454	0.000339916320061
1.83164689775	0.0832031394462	1.18575436441	0.0709347945216	0.00044408681096
1.94948094008	0.108776626292	1.39891041065	0.0695220445708	0.000406758402887
1.54553514469	0.115369658883	1.41025093294	0.118646669657	0.000460310551292
2.08146575434	0.100678795115	1.26125616141	0.0710164308722	0.000400816119916
1.84872655561	0.139143113794	1.39088665702	0.097514561508	0.000414593803474
1.84870965044	0.103032768692	1.32860730593	0.0783120240959	0.000394906487782
1.74362545671	0.0875305493478	1.19263856567	0.0931062646873	0.000458169079095
1.94381417451	0.102184129616	1.39969223918	0.0785211921152	0.000466752104016
2.2082124664	0.103657699817	1.32800450589	0.0881891523104	0.000447877782836
1.93391260419	0.108090127212	1.54285074054	0.0726502235214	0.000419470705036
1.76597623508	0.0879699257288	2.06441852428	0.074355201403	0.000467098012816
1.59488129382	0.0923549287365	1.05328411095	0.105147803258	0.000544118547593
1.99078259303	0.0973966500937	1.57567514163	0.0844291622807	0.000583300828263
1.59296435664	0.0932135420437	1.77759968947	0.078906368488	0.000518272539172
1.50204498273	0.0898426578728	1.46312873516	0.0804814940746	0.000390625384861
1.5732246044	0.0966691650155	1.41119536134	0.0693282876789	0.000479516753151
1.89769899652	0.103750953426	1.3350180853	0.0679745458761	0.000406524491624
1.52532915211	0.0986215584336	1.64990330867	0.0837798410942	0.000452285642033
1.70403135928	0.0742596988742	1.35135507819	0.079997374809	0.000435208584736
1.57112023975	0.111237837796	1.21473513214	0.109001132224	0.00060098410493
1.86823662076	0.108598337516	1.74061923373	0.081303763246	0.000389603869167
2.01917344037	0.133025467508	1.62812599179	0.133444595186	0.000390276046885
2.26965225584	0.15009902794	1.05370677614	0.0934010792538	0.000554664076351
1.92243890815	0.109124670562	1.55656119116	0.0622940315528	0.000306621677444
1.80513428838	0.0969811523767	1.36091948723	0.0798037312581	0.000446631276403
1.77127921884	0.0949786874111	1.27854389293	0.0698520828001	0.000433385455517
1.82762044676	0.0720136457956	1.18210302297	0.0914026882968	0.00042224893866
1.83572918069	0.096378855509	1.46566594555	0.0932727209507	0.000359745384728
1.82984361017	0.0932974036533	1.25477376915	0.0877278086817	0.000488341164486
2.00843285915	0.101191365599	1.41756120453	0.00921153757435	0.000544820247464
1.66100751536	0.109846911933	1.55854358573	0.0983764995477	0.000525193097378
1.86256617418	0.100592971609	1.22043586727	0.0789858487596	0.000421209041479
1.97586886919	0.0989990607153	0.916865367213	0.0725026386738	0.000492888627175
1.94112603434	0.096320864432	1.29389013809	0.0723918578082	0.000372631134021
1.52630068248	0.0953161912194	1.57207691014	0.0704958581969	0.000396112583529
2.3584044238	0.0893022752618	1.25372602549	0.0881901358933	0.000451618605784
1.86825199999	0.137466329444	2.36610266203	0.08868113815	0.000396078824375
1.91737553012	0.100423495621	1.18129498226	0.0859904724545	0.000429156230727
1.47844538068	0.107960860553	1.30709653481	0.0974349433157	0.000510198512036
1.40702768979	0.107796148056	1.43502341759	0.0722659916031	0.000314928923738
1.83672393191	0.124557961669	1.05992980374	0.124536808941	0.000582375549279
1.8572079164	0.0921454805876	1.42530623182	0.100088999545	0.000471298787204
1.88344936384	0.0973025094621	1.22882707948	0.131785069211	0.00045939975797
1.79810088494	0.106501577559	1.4842329566	0.0808763697433	0.000475743327538
1.82818186794	0.0997241464854	1.00112337251	0.0835357615046	0.000342435692597
1.46554141114	0.106651437215	1.28569546467	0.0968773686832	0.000397427300693
1.88657820905	0.0927026361907	1.18575983221	0.0883882889855	0.000422635905809
1.73527679435	0.0807155031402	1.31194770846	0.0974464379132	0.000411604649131
1.59139596398	0.0825996061306	1.19290356544	0.0876500145581	0.000558449962097
1.6570924276	0.118201775258	1.65767200588	0.0910973037924	0.000469639376137
1.66037231955	0.0966983031378	1.52632288068	0.092642662738	0.000422577154307
1.65935098637	0.0651351436338	1.9986964865	0.0903485063128	0.000492796597337
1.78398584932	0.122269046217	1.24347081063	0.103255005868	0.000484209495947
1.7974469495	0.0697080067377	1.76537034456	0.0998488119288	0.000499867208607
2.32954478197	0.0590499031225	1.19517700509	0.0783927587764	0.000508846925582
2.07687669392	0.0936113179326	1.23312695713	0.0767068582509	0.000312478539645
1.73219035754	0.0918193162295	1.38887386338	0.109055970028	0.000323437581336
1.8438506117	0.116031397464	1.20690007252	0.0793706991797	0.000412780922557
1.77343980423	0.0952759400619	1.38913934156	0.0815548398757	0.000506060871153
1.98063815516	0.0969720510426	1.27738975072	0.0700555386011	0.000388101789162
1.92392217027	0.0917513767834	2.02991271313	0.0688864805989	0.00042787437154
1.58477368996	0.103017593731	0.946121170782	0.0852461744254	0.000493334084767
1.11573478092	0.104518650376	1.46976349527	0.0923826276536	0.000464222000614
1.94095342835	0.0959872528622	1.73179546415	0.105397563622	0.000442541570274
1.81091298738	0.0900243449193	1.51745428439	0.0862935063664	0.000505570326209
2.07917990015	0.104571888616	0.915065800031	0.0838182187047	0.000468555436339
1.95338778217	0.104981645417	1.10593450073	0.152932680723	0.000619850185378
1.75688756038	0.111216117318	1.58487857492	0.0635297298451	0.000491319236145
1.97867365918	0.089838001098	1.32354658537	0.0723327240998	0.000429736747998
2.10707203161	0.0989501949366	2.79043814965	0.08401167843	0.000493386400048
1.96224727978	0.101176359441	1.06826742928	0.0926761474415	0.000400366221153
1.67959814075	0.0979502190761	1.2690585425	0.0917804714149	0.0004316091789
1.94698581039	0.0973832359598	1.338985607	0.0759335321028	0.000390321032035
1.72538954899	0.0899941218134	1.47457592685	0.0741476887692	0.00050798086304
4.62573090359	0.0984085543838	0.919545816529	0.0912214131087	0.000375374472411
1.9968353845	0.0995098238281	1.49456674943	0.10050828608	0.000466855233396
1.78458662602	0.125083258892	2.31599583269	0.0762992434767	0.000360779652347
1.88054836503	0.120004577546	1.13527516862	0.09132177168	0.000434068656081
1.93548516864	0.111592497948	0.855474727331	0.0950250423156	0.000521569890155
1.8135056024	0.0862966985729	1.31670918748	0.079391208654	0.000492784541813
1.73428570637	0.0925005842144	1.48487781096	0.0921603705278	0.00057618100453
1.78762115103	0.0867436603101	1.23992086293	0.0886597477295	0.00035112822642
1.73933226737	0.10078467947	1.39425291847	0.0793550598351	0.0004423790038
1.99064595114	0.100034401805	1.60143152678	0.0834267703606	0.000407684676885
1.77846161384	0.0928272867205	1.3494098371	0.0830229061375	0.000445026192486
1.76874270259	0.0880142033492	1.17401394669	0.103199283362	0.000469396117615
1.8814093523	0.113265036758	0.965744961004	0.11143348248	0.000592621819606
1.81866014986	0.105151426301	1.30322866997	0.0647854511354	0.0004533698179
1.77617741352	0.116972417734	1.46758102799	0.0956667653459	0.000421094320943
1.54520666807	0.078771077905	2.5203371817	0.0709549336696	0.000396588604027
1.71063637812	0.0781878660399	1.66007218119	0.06658669366	0.000528102759598
1.75459337846	0.142401370118	1.25644205087	0.0796352410025	0.000465379984354
1.86048785891	0.119435943754	1.20862069075	0.104372418249	0.000648993746986
1.37885126853	0.0981116195248	1.30616409377	0.0754108680501	0.000368667948201
2.25117097192	0.110851622775	1.59238587067	0.105902648035	0.000341481350286
1.80702555011	0.119860659966	1.47280602849	0.0765199904583	0.000409754046567
1.05243342813	0.0925088405146	1.4754996599	0.0774213246889	0.000439887714448
1.37669961976	0.0838459054831	0.906332764047	0.0865463806731	0.000321404052316
1.77461762585	0.0798095130319	1.33398308926	0.0752755223477	0.000399144609974
1.86980248656	0.10330271489	1.40971929495	0.0841461773334	0.000430847441089
1.7068694183	0.0935783586428	1.43690520433	0.0819025270749	0.000426425226974
1.53601718197	0.100576920605	1.59133370592	0.0674524692228	0.000399832251396
2.0318367432	0.130034575699	1.39643527809	0.0772542433815	0.000355260445127
1.77732171591	0.107683656434	1.25664456311	0.0673136472303	0.000430579343909
1.60364133269	0.114024642775	1.21780801906	0.0770874817958	0.000388859964929
1.78827808006	0.0950329833331	1.23967575276	0.0653591046895	0.000516135792058
1.74915221189	0.098497499625	1.1668314461	0.10640652254	0.000359232618909
1.81156341744	0.100439073904	1.35334387385	0.0784913700809	0.000411462220983
2.02739153981	0.0948231204742	1.39622789381	0.086580145806	0.000403896755398
1.84404232676	0.138445491988	0.948153069898	0.130650697376	0.000525095378817
1.92003338293	0.0956712684668	1.45122425794	0.0957131652002	0.000634571425355
1.92350356168	0.130969595792	1.52611138939	0.0739757144174	0.000442906887605
1.91248349527	0.0999392662966	1.39410728284	0.0800955298633	0.000438709406633
2.10191716743	0.0895706889828	1.49147244888	0.0712682011075	0.000353651997259
1.78747443982	0.0800416070955	1.29699482878	0.065809649093	0.000347687655455
2.14389000342	0.0878951571279	1.7698234514	0.0532248519795	0.000357210735959
2.35014277337	0.141619598832	1.10301810624	0.144150296964	0.00044697788291
1.71905603876	0.115493287959	1.35000608455	0.0863069726694	0.000344499111029
0.744781318586	0.0748357644922	1.48333373966	0.0678287569711	0.000290249838704
2.01015757583	0.108646607454	1.4197489689	0.0726462683078	0.00045116507593
1.7133997005	0.0756598314355	1.34655317729	0.0919847040611	0.000383012611811
1.9619135173	0.100788418556	1.28254041785	0.0675187269636	0.000413877586936
2.19601670651	0.100511268583	1.4070016207	0.0622500556845	0.000422604540886
1.65050545544	0.0970432343664	1.05287985165	0.0888009858705	0.000405040882298
1.82238301606	0.100789454595	1.21051920302	0.0680120530784	0.000475255444698
2.12241935948	0.0878453800534	1.21994838494	0.0774186021834	0.000394573548249
1.88907520658	0.112730962813	0.897690123072	0.0851330323542	0.000427240019986
1.72036407069	0.0713664700315	1.5717927135	0.0956525881191	0.000461784755783
1.15753847304	0.0940826300707	1.5657858965	0.0802104684646	0.000346421387323
1.77919008518	0.103771872699	1.24681208242	0.0845755743765	0.000381381509179
1.17388862595	0.0909292862694	1.11472524474	0.081358890865	0.000519131699468
1.85904901759	0.108806959246	1.34518684914	0.0803566004896	0.00048121683705
1.60975942958	0.103028435636	1.36117425895	0.0992237519815	0.000495869363848
1.87138535212	0.103711788412	1.04101261412	0.0751020088435	0.000403141164348
1.82910435196	0.0950191058427	1.59094697166	0.0851228393501	0.000346645232866
2.13276888402	0.0931308734088	1.39897467839	0.0875639637304	0.000499106763165
2.08898799463	0.104881483959	1.42346512959	0.0453228657496	0.000439971407672
2.05476262806	0.121037336904	1.45397548387	0.0820767304158	0.000363878127138
2.30833305182	0.099997002549	1.96503545832	0.0781652862816	0.000391186145807
2.08874006245	0.100859169595	1.39681803591	0.0897408348243	0.000421763097835
1.66406983651	0.0905427191619	1.28756840865	0.0747967535439	0.000557637891077
1.82247725872	0.0955286665908	1.16670597192	0.0865103094177	0.000479731987492
1.85468014077	0.0879580304603	1.24528704988	0.07583234675	0.000457116602837
1.77950062119	0.0940028153426	1.44225805222	0.0854119676106	0.000483095195731
2.1145817776	0.0854624071886	1.55780257259	0.101853641938	0.000378443941743
1.86067231438	0.0927655251308	1.50118560397	0.079542305781	0.000348508243138
1.95355141537	0.0918781101127	1.83472657834	0.0797383472413	0.000233047581128
2.42158380379	0.0724507737195	2.25295993625	0.0839618185691	0.0003329718691
2.39779283754	0.10172720924	1.46164410382	0.0594705879936	0.000310648553861
1.95023968881	0.0953796796931	1.44708875329	0.0791415591546	0.000378892049344
1.9456274079	0.0830388726461	1.30930592302	0.0924710706677	0.000421514896879
1.69206778674	0.110146915867	1.16466061752	0.110879188617	0.000497915587533
1.63424118979	0.0971881581873	1.6984281288	0.082977011195	0.000470303678717
2.22206293099	0.12308388358	1.16900474095	0.0830016552589	0.000555449368724
1.64200116623	0.0862410660074	-0.443532494308	0.0765384880256	0.000492934080277
2.15679368052	0.0966276481952	1.44964118604	0.0743391534908	0.00039115109375
2.08267192706	0.100289730167	1.42662445592	0.0620085997658	0.000304147922571
