103.0	102.0	89.0	115.0	119.0	110.0	1	0.025467526240076723	0.092259204384817939	DLR00012733-2009-11-13_10-01-59	274260.20437421201	1	107	275.5	217.0	183144.10668955886	1437321.4598540147	137	136
105.0	102.0	86.0	117.0	120.0	110.0	2	0.006659917949810858	0.097031764654042826	DLR00012733-2009-11-13_10-01-59	232397.32674925483	1	107	419.5	214.0	152440.82234159586	1495037.0802919709	137	136
108.0	104.0	87.0	119.0	119.0	107.0	3	0.028770845543182908	0.090039589121720512	DLR00012733-2009-11-13_10-01-59	286633.43763899594	1	107	552.5	228.0	194394.60585393815	1625656.6423357667	137	136
112.0	108.0	90.0	123.0	124.0	110.0	4	0.040865256540039425	0.10864352361543989	DLR00012733-2009-11-13_10-01-59	412460.56764432415	1	107	693.5	214.0	318188.27268273366	2433928.4671532842	137	136
112.0	108.0	88.0	121.0	119.0	103.0	5	0.021578134157387182	0.086243531514107158	DLR00012733-2009-11-13_10-01-59	315528.18641784729	1	107	832.5	225.0	190269.51925258647	1679575.1824817522	137	136
113.0	108.0	88.0	123.0	122.0	105.0	6	0.040172625073259097	0.096792530776898214	DLR00012733-2009-11-13_10-01-59	360148.67136087519	1	107	957.5	230.0	230846.71343107367	1744378.6861313868	137	136
113.0	109.0	88.0	121.0	119.0	102.0	7	0.031967606159092117	0.085921960014413531	DLR00012733-2009-11-13_10-01-59	346204.5415480081	1	107	1099.5	218.0	221025.06016075693	1878542.189781022	137	136
113.0	109.0	89.0	121.0	120.0	103.0	8	0.039107038201289357	0.088949393521996253	DLR00012733-2009-11-13_10-01-59	380783.59123329836	1	107	1240.5	214.0	262722.84128765704	2159526.1313868612	137	136
112.0	109.0	88.0	122.0	121.0	104.0	9	0.04885715807981246	0.093639586249477866	DLR00012733-2009-11-13_10-01-59	403081.52274873439	1	107	1377.5	214.0	289407.56142156938	2201547.1532846713	137	136
111.0	108.0	88.0	134.0	140.0	125.0	10	0.066918855559699508	0.1669337433898731	DLR00012733-2009-11-13_10-01-59	550304.85881454195	1	107	1503.5	220.0	462742.20475875807	2658209.3430656935	137	136
111.0	108.0	87.0	121.0	122.0	105.0	11	0.038840641483296925	0.093851354306309975	DLR00012733-2009-11-13_10-01-59	377901.24749978236	1	107	1650.5	214.0	273162.19742679346	2136743.6496350365	137	136
111.0	108.0	87.0	123.0	125.0	110.0	12	0.046086632212691138	0.10932586075928179	DLR00012733-2009-11-13_10-01-59	443602.91345615417	1	107	1775.5	225.0	347284.24421897205	2373175.1824817518	137	136
111.0	108.0	88.0	125.0	129.0	113.0	13	0.035270925462198309	0.1241180300684117	DLR00012733-2009-11-13_10-01-59	462196.80705361086	1	107	1926.5	214.0	378953.79944083799	2755161.4598540151	137	136
110.0	108.0	87.0	125.0	130.0	116.0	14	0.042836592253183439	0.12836117019555629	DLR00012733-2009-11-13_10-01-59	491053.09677546879	1	107	2057.5	218.0	406050.76339769736	2626060.7299270071	137	136
111.0	108.0	87.0	124.0	127.0	111.0	15	0.041025094570834884	0.11446313600629465	DLR00012733-2009-11-13_10-01-59	439012.5183132161	1	107	2197.5	213.0	346876.33611346513	2538727.8832116788	137	136
112.0	108.0	88.0	121.0	122.0	106.0	16	0.047365336459054823	0.097561154876928846	DLR00012733-2009-11-13_10-01-59	416932.68047917116	1	107	2321.5	223.0	306323.47875435522	2155982.1897810218	137	136
112.0	108.0	88.0	121.0	122.0	105.0	17	0.036123394959774097	0.096431765132749925	DLR00012733-2009-11-13_10-01-59	402551.34439019707	1	107	2471.5	214.0	302202.53901196917	2398742.1897810218	137	136
111.0	108.0	88.0	123.0	124.0	108.0	18	0.042037402099206138	0.10418861543146317	DLR00012733-2009-11-13_10-01-59	440126.80493341881	1	107	2608.5	214.0	346468.62458389049	2541006.1313868617	137	136
111.0	108.0	88.0	122.5	124.0	108.0	19	0.033299589749054288	0.10568272015343008	DLR00012733-2009-11-13_10-01-59	404575.63116276485	1	107	2744.5	214.0	303056.27561598812	2289892.5547445258	137	136
111.0	107.0	88.0	121.0	122.0	108.0	20	0.03404550055943311	0.10035333376020091	DLR00012733-2009-11-13_10-01-59	395875.56502872281	1	107	2871.5	216.0	296142.15699987364	2195724.9635036495	137	136
109.0	106.0	88.0	120.0	121.0	106.0	21	0.016250199797538493	0.094086668769009119	DLR00012733-2009-11-13_10-01-59	317752.36171348905	1	107	3013.5	217.0	217624.6263128685	1837533.7226277376	137	136
106.0	103.0	86.0	123.0	125.0	111.0	22	0.0095370025041291492	0.11054156737884367	DLR00012733-2009-11-13_10-01-59	238028.59653177363	1	107	3144.5	225.0	150351.83186876733	1194308.3211678832	137	136
103.0	101.0	86.0	118.0	120.0	110.0	23	0.0068730353242048058	0.097267049197547722	DLR00012733-2009-11-13_10-01-59	192456.17380673657	1	107	3292.5	214.0	116427.22158760949	1052550.6569343067	137	136
101.0	100.0	87.0	120.0	124.0	113.0	24	0.010176354627310992	0.10931802193039086	DLR00012733-2009-11-13_10-01-59	205860.96341008821	1	107	3428.5	214.0	134137.43498226345	1064195.0364963503	137	136
101.0	98.0	83.0	124.0	126.0	113.0	1	0.014545260802386915	0.116553320835109	DLR00012733-2009-11-13_10-01-59	174132.97550217737	2	107	282.5	350.0	144381.3863786537	1069764.0875912409	137	136
101.0	98.0	80.0	155.0	183.0	180.0	2	0.024188821993713038	0.33950233015074932	DLR00012733-2009-11-13_10-01-59	1287396.6171028486	2	107	411.5	353.0	1281446.2326931034	4124135.4744525542	137	136
106.0	102.0	83.0	133.0	138.0	125.0	3	0.068410677180457138	0.16211998439017944	DLR00012733-2009-11-13_10-01-59	274310.16667052393	2	107	556.5	350.0	202653.6613987548	1213040.5839416056	137	136
109.0	104.0	85.0	137.0	140.0	126.0	4	0.069263146678032933	0.17145531153861696	DLR00012733-2009-11-13_10-01-59	330185.66672487638	2	107	693.5	350.0	228030.63037211803	1267465.4014598543	137	136
109.0	105.0	85.0	145.0	152.0	139.0	5	0.094357717512920242	0.21733172851165616	DLR00012733-2009-11-13_10-01-59	478273.6434981036	2	107	821.5	362.0	393431.63020998315	1976506.8613138685	137	136
110.0	106.0	85.0	138.0	142.0	127.0	6	0.084714156321594111	0.17627098536674196	DLR00012733-2009-11-13_10-01-59	396557.53363927751	2	107	958.5	358.0	293956.90347033273	1669702.7737226277	137	136
111.0	106.0	85.0	129.0	132.0	114.0	7	0.059779423517502261	0.13275330791001708	DLR00012733-2009-11-13_10-01-59	315979.51589764951	2	107	1103.5	350.0	200716.23329300038	1332775.182481752	137	136
110.0	106.0	84.0	122.0	120.0	99.0	8	0.00015983803079546059	0.084792540351040363	DLR00012733-2009-11-13_10-01-59	146685.43258777983	2	107	1240.5	350.0	4065.0852582121879	45311.824817518253	137	136
109.0	106.0	85.0	132.0	136.0	120.0	9	0.068570515211252597	0.15184746840136207	DLR00012733-2009-11-13_10-01-59	332725.41344234324	2	107	1368.5	351.0	221925.0193003462	1326446.7153284671	137	136
108.0	105.0	84.0	148.0	159.0	146.0	10	0.048111247269433638	0.24153761325813289	DLR00012733-2009-11-13_10-01-59	526841.53865351586	2	107	1513.5	350.0	445663.60078083962	2048651.3868613138	137	136
107.0	105.0	84.0	136.0	142.0	127.0	11	0.066386062123714631	0.17476114314860469	DLR00012733-2009-11-13_10-01-59	353477.62614852627	2	107	1644.5	354.0	259339.22565770027	1474279.7080291968	137	136
107.0	105.0	84.0	132.0	137.0	121.0	12	0.062549949384623577	0.15549054916882529	DLR00012733-2009-11-13_10-01-59	288583.96554765524	2	107	1780.5	353.0	183571.79954927438	1159881.4598540145	137	136
106.0	106.0	85.0	155.0	178.0	170.0	13	0.038734082796099953	0.31671407666576157	DLR00012733-2009-11-13_10-01-59	992216.58513334626	2	107	1918.5	353.0	947285.52110185404	3259413.7226277376	137	136
107.0	105.0	84.0	128.0	132.0	114.0	14	0.046992381053865419	0.13196116732331364	DLR00012733-2009-11-13_10-01-59	239866.87028692375	2	107	2054.5	350.0	134826.29089620197	955345.40145985398	137	136
107.0	105.0	84.0	154.0	175.0	167.0	15	0.043635782407160741	0.30532976341897849	DLR00012733-2009-11-13_10-01-59	776010.08867694961	2	107	2188.5	353.0	714766.32408394699	2663018.9781021895	137	136
109.0	106.0	84.0	128.0	130.0	111.0	16	0.026692951142841922	0.1241180300684117	DLR00012733-2009-11-13_10-01-59	217877.93016553059	2	107	2334.5	350.0	95071.724769991299	709547.73722627736	137	136
107.0	105.0	85.0	158.0	186.0	181.0	17	0.044115296499547124	0.34812976916346378	DLR00012733-2009-11-13_10-01-59	1165544.5648059663	2	107	2593.5	350.0	1128343.7143880792	3572040.0	137	136
107.0	105.0	85.0	158.0	186.0	181.0	18	0.044328413873941076	0.34812976916346378	DLR00012733-2009-11-13_10-01-59	1165573.3065639928	2	107	2594.5	349.0	1128921.1515680782	3577355.9124087594	137	136
108.0	105.0	84.0	133.0	138.0	122.0	19	0.05386541637807022	0.15670628570758141	DLR00012733-2009-11-13_10-01-59	305599.63156060717	2	107	2727.5	357.0	204417.94648116085	1215571.9708029197	137	136
108.0	104.0	84.0	155.0	180.0	175.0	20	0.039479993606478768	0.32556118240258752	DLR00012733-2009-11-13_10-01-59	945114.45462458942	2	107	2875.5	348.0	895176.41489507677	3060699.8540145983	137	136
107.0	102.0	82.0	130.0	133.0	116.0	21	0.018701049603068891	0.13799254777100053	DLR00012733-2009-11-13_10-01-59	212251.75839567147	2	107	3018.5	350.0	131493.13816762753	748531.0948905109	137	136
103.0	100.0	81.0	131.0	135.0	121.0	22	0.05237359475731259	0.14886314845267945	DLR00012733-2009-11-13_10-01-59	210395.32932476018	2	107	3155.5	350.0	170031.63432353819	1086724.3795620438	137	136
101.0	96.0	78.0	136.0	143.0	132.0	23	0.070382012893601145	0.1833729045035373	DLR00012733-2009-11-13_10-01-59	266825.19464645552	2	107	3279.5	350.0	262236.00024788489	1473520.2919708032	137	136
98.0	96.0	81.0	125.0	129.0	116.0	24	0.017209227982311257	0.12836117019555629	DLR00012733-2009-11-13_10-01-59	106899.61452021525	2	107	3428.5	350.0	112105.61881151948	863456.0583941607	137	136
102.0	98.0	81.0	125.0	127.0	113.0	1	0.022590441685758432	0.11996117689745581	DLR00012733-2009-11-13_10-01-59	102559.86916957943	3	107	286.5	500.0	76115.347804792691	596901.02189781016	137	136
104.0	100.0	81.0	126.0	129.0	116.0	2	0.039586552293675741	0.12761410287497571	DLR00012733-2009-11-13_10-01-59	127683.02913604128	3	107	419.5	487.0	82268.94809261417	613608.17518248176	137	136
106.0	102.0	82.0	133.0	138.0	124.0	3	0.059353188768714371	0.15987293322596377	DLR00012733-2009-11-13_10-01-59	242904.76913874998	3	107	556.5	487.0	171874.11263384359	1027236.7883211679	137	136
109.0	104.0	84.0	131.0	132.0	117.0	4	0.052213756726517131	0.13956902003471072	DLR00012733-2009-11-13_10-01-59	256639.23200977244	3	107	691.5	491.0	153612.5313414878	1014326.7153284672	137	136
110.0	105.0	85.0	126.0	126.0	109.0	5	0.033352869092652782	0.11324742938673277	DLR00012733-2009-11-13_10-01-59	208644.07029645771	3	107	827.5	485.0	85763.22067277829	650313.28467153281	137	136
110.0	106.0	85.0	130.0	133.0	117.0	6	0.06654590015451009	0.14079451023078915	DLR00012733-2009-11-13_10-01-59	355171.86906443856	3	107	953.5	492.0	255404.54562315249	1640844.9635036497	137	136
110.0	106.0	85.0	132.0	137.0	120.0	7	0.070382012893601145	0.15278471708013044	DLR00012733-2009-11-13_10-01-59	341975.73197324044	3	107	1103.5	487.0	233626.29960265476	1421880.0	137	136
109.0	106.0	84.0	119.0	118.0	98.0	8	0.0011721455591667111	0.076949403096138402	DLR00012733-2009-11-13_10-01-59	147302.32717070924	3	107	1240.5	487.0	7330.0714911276209	82776.350364963495	137	136
108.0	106.0	85.0	128.0	131.0	114.0	9	0.045127604027918378	0.12893370389653669	DLR00012733-2009-11-13_10-01-59	253105.58170646784	3	107	1377.5	486.0	129092.61079701997	908008.46715328458	137	136
105.0	105.0	85.0	155.0	182.0	177.0	10	0.048111247269433638	0.33530233350169908	DLR00012733-2009-11-13_10-01-59	1053192.578425271	3	107	1504.5	488.0	1013452.6082929954	3335861.6058394159	137	136
105.0	104.0	84.0	142.0	154.0	140.0	11	0.065000799190153974	0.21979647173316352	DLR00012733-2009-11-13_10-01-59	446110.81140136323	3	107	1650.5	487.0	368944.79151971242	1821332.8467153285	137	136
104.0	104.0	84.0	155.0	185.0	181.0	12	0.034525014651819487	0.34645136220497724	DLR00012733-2009-11-13_10-01-59	1195819.5510939951	3	107	1778.5	488.0	1169803.5367008063	3680889.635036496	137	136
106.0	105.0	84.0	134.0	141.0	126.0	13	0.073418935478714906	0.17088271799924809	DLR00012733-2009-11-13_10-01-59	328040.00601975544	3	107	1920.5	492.0	231053.78022085063	1318852.5547445256	137	136
107.0	105.0	83.0	117.0	117.0	97.0	14	0.0030902019287122381	0.073006262729640253	DLR00012733-2009-11-13_10-01-59	132095.72400169267	3	107	2053.5	493.0	16708.579650392916	187828.90510948905	137	136
108.0	105.0	83.0	120.0	120.0	100.0	15	0.0022910117747349354	0.084749396872946012	DLR00012733-2009-11-13_10-01-59	129219.98986370506	3	107	2201.5	491.0	8956.8837562971221	93914.452554744523	137	136
108.0	105.0	84.0	132.0	137.0	121.0	16	0.063508977569396344	0.15451997050767335	DLR00012733-2009-11-13_10-01-59	302782.89949692384	3	107	2321.5	485.0	194314.13939522809	1175576.0583941606	137	136
108.0	105.0	84.0	139.0	146.0	131.0	17	0.07933294261814694	0.19016898963680937	DLR00012733-2009-11-13_10-01-59	369856.22989136248	3	107	2467.5	489.0	272490.17509376002	1474026.5693430656	137	136
107.0	105.0	84.0	134.0	140.0	124.0	18	0.057008897650380946	0.16474156402789392	DLR00012733-2009-11-13_10-01-59	306933.58857136365	3	107	2602.5	489.0	206449.20725365414	1217850.2189781023	137	136
107.0	104.0	84.0	154.0	175.0	167.0	19	0.035697160210986199	0.30607882036597606	DLR00012733-2009-11-13_10-01-59	788126.41924513795	3	107	2740.5	486.0	729237.04898279556	2640236.4963503648	137	136
108.0	104.0	83.0	134.0	140.0	124.0	20	0.057914646491555227	0.16450627948438903	DLR00012733-2009-11-13_10-01-59	306561.83801491902	3	107	2881.5	487.0	215821.1213682821	1301132.8467153287	137	136
106.0	102.0	81.0	126.0	129.0	113.0	21	0.0087910916937503324	0.12251998606565434	DLR00012733-2009-11-13_10-01-59	139004.12769088917	3	107	3018.5	487.0	64624.860418257806	437423.64963503642	137	136
102.0	99.0	80.0	157.0	183.0	180.0	22	0.021365016782993233	0.34101217236888659	DLR00012733-2009-11-13_10-01-59	1215140.4649061176	3	107	3142.5	486.0	1205313.8688782232	3854289.635036496	137	136
99.0	95.0	77.0	145.0	161.0	153.0	23	0.042303798817198569	0.25249450089600056	DLR00012733-2009-11-13_10-01-59	501136.28088066651	3	107	3291.5	487.0	506915.72669090505	2324066.2773722624	137	136
97.0	94.0	78.0	133.0	140.0	128.0	24	0.043475944376365282	0.17145531153861696	DLR00012733-2009-11-13_10-01-59	123118.02483328551	3	107	3428.5	487.0	154556.43517287198	873834.74452554737	137	136
103.0	99.0	81.0	121.0	121.0	106.0	1	0.0084181362885609248	0.094086668769009119	DLR00012733-2009-11-13_10-01-59	87621.869087605184	4	107	273.5	633.0	46760.965862472884	420463.35766423354	137	136
105.0	100.0	81.0	130.0	134.0	120.0	2	0.053226064254888378	0.14513372089063903	DLR00012733-2009-11-13_10-01-59	187038.85637313567	4	107	419.5	623.0	137611.1176569149	907755.32846715336	137	136
107.0	102.0	82.0	130.0	133.0	118.0	3	0.043422665032766795	0.14097686771968315	DLR00012733-2009-11-13_10-01-59	195792.80860399292	4	107	556.5	623.0	116460.58314110085	781185.98540145997	137	136
109.0	104.0	84.0	140.0	146.0	132.0	4	0.06718525227769194	0.19078466681588413	DLR00012733-2009-11-13_10-01-59	353857.16451157234	4	107	693.5	623.0	260385.56788702949	1404160.2919708029	137	136
110.0	105.0	84.0	131.0	133.0	116.0	5	0.061963876605040227	0.1398043045782156	DLR00012733-2009-11-13_10-01-59	283221.08400887426	4	107	822.5	623.0	172914.68910334271	1145452.5547445256	137	136
110.0	106.0	85.0	129.0	130.0	113.0	6	0.045873514838297193	0.12831802671746192	DLR00012733-2009-11-13_10-01-59	255278.94939695095	4	107	966.5	623.0	133465.37244774759	947751.24087591236	137	136
110.0	106.0	85.0	133.0	138.0	122.0	7	0.063881932974585748	0.1572199982726856	DLR00012733-2009-11-13_10-01-59	323600.14705952723	4	107	1085.5	625.0	211086.24397507246	1266452.8467153287	137	136
108.0	105.0	84.0	162.0	186.0	179.0	8	0.017795300761894613	0.34898079072443189	DLR00012733-2009-11-13_10-01-59	423844.38695531298	4	107	1240.5	623.0	322814.57342964906	1136339.5620437956	137	136
108.0	106.0	85.0	134.0	140.0	125.0	9	0.066865576216101022	0.16753374291116599	DLR00012733-2009-11-13_10-01-59	332314.35955765611	4	107	1377.5	623.0	223133.2340207716	1281641.1678832115	137	136
106.0	105.0	84.0	133.0	139.0	123.0	10	0.067451648995684371	0.16271800924465249	DLR00012733-2009-11-13_10-01-59	291312.23372410302	4	107	1499.5	634.0	190137.54404903966	1140896.0583941606	137	136
104.0	104.0	84.0	156.0	186.0	181.0	11	0.04725877777185785	0.34758075194915616	DLR00012733-2009-11-13_10-01-59	1060966.9316869541	4	107	1640.5	618.0	1023930.2884567138	3225493.1386861312	137	136
105.0	104.0	84.0	134.0	141.0	126.0	12	0.061058127763865946	0.16898470415503852	DLR00012733-2009-11-13_10-01-59	292861.25019290287	4	107	1774.5	630.0	201385.43461682062	1183170.2189781021	137	136
105.0	104.0	84.0	155.0	180.0	174.0	13	0.04928339282860035	0.32545137895972603	DLR00012733-2009-11-13_10-01-59	875046.22512170975	4	107	1913.5	624.0	824073.72772068239	2799460.7299270071	137	136
107.0	105.0	84.0	135.0	142.0	126.0	14	0.072353348606745166	0.17201216758181548	DLR00012733-2009-11-13_10-01-59	328256.31910783146	4	107	2061.5	623.0	228685.90513410172	1283160.0	137	136
108.0	105.0	84.0	119.0	119.0	100.0	15	0.004368906175075923	0.082000391386962551	DLR00012733-2009-11-13_10-01-59	141444.9536801042	4	107	2194.5	634.0	20285.215671080048	199220.14598540147	137	136
108.0	105.0	84.0	130.0	135.0	118.0	16	0.057861367147956734	0.14513372089063903	DLR00012733-2009-11-13_10-01-59	285913.45563857537	4	107	2324.5	622.0	177629.78251441615	1178360.5839416056	137	136
108.0	105.0	83.0	124.0	120.0	103.0	17	5.3279343598486864e-05	0.088435680956892082	DLR00012733-2009-11-13_10-01-59	123130.81866989307	4	107	2473.5	625.0	707.5472516908975	7341.0218978102184	137	136
108.0	105.0	84.0	135.0	140.0	124.0	18	0.06825083914966168	0.1674572395314938	DLR00012733-2009-11-13_10-01-59	337802.00462574814	4	107	2600.5	629.0	236299.29527601195	1385174.8905109488	137	136
108.0	105.0	83.0	132.0	137.0	120.0	19	0.052799829506100487	0.15242000210234244	DLR00012733-2009-11-13_10-01-59	298745.06913188909	4	107	2737.5	619.0	199422.25965300406	1217850.2189781023	137	136
108.0	104.0	83.0	138.0	145.0	130.0	20	0.060258937609888645	0.18714158604842088	DLR00012733-2009-11-13_10-01-59	359408.75783655385	4	107	2876.5	623.0	275227.96398361161	1486936.6423357667	137	136
107.0	103.0	82.0	128.0	130.0	113.0	21	0.038254568703713569	0.12703566013313289	DLR00012733-2009-11-13_10-01-59	188212.62408936943	4	107	3008.5	619.0	109554.27073971185	813081.45985401457	137	136
103.0	100.0	81.0	136.0	142.0	128.0	22	0.056209707496403645	0.17650626991024687	DLR00012733-2009-11-13_10-01-59	269194.46898433554	4	107	3155.5	623.0	229243.47418378241	1326446.7153284671	137	136
100.0	96.0	78.0	149.0	168.0	162.0	23	0.032180723533486069	0.28180035165427259	DLR00012733-2009-11-13_10-01-59	647568.05900584452	4	107	3282.5	626.0	645160.78128084785	2563788.6131386864	137	136
98.0	94.0	76.0	125.0	129.0	115.5	24	0.032979913687463371	0.12529056329068497	DLR00012733-2009-11-13_10-01-59	62299.005154125502	4	107	3415.5	627.0	98654.006952701151	741696.35036496341	137	136
104.0	100.0	82.0	132.0	135.0	122.0	1	0.060631893015078056	0.15189055204106794	DLR00012733-2009-11-13_10-01-59	246578.26516522764	5	107	282.5	759.0	207624.92170919353	1358089.0510948906	137	136
104.0	100.0	82.0	160.0	186.0	182.0	2	0.046885822366668439	0.35188271321217701	DLR00012733-2009-11-13_10-01-59	1153391.5907949142	5	107	410.5	765.0	1134475.0286472046	3581659.2700729929	137	136
107.0	102.0	82.0	128.0	129.0	113.0	3	0.031914326815493631	0.12531213502973215	DLR00012733-2009-11-13_10-01-59	166439.45726291245	5	107	556.5	759.0	83731.709649332712	600444.96350364969	137	136
109.0	104.0	84.0	150.0	160.0	148.0	4	0.065906548031328255	0.24611800254275298	DLR00012733-2009-11-13_10-01-59	515239.86957989592	5	107	692.5	766.0	436621.84472334775	2025362.6277372262	137	136
110.0	105.0	84.0	130.0	130.0	112.0	5	0.028664286855985936	0.12797293873109553	DLR00012733-2009-11-13_10-01-59	192127.499738035	5	107	830.5	759.0	67438.543761280787	478178.97810218984	137	136
110.0	106.0	84.0	130.0	132.0	114.0	6	0.043102988971175878	0.13281215896508755	DLR00012733-2009-11-13_10-01-59	251957.57930471218	5	107	966.5	759.0	130706.65852845198	889276.20437956206	137	136
109.0	106.0	84.0	139.0	147.0	132.0	7	0.070754968298790563	0.19258077588451156	DLR00012733-2009-11-13_10-01-59	448047.54532773257	5	107	1103.5	759.0	357580.44969721889	1836521.1678832117	137	136
108.0	105.0	85.0	138.0	145.0	131.0	8	0.074591081037881618	0.18737687059192579	DLR00012733-2009-11-13_10-01-59	423364.68440546916	5	107	1240.5	759.0	330495.03130898601	1721089.9270072991	137	136
108.0	105.0	85.0	137.0	144.0	129.0	9	0.075976343971442276	0.18322001742096991	DLR00012733-2009-11-13_10-01-59	405646.63744136674	5	107	1371.5	762.0	312711.10805009451	1693750.9489051094	137	136
107.0	105.0	84.0	132.0	137.0	121.0	10	0.063029463477009967	0.15576903702881303	DLR00012733-2009-11-13_10-01-59	276436.67237619718	5	107	1513.5	759.0	172503.67550019451	1077105.1094890512	137	136
106.0	104.0	84.0	135.0	141.0	127.0	11	0.067238531621290426	0.17196902410372114	DLR00012733-2009-11-13_10-01-59	307074.28095150297	5	107	1650.5	759.0	212160.80999698536	1202661.8978102189	137	136
106.0	104.0	83.0	158.0	177.0	169.0	12	0.0158239650487506	0.31430235025644787	DLR00012733-2009-11-13_10-01-59	257716.20193013267	5	107	1787.5	759.0	164368.08815375061	625252.55474452558	137	136
107.0	104.0	84.0	133.0	139.0	124.0	13	0.057594970429964303	0.16333368642372725	DLR00012733-2009-11-13_10-01-59	295371.2161989939	5	107	1923.5	770.0	201965.17478426959	1172791.5328467153	137	136
107.0	104.0	84.0	131.0	135.0	119.0	14	0.056742500932388515	0.14792589977391107	DLR00012733-2009-11-13_10-01-59	248814.56947760648	5	107	2061.5	759.0	145358.53859729803	901173.72262773721	137	136
107.0	105.0	84.0	136.0	142.0	127.0	15	0.066492620810911604	0.17509839230608021	DLR00012733-2009-11-13_10-01-59	342679.70065329503	5	107	2192.5	766.0	247896.95554108001	1367455.182481752	137	136
107.0	105.0	84.0	133.0	139.0	123.0	16	0.063615536256593316	0.16081999540044295	DLR00012733-2009-11-13_10-01-59	302514.65053363051	5	107	2321.5	764.0	202882.1674321047	1187726.7153284671	137	136
108.0	105.0	84.0	138.0	146.0	131.0	17	0.061644200543449303	0.18803961066354036	DLR00012733-2009-11-13_10-01-59	368272.19061635307	5	107	2458.5	758.0	275019.7162414082	1402388.3211678832	137	136
108.0	105.0	83.0	132.0	136.0	120.0	18	0.050988331823751933	0.15242000210234244	DLR00012733-2009-11-13_10-01-59	279863.36012256541	5	107	2594.5	763.0	178359.20398789656	1082421.0218978103	137	136
108.0	104.0	82.0	126.0	126.0	108.0	19	0.01481165752037935	0.11224352074319723	DLR00012733-2009-11-13_10-01-59	144116.48250250882	5	107	2741.5	760.0	42498.034998884366	340724.6715328467	137	136
108.0	104.0	82.0	124.0	124.0	106.0	20	0.012520645745644413	0.104121955466696	DLR00012733-2009-11-13_10-01-59	146855.70469587174	5	107	2881.5	759.0	47986.330666595313	412869.19708029192	137	136
107.0	103.0	81.0	145.0	154.0	141.0	21	0.044594810591933508	0.22294941626058387	DLR00012733-2009-11-13_10-01-59	486698.45780866465	5	107	3012.5	759.0	429116.54367248155	2060042.6277372262	137	136
105.0	100.0	79.0	135.0	139.0	124.0	22	0.056582662901593049	0.16365525792342089	DLR00012733-2009-11-13_10-01-59	222163.78835903254	5	107	3145.5	760.0	181885.20897668434	1091280.8759124088	137	136
102.0	97.0	77.0	130.0	135.0	121.0	23	0.045820235494698706	0.14824741143521622	DLR00012733-2009-11-13_10-01-59	149183.68251827994	5	107	3288.5	763.0	147558.09117169451	965217.81021897821	137	136
99.0	94.0	76.0	127.0	131.0	117.0	24	0.040012787042463638	0.13313370054558693	DLR00012733-2009-11-13_10-01-59	81341.272623100042	5	107	3411.5	762.0	113068.76402694505	836117.08029197087	137	136
104.0	100.0	81.0	127.0	128.0	113.0	1	0.042357078160797056	0.12046313121922358	DLR00012733-2009-11-13_10-01-59	162499.08952876908	6	107	278.5	898.0	115117.86435525058	871809.63503649633	137	136
104.0	100.0	82.0	154.0	174.0	168.0	2	0.036922585113751398	0.30499251426150298	DLR00012733-2009-11-13_10-01-59	837225.53463588783	6	107	411.5	899.0	805281.29695417115	2948053.1386861312	137	136
107.0	103.0	83.0	138.0	142.0	128.0	3	0.065320475251744892	0.17654941338834124	DLR00012733-2009-11-13_10-01-59	271018.79347351135	6	107	557.5	903.0	187451.10624934282	1034324.6715328466	137	136
109.0	104.0	83.0	120.0	116.0	97.0	4	0.0	0.072749406447088161	DLR00012733-2009-11-13_10-01-59	111292.33613084837	6	107	693.5	895.0	1257.6475554843157	20504.233576642335	137	136
110.0	105.0	83.0	123.0	122.0	103.0	5	0.0052746550162501996	0.095021942780957644	DLR00012733-2009-11-13_10-01-59	139705.2511115488	6	107	830.5	895.0	18049.685474530557	160489.92700729927	137	136
110.0	106.0	84.0	136.0	140.0	124.0	6	0.069529543396025364	0.16753374291116599	DLR00012733-2009-11-13_10-01-59	319672.68879732734	6	107	956.5	895.0	211189.07014475757	1222659.8540145985	137	136
109.0	105.0	84.0	139.0	146.0	131.0	7	0.074591081037881618	0.19049056113650298	DLR00012733-2009-11-13_10-01-59	363332.94212975784	6	107	1103.5	895.0	263251.31152415939	1400616.3503649635	137	136
108.0	105.0	84.0	134.0	139.0	123.0	8	0.066599179498108577	0.16363371610356794	DLR00012733-2009-11-13_10-01-59	298079.8534291918	6	107	1237.5	897.0	189978.69324367901	1113303.9416058394	137	136
108.0	105.0	84.0	128.0	130.0	113.0	9	0.031008577974319357	0.12799645521776831	DLR00012733-2009-11-13_10-01-59	206528.91150124714	6	107	1374.5	897.0	89327.258550260769	649300.72992700723	137	136
107.0	105.0	85.0	135.0	142.0	127.0	10	0.077947679684586282	0.17505530866637431	DLR00012733-2009-11-13_10-01-59	361557.02857692359	6	107	1505.5	902.0	268785.07549009327	1528957.6642335765	137	136
107.0	104.0	84.0	141.0	150.0	137.0	11	0.053385902285683844	0.2061768356463069	DLR00012733-2009-11-13_10-01-59	331165.68962464324	6	107	1641.5	899.0	238151.16092159823	1117354.1605839415	137	136
106.0	104.0	84.0	132.0	136.0	121.0	12	0.064947519846555488	0.15236118096646623	DLR00012733-2009-11-13_10-01-59	277113.7785314814	6	107	1785.5	898.0	182763.56861260274	1162919.1240875912	137	136
107.0	104.0	84.0	137.0	143.0	129.0	13	0.045553838776706268	0.17983373309767026	DLR00012733-2009-11-13_10-01-59	313540.33081232512	6	107	1924.5	895.0	223496.27727652446	1125454.5985401459	137	136
107.0	104.0	83.0	123.0	125.0	108.0	14	0.01635675848473547	0.10843175555860778	DLR00012733-2009-11-13_10-01-59	154065.59132106422	6	107	2051.5	899.0	52657.156243824771	395149.48905109492	137	136
106.0	104.0	84.0	143.0	153.0	140.0	15	0.074750919068677077	0.21907099111122727	DLR00012733-2009-11-13_10-01-59	418517.09985573927	6	107	2189.5	899.0	340837.60920281574	1659324.0875912409	137	136
106.0	104.0	83.0	143.0	154.0	141.0	16	0.081677233736480365	0.22250236366024687	DLR00012733-2009-11-13_10-01-59	452158.61138024606	6	107	2326.5	896.0	383504.00444654893	1909425.1094890512	137	136
106.0	104.0	83.0	130.0	134.0	117.0	17	0.044275134530342583	0.14097686771968315	DLR00012733-2009-11-13_10-01-59	243404.54908206305	6	107	2471.5	895.0	151345.58243891943	997113.28467153292	137	136
107.0	104.0	83.0	141.0	150.0	136.0	18	0.066439341467313118	0.20726314175077995	DLR00012733-2009-11-13_10-01-59	389556.36336500238	6	107	2597.5	895.0	310744.06748375599	1593001.7518248179	137	136
106.0	103.0	83.0	158.0	187.0	183.0	19	0.028664286855985936	0.3530121627947444	DLR00012733-2009-11-13_10-01-59	1229779.3554166208	6	107	2868.5	893.0	1205805.6169199969	3740124.0875912406	137	136
106.0	103.0	83.0	158.0	187.0	183.0	20	0.030475784538334487	0.3530121627947444	DLR00012733-2009-11-13_10-01-59	1228123.1924180039	6	107	2872.5	893.0	1205660.2527781404	3734808.1751824818	137	136
107.0	102.0	81.0	136.0	140.0	125.0	21	0.047312057115456337	0.16810627661214636	DLR00012733-2009-11-13_10-01-59	270749.59492659359	6	107	3018.5	895.0	206550.61114425483	1224684.9635036495	137	136
105.0	100.0	79.0	126.0	128.0	110.0	22	0.029996270445948107	0.11716899801418375	DLR00012733-2009-11-13_10-01-59	147096.96038951626	6	107	3142.5	893.0	103120.21470082978	803715.32846715336	137	136
102.0	96.0	75.0	140.0	147.0	133.0	23	0.013799349992008098	0.19517686436873338	DLR00012733-2009-11-13_10-01-59	23162.60294135605	6	107	3291.5	903.0	49941.123388680266	257948.3211678832	137	136
99.0	94.0	75.0	124.0	126.0	111.0	24	0.029996270445948107	0.11369451190626402	DLR00012733-2009-11-13_10-01-59	35624.91577504461	6	107	3414.5	899.0	71843.747734957637	607532.8467153284	137	136
105.0	100.0	81.0	129.0	130.0	115.0	1	0.034951249400607384	0.12938078641606796	DLR00012733-2009-11-13_10-01-59	160903.52867092667	7	107	282.5	1032.0	114080.60095217908	832826.27737226279	137	136
106.0	101.0	81.0	129.0	130.0	115.0	2	0.050455538387767063	0.13178862333013044	DLR00012733-2009-11-13_10-01-59	175459.11709260207	7	107	419.5	1032.0	117956.85640756291	840926.71532846708	137	136
108.0	103.0	82.0	139.0	145.0	132.0	3	0.077148489530608988	0.18835726274878853	DLR00012733-2009-11-13_10-01-59	358680.57171051303	7	107	554.5	1037.0	287624.03994437342	1561359.4160583944	137	136
109.0	105.0	84.0	139.0	144.0	129.0	4	0.078427193776972673	0.18373372998607407	DLR00012733-2009-11-13_10-01-59	329674.09655182168	7	107	693.5	1032.0	228353.61819271056	1247214.3065693432	137	136
109.0	105.0	84.0	155.0	172.0	163.0	5	0.056529383557994563	0.2946278471544258	DLR00012733-2009-11-13_10-01-59	800043.36795600445	7	107	830.5	1032.0	741834.52944539895	2855404.3795620441	137	136
109.0	105.0	84.0	132.0	135.0	118.0	6	0.041131653258031864	0.14667683325277137	DLR00012733-2009-11-13_10-01-59	226236.29808545246	7	107	966.5	1032.0	112926.28126309525	718407.59124087601	137	136
109.0	105.0	83.0	124.0	124.0	105.0	7	0.014918216207576322	0.10435724001020091	DLR00012733-2009-11-13_10-01-59	152634.16931642022	7	107	1102.5	1036.0	33422.554452318553	299463.0656934306	137	136
107.0	105.0	84.0	140.0	147.0	133.0	8	0.088337151686291221	0.19554157934652136	DLR00012733-2009-11-13_10-01-59	415486.4224791106	7	107	1233.5	1036.0	328765.1015986756	1723115.0364963503	137	136
107.0	104.0	84.0	140.0	148.0	134.0	9	0.073525494165911878	0.19627489879734858	DLR00012733-2009-11-13_10-01-59	345520.8469808498	7	107	1378.5	1041.0	254442.42974141138	1333534.5985401457	137	136
107.0	104.0	84.0	128.0	130.0	114.0	10	0.037934892642122651	0.12889059033763656	DLR00012733-2009-11-13_10-01-59	207208.82078340239	7	107	1513.5	1032.0	99838.556143856942	687524.67153284664	137	136
107.0	104.0	84.0	119.0	120.0	100.0	11	0.00015983803079546059	0.085027824894545273	DLR00012733-2009-11-13_10-01-59	116360.02959625526	7	107	1644.5	1046.0	4302.7734034248269	47843.211678832115	137	136
106.0	104.0	84.0	141.0	150.0	136.0	12	0.066279503436517659	0.20613369216821253	DLR00012733-2009-11-13_10-01-59	333487.17229021335	7	107	1777.5	1029.0	250033.31117022809	1225697.518248175	137	136
106.0	104.0	84.0	130.0	134.0	117.0	13	0.043955458468751665	0.1431101661073976	DLR00012733-2009-11-13_10-01-59	213464.43813707842	7	107	1925.5	1028.0	118135.66156430519	772579.27007299277	137	136
106.0	103.0	83.0	133.0	139.0	123.0	14	0.056369545527199104	0.16120822686490371	DLR00012733-2009-11-13_10-01-59	279756.64945950091	7	107	2064.5	1041.0	195355.75733682222	1080649.0510948903	137	136
105.0	103.0	83.0	134.0	140.0	125.0	15	0.073418935478714906	0.16804745547627015	DLR00012733-2009-11-13_10-01-59	310502.23491540231	7	107	2197.5	1032.0	233605.57063498473	1370492.8467153285	137	136
103.0	103.0	83.0	155.0	177.0	171.0	16	0.060738451702275029	0.3165885955651182	DLR00012733-2009-11-13_10-01-59	701495.74125058402	7	107	2323.5	1034.0	654583.03032285487	2306852.8467153283	137	136
102.0	103.0	83.0	154.0	185.0	181.0	17	0.022856838403750867	0.34438472378202994	DLR00012733-2009-11-13_10-01-59	1174906.562002359	7	107	2469.5	1032.0	1153019.3216231761	3652791.2408759128	137	136
103.0	103.0	82.0	152.0	181.0	177.0	18	0.035697160210986199	0.33165919289584733	DLR00012733-2009-11-13_10-01-59	1027209.4976619482	7	107	2602.5	1036.0	998750.54174783884	3293334.306569343	137	136
106.0	103.0	82.0	139.0	147.0	132.0	19	0.060791731045873515	0.19484547937332897	DLR00012733-2009-11-13_10-01-59	319949.3209589342	7	107	2744.5	1032.0	244876.37051263	1317333.7226277376	137	136
106.0	102.0	81.0	143.0	153.0	139.0	20	0.041664446694016727	0.21607685766683388	DLR00012733-2009-11-13_10-01-59	383914.6021372067	7	107	2870.5	1036.0	323129.18632053077	1590723.5036496352	137	136
106.0	102.0	81.0	137.0	143.0	129.0	21	0.047844850551441206	0.17987098249449932	DLR00012733-2009-11-13_10-01-59	321001.60343943856	7	107	3018.5	1033.0	258173.95791767075	1415298.3941605841	137	136
104.0	99.0	79.0	153.0	171.0	163.0	22	0.020139591880228035	0.29267095233595153	DLR00012733-2009-11-13_10-01-59	747660.0801066336	7	107	3145.5	1031.0	722978.8235156117	2733138.3941605841	137	136
101.0	96.0	76.0	123.0	123.0	106.0	23	0.012840321807235334	0.10058861830370582	DLR00012733-2009-11-13_10-01-59	13495.729342046063	7	107	3295.5	1036.0	30711.131712781003	289843.795620438	137	136
98.0	94.0	75.0	126.0	130.0	116.0	24	0.042090681442804624	0.12840431367365066	DLR00012733-2009-11-13_10-01-59	102658.98451176834	7	107	3410.5	1031.0	137591.54462312598	1031287.00729927	137	136
105.0	101.0	81.0	130.0	132.5	118.0	1	0.041664446694016727	0.1398043045782156	DLR00012733-2009-11-13_10-01-59	207582.78858000654	8	107	274.5	1178.0	156154.023936682	1066220.1459854015	137	136
106.0	101.0	81.0	132.0	135.0	120.0	2	0.06462784378496457	0.14888472019172663	DLR00012733-2009-11-13_10-01-59	204663.72913532844	8	107	410.5	1171.0	146712.03388762902	950282.6277372262	137	136
107.0	102.0	81.0	128.0	128.0	112.0	3	0.034897970057008898	0.12153764916116598	DLR00012733-2009-11-13_10-01-59	171204.00025928419	8	107	549.5	1167.0	92464.376753122589	698915.912408759	137	136
108.0	104.0	83.0	149.0	159.0	147.0	4	0.063828653630987262	0.24352783805899075	DLR00012733-2009-11-13_10-01-59	533982.44411273184	8	107	693.5	1168.0	465043.23228821642	2116745.693430657	137	136
109.0	104.0	83.0	130.0	133.0	115.0	5	0.032873355000266398	0.13673372759253852	DLR00012733-2009-11-13_10-01-59	181712.67227773907	8	107	830.5	1168.0	76242.571829240012	520453.13868613139	137	136
108.0	104.0	83.0	131.0	134.0	117.0	6	0.038893920826895412	0.14400433114646011	DLR00012733-2009-11-13_10-01-59	219388.68713690381	8	107	966.5	1168.0	116187.29071804855	769794.74452554737	137	136
107.0	104.0	83.0	131.0	136.0	119.0	7	0.057594970429964303	0.14816118431741598	DLR00012733-2009-11-13_10-01-59	241022.66488045632	8	107	1093.5	1173.0	144630.65630852777	933322.33576642338	137	136
105.0	104.0	84.0	158.0	187.0	183.0	8	0.051787521977729234	0.35429449945987923	DLR00012733-2009-11-13_10-01-59	1199045.2995338119	8	107	1232.5	1172.0	1170030.3890327581	3598872.700729927	137	136
106.0	103.0	83.0	127.0	130.0	113.0	9	0.028611007512387446	0.12552587775338411	DLR00012733-2009-11-13_10-01-59	181462.84966283257	8	107	1377.5	1168.0	87911.513221198053	657654.30656934297	137	136
106.0	103.0	83.0	119.5	118.0	99.0	10	0.0	0.080849399984542214	DLR00012733-2009-11-13_10-01-59	103216.22745396584	8	107	1514.5	1163.0	1949.4536795266401	23288.759124087592	137	136
105.0	103.0	83.0	124.0	126.0	109.0	11	0.0073525494165911877	0.10980627326119662	DLR00012733-2009-11-13_10-01-59	122215.02546591268	8	107	1636.5	1166.0	24501.841936567573	206561.16788321166	137	136
105.0	103.0	83.0	126.0	129.0	112.0	12	0.034258617933827056	0.12318078138964331	DLR00012733-2009-11-13_10-01-59	192947.13139042153	8	107	1775.5	1167.0	104189.59589206763	794602.33576642338	137	136
106.0	103.0	83.0	112.0	111.0	92.0	13	0.0023975704619319089	0.05329253556396929	DLR00012733-2009-11-13_10-01-59	97875.817750801623	8	107	1921.5	1162.0	10850.2339640227	151376.93430656931	137	136
105.0	103.0	83.0	133.0	139.0	124.0	14	0.067931163088070762	0.163612174283715	DLR00012733-2009-11-13_10-01-59	263947.74973714398	8	107	2061.5	1168.0	183198.99092676147	1097356.2043795621	137	136
105.0	103.0	82.0	128.0	132.0	116.0	15	0.039426714262880282	0.13580626249028671	DLR00012733-2009-11-13_10-01-59	200946.08598694796	8	107	2190.5	1175.0	121537.38810684349	800930.80291970796	137	136
104.0	102.0	82.0	138.0	146.0	132.0	16	0.071767275827161803	0.19145138614033264	DLR00012733-2009-11-13_10-01-59	305885.65019415034	8	107	2321.5	1170.0	234640.96032014166	1275312.7007299268	137	136
104.0	102.0	82.0	134.0	141.0	126.0	17	0.066492620810911604	0.17169059608212187	DLR00012733-2009-11-13_10-01-59	295537.4398661108	8	107	2464.5	1176.0	231855.15769082421	1330243.7956204379	137	136
104.0	102.0	82.0	131.0	137.0	121.0	18	0.048217805956630617	0.15544746552911942	DLR00012733-2009-11-13_10-01-59	210757.82788041001	8	107	2608.5	1168.0	140270.16499149392	909527.29927007284	137	136
106.0	103.0	82.0	144.0	154.0	139.0	19	0.076935372156215029	0.2190278476331329	DLR00012733-2009-11-13_10-01-59	370648.97651749942	8	107	2738.5	1165.0	301656.95509736997	1505922.0437956203	137	136
106.0	102.0	80.0	123.0	123.0	103.0	20	0.0082050189141669779	0.096792530776898214	DLR00012733-2009-11-13_10-01-59	101288.10882968934	8	107	2879.5	1165.0	29805.095846597062	282502.77372262772	137	136
106.0	101.0	80.0	133.0	137.0	121.0	21	0.034365176621024028	0.15561609010785715	DLR00012733-2009-11-13_10-01-59	199438.44424727673	8	107	3018.5	1168.0	142222.87848957512	904464.52554744517	137	136
104.0	99.0	78.0	133.0	137.0	121.0	22	0.043635782407160741	0.15581212066851893	DLR00012733-2009-11-13_10-01-59	180007.27929197051	8	107	3145.5	1171.0	151820.05778557519	967749.19708029192	137	136
100.0	96.0	76.0	151.0	171.0	165.0	23	0.027438861953220737	0.29318466490105571	DLR00012733-2009-11-13_10-01-59	725981.41107801045	8	107	3281.5	1169.0	727596.81057575264	2782753.5766423354	137	136
97.0	94.0	75.0	126.0	131.0	117.0	24	0.045713676807501734	0.13243568574396317	DLR00012733-2009-11-13_10-01-59	92234.394688957414	8	107	3421.5	1160.0	131899.76814400175	935347.44525547454	137	136
105.0	100.0	82.0	136.0	141.0	127.0	1	0.058287601896744631	0.17273764820375176	DLR00012733-2009-11-13_10-01-59	312057.37709568499	9	107	286.5	1315.0	269480.84904151649	1584901.313868613	137	136
105.0	100.0	80.0	123.0	122.0	104.0	2	0.01326655655602323	0.096557246233393304	DLR00012733-2009-11-13_10-01-59	76561.941875815886	9	107	419.5	1304.0	23659.500147531227	230862.48175182482	137	136
106.0	101.0	80.0	111.0	107.0	87.0	3	5.3279343598486864e-05	0.037455288800029338	DLR00012733-2009-11-13_10-01-59	63769.66195255088	9	107	560.5	1300.0	3235.3907787840994	68853.722627737225	137	136
107.0	103.0	82.0	135.0	140.0	124.0	4	0.053172784911289891	0.16454942296248337	DLR00012733-2009-11-13_10-01-59	251110.72316502093	9	107	693.5	1304.0	171208.39726281265	977115.32846715325	137	136
107.0	104.0	82.0	135.0	141.0	125.0	5	0.071074644360381481	0.16882391840519173	DLR00012733-2009-11-13_10-01-59	296831.69304350304	9	107	830.5	1304.0	208169.04961215318	1214053.1386861312	137	136
105.0	104.0	84.0	156.0	185.0	180.0	6	0.027119185891629816	0.34455334836076768	DLR00012733-2009-11-13_10-01-59	1237824.0021785498	9	107	961.5	1312.0	1214430.7539378561	3817078.2481751824	137	136
105.0	103.0	82.0	132.0	137.0	121.0	7	0.057701529117161275	0.15549054916882529	DLR00012733-2009-11-13_10-01-59	231886.94949540912	9	107	1102.5	1307.0	148663.65214846985	930284.67153284664	137	136
105.0	103.0	83.0	136.0	143.0	129.0	8	0.072033672545154248	0.1798121613586231	DLR00012733-2009-11-13_10-01-59	302164.5262540236	9	107	1229.5	1312.0	221612.47941814651	1232025.9854014597	137	136
106.0	103.0	83.0	134.0	140.0	125.0	9	0.06313602216420694	0.16725525505117825	DLR00012733-2009-11-13_10-01-59	308892.76155435212	9	107	1377.5	1304.0	230474.41484488617	1377580.7299270076	137	136
105.0	103.0	83.0	133.0	139.0	124.0	10	0.067824604400873775	0.16271800924465249	DLR00012733-2009-11-13_10-01-59	249031.85615037967	9	107	1510.5	1312.0	169786.11965051515	1017870.6569343065	137	136
102.0	103.0	83.0	157.0	187.0	183.0	11	0.041877564068410679	0.35491017663895397	DLR00012733-2009-11-13_10-01-59	1289393.3452513714	9	107	1650.5	1304.0	1273821.7744919932	3908208.1751824818	137	136
103.0	102.0	82.0	151.0	170.0	162.0	12	0.05034897970057009	0.28874938370850056	DLR00012733-2009-11-13_10-01-59	665942.21269370464	9	107	1787.5	1304.0	626797.35511864547	2400514.1605839417	137	136
104.0	103.0	83.0	146.0	157.0	145.0	13	0.097554478128829447	0.23548274624296744	DLR00012733-2009-11-13_10-01-59	438807.82379684615	9	107	1918.5	1312.0	379312.45518749545	1750454.01459854	137	136
105.0	102.0	82.0	117.5	118.0	98.0	14	0.0	0.077184687639643312	DLR00012733-2009-11-13_10-01-59	82866.449013365054	9	107	2061.5	1304.0	2221.3345529347803	28351.53284671533	137	136
105.0	102.0	82.0	123.0	126.0	108.0	15	0.026533113112046459	0.10968861602984706	DLR00012733-2009-11-13_10-01-59	128849.27052785667	9	107	2192.5	1308.0	55471.220599788503	459193.5766423358	137	136
104.0	102.0	82.0	131.0	135.0	120.0	16	0.046086632212691138	0.14810819742441661	DLR00012733-2009-11-13_10-01-59	207145.49916733406	9	107	2318.5	1317.0	137530.52149948361	859658.97810218984	137	136
104.0	101.0	81.0	135.0	143.0	128.0	17	0.064148329692578193	0.17929844879351892	DLR00012733-2009-11-13_10-01-59	284971.41982519499	9	107	2464.5	1307.0	227200.50487723856	1316068.0291970803	137	136
103.0	101.0	81.0	153.0	178.0	172.0	18	0.039693110980872713	0.31771804514768559	DLR00012733-2009-11-13_10-01-59	833947.10896868899	9	107	2597.5	1306.0	803575.55875993939	2730100.7299270071	137	136
105.0	102.0	80.0	134.0	140.0	123.0	19	0.055943310778411207	0.16333368642372725	DLR00012733-2009-11-13_10-01-59	243052.84556367586	9	107	2743.5	1312.0	179946.72358189724	1078877.0802919709	137	136
106.0	101.0	79.0	119.0	117.0	97.0	20	0.0	0.074018040121260953	DLR00012733-2009-11-13_10-01-59	55963.992191060228	9	107	2881.5	1304.0	1333.5127925214713	18225.985401459857	137	136
104.0	100.0	80.0	149.0	166.0	156.0	21	0.026266716394054025	0.26926702167188904	DLR00012733-2009-11-13_10-01-59	651168.79823781736	9	107	3009.5	1308.0	620618.8886603337	2550119.1240875917	137	136
103.0	98.0	77.0	136.5	144.0	129.0	22	0.043795620437956206	0.18232585238190741	DLR00012733-2009-11-13_10-01-59	217037.31805374986	9	107	3155.5	1304.0	201056.90455068517	1129504.817518248	137	136
100.0	95.0	75.0	123.0	123.0	106.0	23	0.007938622196174543	0.10148272350437983	DLR00012733-2009-11-13_10-01-59	0.0	9	107	3292.5	1304.0	17448.767424998001	161249.34306569342	137	136
97.0	93.0	75.0	128.0	133.0	120.0	24	0.047471895146251795	0.14331409533533879	DLR00012733-2009-11-13_10-01-59	110466.25717229526	9	107	3416.5	1310.0	155275.83377436924	1059638.5401459853	137	136
104.0	99.0	80.0	126.0	126.0	111.0	1	0.023336352496137247	0.11446313600629465	DLR00012733-2009-11-13_10-01-59	112934.41238558863	10	107	281.5	1450.0	68934.207521662131	537666.56934306561	137	136
104.0	100.0	80.0	137.0	145.0	132.0	2	0.058500719271138577	0.18648270555286328	DLR00012733-2009-11-13_10-01-59	252981.03538345732	10	107	414.5	1447.0	214533.60676486304	1192030.0729927006	137	136
104.0	101.0	81.0	158.0	185.0	181.0	3	0.041025094570834884	0.34796114458472605	DLR00012733-2009-11-13_10-01-59	975219.39999188739	10	107	556.5	1441.0	946753.3456934765	3017413.1386861312	137	136
106.0	102.0	82.0	135.0	140.0	125.0	4	0.051094890510948905	0.16663957787210348	DLR00012733-2009-11-13_10-01-59	229423.64874712704	10	107	693.5	1441.0	156601.64459016675	942182.18978102191	137	136
106.0	103.0	83.0	147.0	162.0	151.0	5	0.035270925462198309	0.25358074716208512	DLR00012733-2009-11-13_10-01-59	583919.82138083398	10	107	830.5	1441.0	525375.00976276456	2274957.3722627736	137	136
106.0	103.0	82.0	136.0	143.0	128.0	6	0.05237359475731259	0.17863956829796132	DLR00012733-2009-11-13_10-01-59	239709.46159507197	10	107	966.5	1441.0	157116.5476480904	873581.60583941615	137	136
106.0	103.0	82.0	135.0	140.0	125.0	7	0.059140071394320419	0.16804745547627015	DLR00012733-2009-11-13_10-01-59	234674.36531278124	10	107	1103.5	1441.0	153985.6553067645	891048.17518248165	137	136
105.0	102.0	82.0	135.0	142.0	127.0	8	0.058767115989131015	0.17448271512700544	DLR00012733-2009-11-13_10-01-59	259404.64531133778	10	107	1229.5	1447.0	184528.96903839926	1064954.4525547447	137	136
104.0	103.0	83.0	149.0	164.0	154.0	9	0.089456017901859447	0.26293372663512432	DLR00012733-2009-11-13_10-01-59	543564.30258735199	10	107	1362.5	1445.0	488820.8916912314	2081053.1386861312	137	136
104.0	102.0	82.0	138.0	147.0	134.0	10	0.064840961159358515	0.19626705996845764	DLR00012733-2009-11-13_10-01-59	313512.39662337088	10	107	1513.5	1441.0	243771.63802920381	1240632.7007299268	137	136
104.0	102.0	82.0	133.0	140.0	125.0	11	0.065107357877350946	0.16753374291116599	DLR00012733-2009-11-13_10-01-59	260615.77526053163	10	107	1650.5	1441.0	193367.61278443577	1163425.4014598543	137	136
104.0	102.0	82.0	137.0	146.0	132.0	12	0.069902498801214769	0.19040427418031428	DLR00012733-2009-11-13_10-01-59	297656.18166779738	10	107	1787.5	1441.0	231719.913618038	1231519.7080291968	137	136
104.0	102.0	82.0	128.0	131.0	115.0	13	0.030369225851137514	0.13223959534491292	DLR00012733-2009-11-13_10-01-59	166876.52486447134	10	107	1918.5	1448.0	94068.000140771634	679677.3722627738	137	136
105.0	102.0	82.0	135.0	143.0	128.0	14	0.064787681815760029	0.17618469841055323	DLR00012733-2009-11-13_10-01-59	291286.33485490171	10	107	2043.5	1440.0	227622.03014454895	1283666.2773722624	137	136
104.0	102.0	82.0	136.0	144.0	130.0	15	0.070275454206404173	0.18367098943575239	DLR00012733-2009-11-13_10-01-59	277768.14786991372	10	107	2193.5	1449.0	216040.86494679176	1202408.7591240874	137	136
104.0	101.0	81.0	131.0	137.0	122.0	16	0.047205498428259364	0.15576903702881303	DLR00012733-2009-11-13_10-01-59	192154.26500127921	10	107	2318.5	1442.0	131427.73661229311	822447.59124087601	137	136
103.0	101.0	81.0	151.0	173.0	166.0	17	0.041504608663221268	0.29800039856756916	DLR00012733-2009-11-13_10-01-59	797865.35364571039	10	107	2460.5	1447.0	769226.58034014737	2812370.8029197082	137	136
104.0	101.0	80.0	130.0	135.0	118.0	18	0.038680803452501467	0.14462000832553484	DLR00012733-2009-11-13_10-01-59	187481.71273959253	10	107	2600.5	1443.0	129186.36762929906	847002.04379562044	137	136
105.0	101.0	80.0	133.0	138.0	122.0	19	0.049230113485001864	0.15941211779627629	DLR00012733-2009-11-13_10-01-59	241082.38522984477	10	107	2733.5	1442.0	183236.36490644657	1129757.9562043797	137	136
105.0	101.0	80.0	134.0	139.0	123.0	20	0.04875059939261548	0.16384745882721991	DLR00012733-2009-11-13_10-01-59	233005.35465123144	10	107	2866.5	1443.0	179357.84396034339	1087230.6569343067	137	136
103.0	100.0	79.0	129.0	131.0	115.0	21	0.032180723533486069	0.13285527252398768	DLR00012733-2009-11-13_10-01-59	139138.71102927162	10	107	3006.5	1445.0	100970.99131131743	741949.48905109486	137	136
101.0	97.0	78.0	155.0	182.0	177.0	22	0.031381533379508768	0.33278864247841478	DLR00012733-2009-11-13_10-01-59	993754.19265546161	10	107	3146.5	1441.0	988948.78172804276	3245491.0948905107	137	136
99.0	95.0	75.0	129.0	135.0	121.0	23	0.053012946880494433	0.14796898341361697	DLR00012733-2009-11-13_10-01-59	158231.13155347895	10	107	3283.5	1445.0	178368.44036813761	1173550.9489051094	137	136
96.0	93.0	74.0	128.0	134.0	122.0	24	0.048217805956630617	0.14608272781274378	DLR00012733-2009-11-13_10-01-59	113600.80042216339	10	107	3413.5	1443.0	164007.72503591279	1102165.8394160585	137	136
103.0	99.0	81.0	130.0	132.0	118.0	1	0.037348819862539295	0.13989059153440433	DLR00012733-2009-11-13_10-01-59	166662.12665150943	11	107	282.5	1577.0	127702.57657477664	890541.89781021897	137	136
102.0	99.0	79.0	150.0	170.0	164.0	2	0.033619265810645213	0.28926309627360469	DLR00012733-2009-11-13_10-01-59	681250.91520701651	11	107	412.5	1582.0	660616.79518761009	2543790.6569343065	137	136
103.0	100.0	80.0	150.0	169.0	162.0	3	0.026639671799243432	0.28538467112424809	DLR00012733-2009-11-13_10-01-59	683279.83341411548	11	107	558.5	1582.0	653080.80900974863	2508098.1021897811	137	136
105.0	102.0	81.0	138.0	147.0	134.0	4	0.051521125259736802	0.19554157934652136	DLR00012733-2009-11-13_10-01-59	312917.24287714885	11	107	693.5	1577.0	251365.43887326313	1321637.0802919711	137	136
104.0	102.0	82.0	157.0	183.0	178.0	5	0.037775054611327186	0.33922390212915005	DLR00012733-2009-11-13_10-01-59	912949.37451572414	11	107	829.5	1587.0	870828.98137956392	2776678.2481751824	137	136
106.0	102.0	81.0	125.0	126.0	108.0	6	0.015877244392349086	0.11196509272159796	DLR00012733-2009-11-13_10-01-59	119418.58794898322	11	107	966.5	1577.0	39295.303149304862	322245.54744525545	137	136
104.0	102.0	82.0	154.0	179.0	173.0	7	0.046139911556289624	0.32074550857446255	DLR00012733-2009-11-13_10-01-59	855546.93126193574	11	107	1101.5	1584.0	815908.1291406774	2766299.5620437954	137	136
104.0	102.0	81.0	138.0	146.0	132.0	8	0.071500879109169371	0.19049056113650298	DLR00012733-2009-11-13_10-01-59	294139.23989800952	11	107	1240.5	1577.0	232587.61973284386	1267465.4014598543	137	136
104.0	102.0	82.0	153.0	173.0	165.0	9	0.036176674303372583	0.29861607574664395	DLR00012733-2009-11-13_10-01-59	702962.94810496573	11	107	1381.5	1583.0	665498.28520729067	2449369.9270072989	137	136
104.0	102.0	81.0	132.0	137.0	121.0	10	0.057168735681176405	0.15544746552911942	DLR00012733-2009-11-13_10-01-59	187212.86705161494	11	107	1513.5	1577.0	120800.19664348551	732077.08029197087	137	136
104.0	102.0	82.0	133.0	139.0	124.0	11	0.05439820981405509	0.16271800924465249	DLR00012733-2009-11-13_10-01-59	209657.30211510934	11	107	1654.5	1587.0	143155.28522676884	863456.0583941607	137	136
104.0	101.0	81.0	117.5	117.0	97.0	12	0.0	0.073570972561326831	DLR00012733-2009-11-13_10-01-59	60972.606512135448	11	107	1781.5	1581.0	1337.771396250942	18225.985401459857	137	136
104.0	101.0	81.0	139.0	149.0	136.0	13	0.066759017528904049	0.20289452052299195	DLR00012733-2009-11-13_10-01-59	319604.35845501366	11	107	1918.5	1589.0	266296.7480965525	1348722.9197080291	137	136
103.0	101.0	81.0	139.0	148.0	135.0	14	0.061324524481858385	0.20003568167495275	DLR00012733-2009-11-13_10-01-59	290757.36478262185	11	107	2054.5	1584.0	240485.31430604574	1196080.2919708029	137	136
103.0	101.0	81.0	136.0	144.0	130.0	15	0.066652458841707077	0.18377687346416843	DLR00012733-2009-11-13_10-01-59	278374.7957442865	11	107	2197.5	1577.0	229855.31708974135	1286450.802919708	137	136
103.0	100.0	80.0	132.0	137.0	122.0	16	0.04779157120784272	0.15609054869011818	DLR00012733-2009-11-13_10-01-59	164160.85269186928	11	107	2334.5	1577.0	116952.39169746744	717141.89781021897	137	136
103.0	100.0	80.0	131.0	136.0	120.0	17	0.048217805956630617	0.15111408911214635	DLR00012733-2009-11-13_10-01-59	181973.33457690224	11	107	2470.5	1578.0	136402.05729430626	881428.9051094891	137	136
104.0	100.0	80.0	134.0	141.0	126.0	18	0.047312057115456337	0.16842784811184	DLR00012733-2009-11-13_10-01-59	199863.17728173084	11	107	2593.5	1589.0	156246.23123371607	923956.20437956206	137	136
103.0	100.0	79.0	128.0	131.0	115.0	19	0.024401939368106983	0.13196116732331364	DLR00012733-2009-11-13_10-01-59	125772.07252089957	11	107	2744.5	1577.0	83149.474701692903	609051.67883211677	137	136
102.0	100.0	80.0	154.0	181.0	176.0	20	0.034791411369811925	0.33138076487424811	DLR00012733-2009-11-13_10-01-59	933898.76472951646	11	107	2870.5	1581.0	914526.61900501256	2969316.7883211682	137	136
102.0	99.0	78.0	151.0	172.0	165.0	21	0.043635782407160741	0.29322780837915002	DLR00012733-2009-11-13_10-01-59	705435.32111486315	11	107	3011.5	1584.0	687992.45321542548	2548853.4306569342	137	136
101.0	97.0	77.0	133.0	138.0	123.0	22	0.041771005381213706	0.1602631393572444	DLR00012733-2009-11-13_10-01-59	144407.97998492001	11	107	3147.5	1581.0	142827.59796362155	902439.41605839413	137	136
99.0	94.0	75.0	127.0	130.0	115.0	23	0.037188981831743829	0.12921213191813596	DLR00012733-2009-11-13_10-01-59	75924.945034942095	11	107	3283.5	1586.0	109462.12054145276	762200.58394160587	137	136
96.0	92.0	74.0	131.0	139.0	127.0	24	0.063881932974585748	0.16679252479305937	DLR00012733-2009-11-13_10-01-59	142872.20626897493	11	107	3411.5	1583.0	201231.57653181831	1233291.6788321168	137	136
102.0	99.0	81.0	129.0	132.0	119.0	1	0.041664446694016727	0.13956902003471072	DLR00012733-2009-11-13_10-01-59	155625.47387605824	12	107	282.5	1713.0	125553.5689638386	878644.37956204382	137	136
101.0	98.0	80.0	154.0	181.0	178.0	2	0.037242261175342323	0.3325532980965214	DLR00012733-2009-11-13_10-01-59	1012880.7967814383	12	107	412.5	1723.0	1001081.9538769594	3312825.9854014595	137	136
102.0	99.0	79.0	133.0	139.0	126.0	3	0.039533272950077254	0.1652533318453725	DLR00012733-2009-11-13_10-01-59	199882.21021576654	12	107	556.5	1713.0	165893.21248620132	1023186.5693430656	137	136
105.0	101.0	80.0	131.0	135.0	120.0	4	0.043795620437956206	0.14741212737041842	DLR00012733-2009-11-13_10-01-59	170055.72397718948	12	107	693.5	1713.0	117482.50113113716	760681.7518248175	137	136
106.0	102.0	81.0	133.0	137.0	122.0	5	0.052000639352123179	0.15689842677299196	DLR00012733-2009-11-13_10-01-59	189842.95599587605	12	107	824.5	1720.0	119051.16690753408	752834.45255474444	137	136
106.0	102.0	81.0	134.0	139.0	124.0	6	0.045713676807501734	0.16384745882721991	DLR00012733-2009-11-13_10-01-59	222299.79172933151	12	107	966.5	1713.0	147107.22454788629	886744.81751824822	137	136
104.0	102.0	81.0	155.0	182.0	177.0	7	0.040811977196440939	0.33278864247841478	DLR00012733-2009-11-13_10-01-59	876568.59711272107	12	107	1101.5	1721.0	840159.67967716651	2729847.5912408764	137	136
104.0	101.0	81.0	131.0	136.0	121.0	8	0.04928339282860035	0.15156898054137433	DLR00012733-2009-11-13_10-01-59	182068.4682327566	12	107	1240.5	1713.0	122787.19093168124	785236.20437956206	137	136
104.0	101.0	80.0	128.0	131.0	114.0	9	0.025360967552879747	0.13163959582362003	DLR00012733-2009-11-13_10-01-59	139100.107435682	12	107	1372.5	1722.0	80463.908436438011	591585.10948905104	137	136
104.0	101.0	81.0	137.0	144.0	130.0	10	0.057594970429964303	0.18415726609973829	DLR00012733-2009-11-13_10-01-59	253505.75146439436	12	107	1513.5	1713.0	196560.80554800419	1058372.8467153285	137	136
104.0	101.0	81.0	132.0	137.0	122.0	11	0.061804038574244768	0.15576903702881303	DLR00012733-2009-11-13_10-01-59	207681.0176471755	12	107	1637.5	1719.0	151609.49358178215	956104.81751824822	137	136
103.0	100.0	80.0	135.0	142.0	128.0	12	0.053012946880494433	0.17509839230608021	DLR00012733-2009-11-13_10-01-59	214006.20739300197	12	107	1779.5	1722.0	164658.86236534259	933069.19708029204	137	136
103.0	100.0	80.0	133.0	140.0	125.0	13	0.04576695615110022	0.16725525505117825	DLR00012733-2009-11-13_10-01-59	218075.78852654508	12	107	1924.5	1713.0	172490.88137961799	957370.51094890514	137	136
102.0	99.0	80.0	130.0	136.0	121.0	14	0.053066226224092919	0.15184746840136207	DLR00012733-2009-11-13_10-01-59	164971.2155904244	12	107	2061.5	1713.0	128431.80411689811	816119.12408759107	137	136
101.0	99.0	79.0	138.0	149.0	136.0	15	0.070754968298790563	0.20289452052299195	DLR00012733-2009-11-13_10-01-59	277330.23079396994	12	107	2185.5	1718.0	252821.8156751045	1309739.5620437958	137	136
101.0	99.0	80.0	151.0	177.0	172.0	16	0.042836592253183439	0.31318079934115983	DLR00012733-2009-11-13_10-01-59	832834.70504292543	12	107	2326.5	1716.0	817121.72945832438	2798701.3138686134	137	136
102.0	99.0	79.0	133.0	140.0	125.0	17	0.041504608663221268	0.16753374291116599	DLR00012733-2009-11-13_10-01-59	208460.93427983476	12	107	2461.5	1716.0	179121.79216203882	1035590.3649635038	137	136
102.0	99.0	78.0	133.0	140.0	125.0	18	0.041877564068410679	0.16663957787210348	DLR00012733-2009-11-13_10-01-59	176324.99964536855	12	107	2600.5	1714.0	150766.76631107766	917121.45985401457	137	136
102.0	99.0	79.0	148.0	168.0	159.0	19	0.037455378549736268	0.27807098393062063	DLR00012733-2009-11-13_10-01-59	644766.34957640315	12	107	2736.5	1719.0	624817.58068081993	2462026.8613138688	137	136
103.0	99.0	78.0	132.0	137.0	122.0	20	0.046406308274282063	0.15652392821868744	DLR00012733-2009-11-13_10-01-59	174803.57557934007	12	107	2873.5	1725.0	147991.32359327088	944207.29927007295	137	136
103.0	97.0	76.0	140.0	148.0	134.0	21	0.0044221855186744102	0.19942000449587799	DLR00012733-2009-11-13_10-01-59	16386.289743238613	12	107	3018.5	1713.0	24132.314138124271	129353.86861313868	137	136
101.0	96.0	76.0	131.0	135.0	120.0	22	0.046459587617880549	0.14914157647427873	DLR00012733-2009-11-13_10-01-59	116860.55582221542	12	107	3140.5	1714.0	125273.93910068015	806752.99270072998	137	136
97.0	93.0	74.0	130.0	138.0	125.0	23	0.042357078160797056	0.15980040909912555	DLR00012733-2009-11-13_10-01-59	129025.91994592879	12	107	3285.5	1717.0	175376.6275963037	1106975.4744525547	137	136
95.0	91.0	74.0	132.0	140.0	129.0	24	0.050935052480153446	0.17145531153861696	DLR00012733-2009-11-13_10-01-59	149955.74667246634	12	107	3408.5	1715.0	216104.4831602427	1282147.4452554744	137	136
101.0	97.0	80.0	129.0	132.0	119.0	1	0.037188981831743829	0.14012587607790924	DLR00012733-2009-11-13_10-01-59	133482.74796756997	13	107	295.5	1858.0	122617.08728896632	863709.19708029192	137	136
101.0	96.0	77.0	131.0	137.0	124.0	2	0.051467845916138316	0.15609054869011818	DLR00012733-2009-11-13_10-01-59	118132.92137691361	13	107	420.5	1864.0	125911.32042378857	807765.54744525545	137	136
100.0	97.0	79.0	154.0	181.0	178.0	3	0.020832223347008363	0.3325532980965214	DLR00012733-2009-11-13_10-01-59	1083238.232236092	13	107	554.5	1860.0	1075933.7721683823	3542929.051094891	137	136
101.0	99.0	81.0	154.0	180.0	176.0	4	0.033885662528637644	0.32858864582936453	DLR00012733-2009-11-13_10-01-59	856452.50313684647	13	107	689.5	1862.0	830445.36690404185	2765793.2846715329	137	136
105.0	101.0	80.0	133.0	138.0	123.0	5	0.039746390324471199	0.16062785433503241	DLR00012733-2009-11-13_10-01-59	214802.39814657671	13	107	837.5	1861.0	159803.54877852238	980912.40875912399	137	136
105.0	101.0	81.0	136.0	143.0	128.0	6	0.038840641483296925	0.17872585525415005	DLR00012733-2009-11-13_10-01-59	254853.31110777086	13	107	966.5	1849.0	194050.6789163783	1107481.7518248176	137	136
104.0	101.0	80.0	135.0	142.0	127.0	7	0.050721935105759494	0.17575137872037247	DLR00012733-2009-11-13_10-01-59	229329.58486202994	13	107	1108.5	1862.0	176651.41977745277	1017111.2408759125	137	136
103.0	100.0	80.0	130.0	136.0	121.0	8	0.054025254408865686	0.15156898054137433	DLR00012733-2009-11-13_10-01-59	179284.94295217306	13	107	1240.5	1849.0	133530.66240497568	883960.29197080282	137	136
103.0	99.0	79.0	136.0	144.0	129.0	9	0.05695561830678246	0.18232585238190741	DLR00012733-2009-11-13_10-01-59	208061.26190987081	13	107	1378.5	1857.0	174453.69824571293	973318.2481751825	137	136
103.0	99.0	79.0	114.0	113.0	94.0	10	0.0	0.06098470056473522	DLR00012733-2009-11-13_10-01-59	24280.122700708245	13	107	1518.5	1848.0	1594.1969770086032	26073.284671532845	137	136
103.0	99.0	79.0	140.0	150.0	137.0	11	0.072619745324737597	0.20638270962187372	DLR00012733-2009-11-13_10-01-59	279209.58731947467	13	107	1650.5	1849.0	248463.64941694628	1273287.5912408759	137	136
102.0	99.0	79.0	131.0	137.0	122.0	12	0.049016996110607919	0.15487487198975053	DLR00012733-2009-11-13_10-01-59	140546.03277587504	13	107	1787.5	1849.0	109698.5536696068	672083.21167883207	137	136
99.0	98.0	79.0	150.0	174.0	168.0	13	0.051734242634130748	0.30454546166116597	DLR00012733-2009-11-13_10-01-59	680832.22071826842	13	107	1921.5	1861.0	673628.71621855593	2408108.321167883	137	136
98.0	97.0	78.0	149.0	179.0	176.0	14	0.034738132026213439	0.32405134018445031	DLR00012733-2009-11-13_10-01-59	997809.36826028896	13	107	2055.5	1859.0	996915.04488239228	3320167.00729927	137	136
100.0	97.0	78.0	135.0	146.0	132.0	15	0.055410517342426344	0.18859254729229344	DLR00012733-2009-11-13_10-01-59	215679.15208713117	13	107	2195.5	1860.0	205363.74997858485	1119632.4087591241	137	136
101.0	97.0	77.0	128.0	133.0	117.0	16	0.033832383185039158	0.13729058363573707	DLR00012733-2009-11-13_10-01-59	76979.670611078342	13	107	2327.5	1862.0	72749.830806454469	509568.17518248176	137	136
100.0	98.0	78.0	148.0	169.0	161.0	17	0.029783153071554158	0.28141995901870276	DLR00012733-2009-11-13_10-01-59	676490.192107482	13	107	2468.5	1858.0	669921.35432121938	2553663.0656934306	137	136
101.0	97.0	77.0	129.0	134.0	118.0	18	0.03404550055943311	0.14370430146661942	DLR00012733-2009-11-13_10-01-59	103695.81536820297	13	107	2598.5	1857.0	100397.83986030116	685499.56204379559	137	136
100.0	97.0	78.0	150.0	179.0	174.0	19	0.023656028557728168	0.32102393659606182	DLR00012733-2009-11-13_10-01-59	948333.34655850416	13	107	2744.5	1855.0	942853.50161123089	3184231.5328467158	137	136
102.0	98.0	77.0	133.0	139.0	124.0	20	0.040332463104054556	0.16114156690013656	DLR00012733-2009-11-13_10-01-59	166922.29567523208	13	107	2881.5	1849.0	153045.38828855206	963952.11678832106	137	136
102.0	97.0	77.0	136.0	143.0	129.0	21	0.04267675422238798	0.17945133587608633	DLR00012733-2009-11-13_10-01-59	210286.64502220045	13	107	3006.5	1859.0	204335.07051207777	1154565.5474452553	137	136
100.0	94.0	75.0	127.0	131.0	116.0	22	0.023283073152538761	0.13285527252398768	DLR00012733-2009-11-13_10-01-59	52354.458402532349	13	107	3141.5	1857.0	90325.323390935664	660438.83211678825	137	136
94.0	90.0	72.0	143.0	163.0	158.0	23	0.015024774894773297	0.26185525935954218	DLR00012733-2009-11-13_10-01-59	536100.37936779659	13	107	3291.5	1855.0	585668.0821534954	2443547.7372262776	137	136
94.0	92.0	76.0	127.0	134.0	122.0	24	0.039053758857690871	0.14460433066775299	DLR00012733-2009-11-13_10-01-59	115687.84313073431	13	107	3428.5	1849.0	179141.52654259058	1212787.4452554747	137	136
101.0	98.0	82.0	132.0	138.0	126.0	1	0.036443071021365014	0.16294351021164086	DLR00012733-2009-11-13_10-01-59	176536.95025634381	14	107	282.5	1986.0	156921.65358832723	974077.66423357662	137	136
100.0	95.0	76.0	132.0	138.0	126.0	2	0.059246630081517399	0.16093961233901527	DLR00012733-2009-11-13_10-01-59	113594.29652526915	14	107	424.5	1996.0	133717.80759057673	830801.16788321175	137	136
100.0	97.0	78.0	154.0	181.0	178.0	3	0.020885502690606853	0.33278864247841478	DLR00012733-2009-11-13_10-01-59	1075220.298615166	14	107	553.5	1864.0	1069667.8286719038	3515083.7956204377	137	136
103.0	98.0	79.0	151.0	170.0	163.0	4	0.057914646491555227	0.28627883616331057	DLR00012733-2009-11-13_10-01-59	605013.63368391769	14	107	688.5	1998.0	582491.22663543408	2255971.9708029199	137	136
104.0	100.0	80.0	134.0	140.0	126.0	5	0.046939101710266933	0.16842784811184	DLR00012733-2009-11-13_10-01-59	204210.22250298999	14	107	830.5	1986.0	160371.84086333858	911046.13138686144	137	136
102.0	100.0	80.0	152.0	177.0	172.0	6	0.042516916191592521	0.31372981655546744	DLR00012733-2009-11-13_10-01-59	859831.27421446901	14	107	965.5	1995.0	837504.47902571538	2857176.350364964	137	136
103.0	99.0	78.0	133.0	138.0	123.0	7	0.043049709627577391	0.16006510421056855	DLR00012733-2009-11-13_10-01-59	131119.16271704965	14	107	1103.5	1986.0	102867.02919345633	617658.39416058385	137	136
100.0	98.0	79.0	153.0	182.0	178.0	8	0.049709627577388248	0.33278864247841478	DLR00012733-2009-11-13_10-01-59	970315.29741451086	14	107	1235.5	1995.0	960113.76455401175	3093607.8832116788	137	136
98.0	97.0	78.0	150.0	180.0	176.0	9	0.036656188395758967	0.32684351906772235	DLR00012733-2009-11-13_10-01-59	938849.40275896329	14	107	1372.5	1998.0	939455.92703435151	3114618.3941605841	137	136
100.0	97.0	77.0	125.0	129.0	113.0	10	0.026266716394054025	0.12160430912593313	DLR00012733-2009-11-13_10-01-59	58195.58692341439	14	107	1513.5	1986.0	54784.574207827958	416919.41605839418	137	136
100.0	97.0	78.0	150.0	171.0	164.0	11	0.043102988971175878	0.29273761230071865	DLR00012733-2009-11-13_10-01-59	624454.8490752019	14	107	1640.5	1996.0	622910.68905419845	2335710.6569343065	137	136
99.0	97.0	77.0	145.0	162.0	153.0	12	0.055090841280835419	0.25486314366560836	DLR00012733-2009-11-13_10-01-59	482115.39988229173	14	107	1780.5	1992.0	482453.30066195293	2066371.0948905109	137	136
100.0	96.0	76.0	115.0	116.0	97.0	13	0.00047951409238638181	0.069341550384741352	DLR00012733-2009-11-13_10-01-59	0.0	14	107	1924.5	1986.0	4538.695009601458	62018.978102189787	137	136
99.0	96.0	76.0	133.0	141.0	128.0	14	0.054558047844850549	0.17201216758181548	DLR00012733-2009-11-13_10-01-59	171597.66388607337	14	107	2051.5	1997.0	178068.39693970128	1015086.1313868614	137	136
99.0	96.0	77.0	130.0	138.0	124.0	15	0.050721935105759494	0.16004547721914697	DLR00012733-2009-11-13_10-01-59	150832.2632530898	14	107	2197.5	1986.0	155493.79256065696	959901.89781021897	137	136
99.0	96.0	76.0	133.0	142.0	128.0	16	0.059992540891896214	0.17448271512700544	DLR00012733-2009-11-13_10-01-59	150649.09598735784	14	107	2326.5	1994.0	161295.84921999546	939650.80291970796	137	136
100.0	96.0	76.0	135.0	144.0	132.0	17	0.065586871969737337	0.18624742100935837	DLR00012733-2009-11-13_10-01-59	245257.46924005944	14	107	2462.5	1994.0	246438.80034557535	1350494.8905109488	137	136
100.0	96.0	76.0	135.0	144.0	131.0	18	0.056103148809206672	0.18373372998607407	DLR00012733-2009-11-13_10-01-59	245899.8658527419	14	107	2607.5	1991.0	243649.10665899399	1349988.6131386862	137	136
100.0	96.0	76.0	139.0	150.0	138.0	19	0.041398049976024295	0.2074592321498302	DLR00012733-2009-11-13_10-01-59	226760.86893301253	14	107	2738.5	1984.0	231966.25694230889	1093559.1240875912	137	136
100.0	96.0	76.0	128.0	132.0	117.0	20	0.029623315040758699	0.13616116397236389	DLR00012733-2009-11-13_10-01-59	65531.262118370476	14	107	2865.5	1993.0	77370.749393070219	548804.67153284664	137	136
100.0	94.0	74.0	153.0	174.0	169.0	21	0.010389472001704939	0.30588667930056551	DLR00012733-2009-11-13_10-01-59	114865.35277562555	14	107	3018.5	1986.0	168783.57194018652	606014.01459854003	137	136
98.0	93.0	74.0	129.0	134.0	121.0	22	0.038414406734509028	0.1462435135625906	DLR00012733-2009-11-13_10-01-59	83267.91872968078	14	107	3142.5	1992.0	133204.61399378156	900667.44525547442	137	136
93.0	88.0	70.0	140.0	159.0	154.0	23	0.012041131653258031	0.24763568358978119	DLR00012733-2009-11-13_10-01-59	449665.59934117267	14	107	3281.5	1987.0	519867.83421397867	2317484.671532847	137	136
92.0	89.0	74.0	127.0	135.0	124.0	24	0.047738291864244234	0.15184746840136207	DLR00012733-2009-11-13_10-01-59	71317.619229278032	14	107	3408.5	1994.0	165574.00404526971	1057866.5693430658	137	136
101.0	96.0	80.0	132.0	138.0	126.0	1	0.030848739943523894	0.16280429620084122	DLR00012733-2009-11-13_10-01-59	178556.69980370352	15	107	306.5	2118.0	178413.13031993833	1028755.6204379563	137	136
101.0	95.0	77.0	129.0	133.0	120.0	2	0.054611327188449035	0.14299252383564515	DLR00012733-2009-11-13_10-01-59	120155.54034378892	15	107	421.5	2130.0	129028.32246838254	867759.41605839424	137	136
103.0	97.0	78.0	141.0	151.0	140.0	3	0.042889871596781926	0.2122749059779552	DLR00012733-2009-11-13_10-01-59	195965.943686377	15	107	556.5	2122.0	192756.39586516086	1001669.7810218978	137	136
105.0	99.0	80.0	140.0	147.0	135.0	4	0.061484362512653844	0.19890629193077383	DLR00012733-2009-11-13_10-01-59	278501.02293005789	15	107	692.5	2129.0	240007.05945808746	1269490.5109489053	137	136
105.0	99.0	79.0	135.0	140.0	127.0	5	0.05386541637807022	0.17115528185877626	DLR00012733-2009-11-13_10-01-59	200371.8027071949	15	107	830.5	2122.0	160983.62225212506	928512.70072992716	137	136
104.0	99.0	79.0	141.0	149.0	136.0	6	0.058234322553146145	0.20427882180209736	DLR00012733-2009-11-13_10-01-59	261027.89560626683	15	107	966.5	2133.0	231694.40513617243	1178107.4452554744	137	136
103.0	98.0	78.0	136.0	143.0	129.0	7	0.052267036070115618	0.17931999061337187	DLR00012733-2009-11-13_10-01-59	179030.93780383538	15	107	1103.5	2122.0	155166.01124639995	876366.13138686121	137	136
103.0	98.0	78.0	136.0	144.0	129.0	8	0.070009057488411741	0.18232585238190741	DLR00012733-2009-11-13_10-01-59	209920.7121016192	15	107	1232.5	2125.0	192603.62096835583	1083180.4379562044	137	136
101.0	97.0	77.0	134.0	140.0	126.0	9	0.064095050348979707	0.16898470415503852	DLR00012733-2009-11-13_10-01-59	165443.08563365688	15	107	1377.5	2122.0	163113.61563163582	942688.4671532847	137	136
100.0	96.0	76.0	143.0	155.0	143.0	10	0.085406787788374447	0.22578467878356182	DLR00012733-2009-11-13_10-01-59	290819.13959809078	15	107	1513.5	2122.0	292760.99650011002	1405679.1240875912	137	136
100.0	96.0	75.0	133.0	139.0	125.0	11	0.051734242634130748	0.16474156402789392	DLR00012733-2009-11-13_10-01-59	88956.927989204036	15	107	1647.5	2123.0	106704.48971645048	631834.16058394162	137	136
100.0	96.0	76.0	138.0	147.0	133.0	12	0.078427193776972673	0.19502780694302874	DLR00012733-2009-11-13_10-01-59	238176.1452890622	15	107	1787.5	2122.0	244544.36300397414	1266705.98540146	137	136
100.0	95.0	75.0	134.0	141.0	127.0	13	0.071873834514358789	0.17169059608212187	DLR00012733-2009-11-13_10-01-59	149146.04961623202	15	107	1924.5	2122.0	166947.53154547079	960155.03649635043	137	136
98.0	95.0	75.0	136.0	144.0	131.0	14	0.068091001118866221	0.18373372998607407	DLR00012733-2009-11-13_10-01-59	162210.53651372148	15	107	2061.5	2132.0	189562.44731061085	1030780.7299270073	137	136
96.0	94.0	75.0	147.0	177.0	173.0	15	0.035057808087804357	0.3150788131853694	DLR00012733-2009-11-13_10-01-59	962560.85873434949	15	107	2196.5	2129.0	975333.41891042981	3319407.5912408759	137	136
99.0	95.0	75.0	136.0	145.0	132.0	16	0.05546379668602483	0.1876984420916194	DLR00012733-2009-11-13_10-01-59	149830.78079646482	15	107	2334.5	2122.0	178375.08916127513	981418.68613138678	137	136
100.0	95.0	75.0	136.0	144.0	131.0	17	0.062390111353828118	0.18470430864722603	DLR00012733-2009-11-13_10-01-59	187051.89904383806	15	107	2471.5	2124.0	201479.33207507108	1097609.3430656933	137	136
100.0	95.0	75.0	128.0	130.0	114.0	18	0.018061697479887048	0.12889059033763656	DLR00012733-2009-11-13_10-01-59	2929.8934557799535	15	107	2592.5	2122.0	36295.418331405053	259973.43065693433	137	136
100.0	95.0	75.0	130.0	135.0	121.0	19	0.039906228355266665	0.14905528951809	DLR00012733-2009-11-13_10-01-59	122220.10002280636	15	107	2742.5	2126.0	137754.28150054638	902945.69343065692	137	136
99.0	94.0	75.0	137.0	146.0	134.0	20	0.061377803825456871	0.19441212976395397	DLR00012733-2009-11-13_10-01-59	231369.23265442843	15	107	2866.5	2123.0	250519.77331183915	1306448.7591240876	137	136
98.0	93.0	75.0	149.0	170.0	165.0	21	0.046939101710266933	0.29020040479076159	DLR00012733-2009-11-13_10-01-59	633646.85095214436	15	107	3009.5	2121.0	654685.99706605333	2458229.7810218981	137	136
97.0	92.0	73.0	135.0	145.0	134.0	22	0.052267036070115618	0.18765529861352506	DLR00012733-2009-11-13_10-01-59	192732.18611356252	15	107	3142.5	2123.0	242129.05147716709	1327965.5474452558	137	136
94.0	89.0	71.0	133.0	142.0	132.0	23	0.051521125259736802	0.17936510875828607	DLR00012733-2009-11-13_10-01-59	122650.01930358946	15	107	3282.5	2125.0	215689.51124127157	1273034.4525547447	137	136
93.0	90.0	75.0	134.0	144.0	135.0	24	0.044275134530342583	0.18874549421324932	DLR00012733-2009-11-13_10-01-59	202219.01760039674	15	107	3407.5	2122.0	279217.32308785256	1593001.7518248179	137	136
103.0	100.0	87.0	130.0	132.0	121.0	1	0.0059672864830305292	0.14349055874296746	DLR00012733-2009-11-13_10-01-59	373720.142423974	16	107	282.5	2258.0	314366.09508540435	2139781.3138686134	137	136
106.0	102.0	87.0	138.0	140.0	129.0	2	0.013319835899621716	0.1748631077625753	DLR00012733-2009-11-13_10-01-59	458231.60426051728	16	107	415.5	2269.0	393891.06143126148	2292423.9416058394	137	136
109.0	105.0	88.0	138.0	141.0	130.0	3	0.048271085300229104	0.17720823404551034	DLR00012733-2009-11-13_10-01-59	535699.76626029611	16	107	557.5	2275.0	465263.00832654227	2648843.2116788318	137	136
110.0	106.0	88.0	133.0	134.0	121.0	4	0.03862752410890298	0.14854157695298584	DLR00012733-2009-11-13_10-01-59	555889.54015934689	16	107	690.5	2272.0	492494.73472931411	3002731.0948905107	137	136
108.0	103.0	84.0	126.0	126.0	111.0	5	0.024082263306516062	0.11345919744356488	DLR00012733-2009-11-13_10-01-59	429660.82277261396	16	107	830.5	2258.0	371774.20794969029	2581002.0437956206	137	136
107.0	102.0	83.0	126.0	126.0	111.0	6	0.018647770259470405	0.11369451190626402	DLR00012733-2009-11-13_10-01-59	417715.70937463967	16	107	964.5	2260.0	368203.33563043567	2591380.7299270076	137	136
107.0	102.0	83.0	125.0	125.0	110.0	7	0.01086898609409132	0.10977294327881304	DLR00012733-2009-11-13_10-01-59	354009.75846249826	16	107	1098.5	2261.0	297265.91031714674	2296980.4379562042	137	136
106.0	101.0	81.0	125.0	126.0	112.0	8	0.019500239757046192	0.11603960827000483	DLR00012733-2009-11-13_10-01-59	366136.00345806102	16	107	1236.5	2257.0	319298.15066452511	2305587.1532846717	137	136
105.0	99.0	80.0	126.0	129.0	117.0	9	0.024508498055303959	0.12925527539623033	DLR00012733-2009-11-13_10-01-59	387416.0608368995	16	107	1372.5	2254.0	350297.88166409812	2237492.8467153283	137	136
103.0	99.0	80.0	121.0	122.0	108.0	10	0.029996270445948107	0.10086704632530508	DLR00012733-2009-11-13_10-01-59	273340.85409612337	16	107	1510.5	2254.0	234905.2772641154	1831205.2554744524	137	136
103.0	98.0	79.0	125.0	130.0	116.0	11	0.029783153071554158	0.12873566874986084	DLR00012733-2009-11-13_10-01-59	303714.86219107802	16	107	1647.5	2250.0	267952.23549540219	1774502.189781022	137	136
103.0	99.0	80.0	125.0	128.0	115.0	12	0.035270925462198309	0.12397881605761206	DLR00012733-2009-11-13_10-01-59	355083.40965326299	16	107	1782.5	2258.0	316894.40143345587	2083837.6642335767	137	136
103.0	99.0	80.0	124.0	126.0	111.0	13	0.037135702488145343	0.11527095425077995	DLR00012733-2009-11-13_10-01-59	320504.40752326971	16	107	1919.5	2261.0	283710.04700066522	1979544.5255474455	137	136
102.0	99.0	80.0	127.0	129.0	114.0	14	0.027971655389205603	0.12500429644019478	DLR00012733-2009-11-13_10-01-59	373341.50283256196	16	107	2061.5	2258.0	337306.89777900366	2142565.8394160583	137	136
102.0	100.0	81.0	128.0	130.0	115.0	15	0.020299429911023497	0.12893370389653669	DLR00012733-2009-11-13_10-01-59	383322.87869640999	16	107	2197.5	2258.0	348465.59347597271	2223570.2189781019	137	136
104.0	101.0	82.0	129.0	131.0	115.0	16	0.019979753849432576	0.13182979214140494	DLR00012733-2009-11-13_10-01-59	381218.01124917634	16	107	2329.5	2264.0	336782.75839085761	2362290.2189781023	137	136
105.0	102.0	83.0	136.0	140.0	125.0	17	0.041398049976024295	0.16725525505117825	DLR00012733-2009-11-13_10-01-59	491025.65486979962	16	107	2465.5	2264.0	449171.2676709519	2595430.9489051094	137	136
105.0	102.0	83.0	140.0	143.0	129.0	18	0.012520645745644413	0.18019255399419296	DLR00012733-2009-11-13_10-01-59	496092.27022579935	16	107	2598.5	2261.0	447178.82728379214	2328116.4963503648	137	136
104.0	101.0	82.0	129.0	132.0	118.0	19	0.023069955778144812	0.13918862739914087	DLR00012733-2009-11-13_10-01-59	321763.60155581351	16	107	2734.5	2254.0	273882.90826929884	1795512.700729927	137	136
104.0	100.0	82.0	134.0	139.0	126.0	20	0.037348819862539295	0.16676900830638658	DLR00012733-2009-11-13_10-01-59	357269.82780779147	16	107	2866.5	2259.0	316269.3388260355	1814751.2408759126	137	136
103.0	99.0	81.0	145.0	150.0	140.0	21	0.048377643987426076	0.21212195905699932	DLR00012733-2009-11-13_10-01-59	440649.10370719124	16	107	3018.5	2258.0	410939.40873210353	1953977.5182481753	137	136
101.0	97.0	80.0	143.0	145.0	134.0	22	0.049016996110607919	0.19195725987654588	DLR00012733-2009-11-13_10-01-59	362801.48253503116	16	107	3155.5	2258.0	351044.84799465345	1800069.197080292	137	136
98.0	94.0	78.0	142.0	146.0	138.0	23	0.033459427779849754	0.19903566252666843	DLR00012733-2009-11-13_10-01-59	286823.54490315961	16	107	3280.5	2251.0	305864.11549408146	1543892.8467153285	137	136
97.0	94.0	80.0	138.0	143.0	134.0	24	0.04629974958708509	0.18729447313098829	DLR00012733-2009-11-13_10-01-59	311131.58268481231	16	107	3418.5	2256.0	314482.8378551862	1705395.3284671532	137	136
