100.0	97.0	84.0	108.0	109.0	99.0	1	0.055623634716820289	0.051102330868809977	DLR00012733-2009-11-10_16-36-58	156552.62183686031	1	107	275.5	217.0	123489.94114929523	1437321.4598540147	137	136
103.0	97.0	80.0	109.0	109.0	96.0	2	0.00079919015397730299	0.050823902847210715	DLR00012733-2009-11-10_16-36-58	83180.581135766843	1	107	419.5	214.0	66400.720462336758	1495037.0802919709	137	136
105.0	98.0	79.0	109.0	104.0	87.0	3	5.3279343598486864e-05	0.02961215154512738	DLR00012733-2009-11-10_16-36-58	84578.562617611315	1	107	552.5	228.0	57319.767121295263	1625656.6423357667	137	136
108.0	101.0	81.0	113.0	107.0	90.0	4	0.0	0.041141542964781175	DLR00012733-2009-11-10_16-36-58	157200.8363050436	1	107	693.5	214.0	116526.07286655197	2433928.4671532842	137	136
109.0	101.0	81.0	112.0	107.0	88.0	5	0.0	0.038349394000703356	DLR00012733-2009-11-10_16-36-58	125448.69398709768	1	107	832.5	225.0	68584.960680221047	1679575.1824817522	137	136
109.0	102.0	81.0	111.0	105.0	85.0	6	0.0	0.029780776123865125	DLR00012733-2009-11-10_16-36-58	119390.00218656947	1	107	957.5	230.0	57848.96983575551	1744378.6861313868	137	136
110.0	102.0	81.0	113.0	108.0	88.0	7	0.0	0.039478813664076524	DLR00012733-2009-11-10_16-36-58	139354.508931177	1	107	1099.5	218.0	78354.083823686029	1878542.189781022	137	136
110.0	103.0	81.0	112.0	107.0	86.0	8	0.00015983803079546059	0.035557245036625544	DLR00012733-2009-11-10_16-36-58	146802.47450467577	1	107	1240.5	214.0	88021.198218577658	2159526.1313868612	137	136
109.0	103.0	81.0	113.0	108.0	88.0	9	0.00058607277958335553	0.039435670185982159	DLR00012733-2009-11-10_16-36-58	142955.21602791728	1	107	1377.5	214.0	90167.448906600184	2201547.1532846713	137	136
108.0	102.0	80.0	110.0	104.0	83.0	10	0.0	0.022788630510737061	DLR00012733-2009-11-10_16-36-58	118509.59509945224	1	107	1503.5	220.0	78558.738945573888	2658209.3430656935	137	136
108.0	102.0	80.0	112.0	108.0	89.0	11	0.0	0.041655285449079586	DLR00012733-2009-11-10_16-36-58	140879.18770626825	1	107	1650.5	214.0	92430.608624650777	2136743.6496350365	137	136
108.0	103.0	80.0	112.0	107.0	86.0	12	0.0	0.035557245036625544	DLR00012733-2009-11-10_16-36-58	146467.74326652644	1	107	1775.5	225.0	100165.90803421296	2373175.1824817518	137	136
109.0	103.0	81.0	114.0	111.0	92.0	13	5.3279343598486864e-05	0.050627842367354708	DLR00012733-2009-11-10_16-36-58	202224.20235470575	1	107	1926.5	214.0	161267.66863358795	2755161.4598540151	137	136
108.0	102.0	80.0	113.0	109.0	89.0	14	0.0	0.043400382291527505	DLR00012733-2009-11-10_16-36-58	167884.33260729324	1	107	2057.5	218.0	129592.72948308956	2626060.7299270071	137	136
108.0	102.0	80.0	113.0	109.0	90.0	15	0.00095902818477276361	0.045298426054931298	DLR00012733-2009-11-10_16-36-58	172949.5335510661	1	107	2197.5	213.0	131026.29825830285	2538727.8832116788	137	136
108.0	102.0	80.0	111.0	106.0	85.0	16	0.0	0.031592532931080199	DLR00012733-2009-11-10_16-36-58	130353.10662440449	1	107	2321.5	223.0	79813.594408848207	2155982.1897810218	137	136
109.0	102.0	81.0	113.0	108.0	88.0	17	0.0	0.042270962628154343	DLR00012733-2009-11-10_16-36-58	157962.5412281304	1	107	2471.5	214.0	110203.03802471441	2398742.1897810218	137	136
110.0	102.0	81.0	113.0	107.0	88.0	18	0.00074591081037881615	0.039435670185982159	DLR00012733-2009-11-10_16-36-58	160918.53090160567	1	107	2608.5	214.0	113223.35502680074	2541006.1313868617	137	136
109.0	102.0	81.0	113.0	108.0	89.0	19	0.0	0.04250627709085348	DLR00012733-2009-11-10_16-36-58	159236.27501817301	1	107	2744.5	214.0	110424.44284964315	2289892.5547445258	137	136
108.0	101.0	80.0	112.0	107.0	89.0	20	0.0	0.038627822022302624	DLR00012733-2009-11-10_16-36-58	142812.66428035154	1	107	2871.5	216.0	98307.376732673278	2195724.9635036495	137	136
106.0	99.0	80.0	110.0	105.0	88.0	21	0.0	0.031635676409174564	DLR00012733-2009-11-10_16-36-58	105076.93829657175	1	107	3013.5	217.0	70592.492835664496	1837533.7226277376	137	136
103.0	97.0	79.0	105.0	99.0	83.0	22	0.0	0.011133728071245639	DLR00012733-2009-11-10_16-36-58	31087.323340641804	1	107	3144.5	225.0	19905.592409583398	1194308.3211678832	137	136
100.0	95.0	79.0	102.0	97.0	83.0	23	0.0	0.004270982973206423	DLR00012733-2009-11-10_16-36-58	19591.438643180154	1	107	3292.5	214.0	21047.928658510085	1052550.6569343067	137	136
98.0	95.0	82.0	103.0	102.0	92.0	24	0.024561777398902446	0.027059206538999927	DLR00012733-2009-11-10_16-36-58	64696.850394808949	1	107	3428.5	214.0	56608.914510537455	1064195.0364963503	137	136
98.0	93.0	76.0	99.0	93.0	75.0	1	0.0	-0.016230995283916739	DLR00012733-2009-11-10_16-36-58	0.0	2	107	282.5	350.0	0.0	1069764.0875912409	137	136
100.0	94.0	75.0	101.0	94.0	75.0	2	0.00021311737439394746	-0.012462373577421641	DLR00012733-2009-11-10_16-36-58	0.0	2	107	411.5	353.0	0.0	4124135.4744525542	137	136
104.0	97.0	77.0	104.0	97.0	77.0	3	0.0	-0.0015917728957427189	DLR00012733-2009-11-10_16-36-58	0.0	2	107	556.5	350.0	0.0	1213040.5839416056	137	136
106.0	99.0	78.0	106.0	99.0	79.0	4	0.0	0.006251364359159242	DLR00012733-2009-11-10_16-36-58	23796.103964251815	2	107	693.5	350.0	8550.1974564374941	1267465.4014598543	137	136
106.0	99.0	79.0	107.0	100.0	79.0	5	0.00069263146678032932	0.0081062646444686783	DLR00012733-2009-11-10_16-36-58	39488.119378524592	2	107	821.5	362.0	19940.378829341244	1976506.8613138685	137	136
107.0	100.0	79.0	107.0	101.0	79.0	6	0.00010655868719697373	0.010172932986610221	DLR00012733-2009-11-10_16-36-58	48921.035511319271	2	107	958.5	358.0	19750.431635607078	1669702.7737226277	137	136
107.0	101.0	79.0	107.0	101.0	79.0	7	0.0	0.011984689793825295	DLR00012733-2009-11-10_16-36-58	54023.039930353683	2	107	1103.5	350.0	17754.886828940755	1332775.182481752	137	136
107.0	101.0	78.0	108.0	102.0	81.0	8	0.00063935212318184237	0.015949401899370639	DLR00012733-2009-11-10_16-36-58	49670.852625042462	2	107	1240.5	350.0	788.11738542549165	45311.824817518253	137	136
106.0	101.0	78.0	107.0	101.0	79.0	9	0.0	0.011984689793825295	DLR00012733-2009-11-10_16-36-58	51393.724382605484	2	107	1368.5	351.0	18094.410374422358	1326446.7153284671	137	136
106.0	100.0	78.0	106.0	100.0	78.0	10	0.0	0.0080631211663743148	DLR00012733-2009-11-10_16-36-58	39279.423635659914	2	107	1513.5	350.0	18453.626804091979	2048651.3868613138	137	136
106.0	100.0	78.0	106.0	100.0	78.0	11	0.0	0.0071023560009331388	DLR00012733-2009-11-10_16-36-58	34441.153910612156	2	107	1644.5	354.0	12186.963695255143	1474279.7080291968	137	136
106.0	101.0	78.0	106.0	101.0	79.0	12	0.0058074484522350686	0.010898413608546497	DLR00012733-2009-11-10_16-36-58	49142.241001097442	2	107	1780.5	353.0	16052.893718946762	1159881.4598540145	137	136
106.0	101.0	78.0	106.0	101.0	78.0	13	0.00031967606159092119	0.010172932986610221	DLR00012733-2009-11-10_16-36-58	50250.662414992425	2	107	1918.5	353.0	35428.638641308804	3259413.7226277376	137	136
106.0	100.0	77.0	106.0	101.0	78.0	14	0.0	0.01012978950851586	DLR00012733-2009-11-10_16-36-58	37675.664112838989	2	107	2054.5	350.0	10160.125916838108	955345.40145985398	137	136
106.0	100.0	78.0	106.0	100.0	78.0	15	0.0	0.0071454695598332611	DLR00012733-2009-11-10_16-36-58	36504.597793463858	2	107	2188.5	353.0	21708.221774768972	2663018.9781021895	137	136
106.0	100.0	78.0	107.0	101.0	79.0	16	0.0	0.011216065693794658	DLR00012733-2009-11-10_16-36-58	43342.707316373875	2	107	2334.5	350.0	9001.257671059102	709547.73722627736	137	136
107.0	100.0	78.0	107.0	100.0	79.0	17	0.0	0.01012978950851586	DLR00012733-2009-11-10_16-36-58	44258.887362511108	2	107	2593.5	350.0	34446.10439782709	3572040.0	137	136
107.0	100.0	78.0	107.0	100.0	79.0	18	0.0	0.01012978950851586	DLR00012733-2009-11-10_16-36-58	44368.549104784142	2	107	2594.5	349.0	34519.767815102547	3577355.9124087594	137	136
107.0	100.0	78.0	107.0	100.0	79.0	19	0.00063935212318184237	0.01012978950851586	DLR00012733-2009-11-10_16-36-58	36834.153645977967	2	107	2727.5	357.0	12268.191855854358	1215571.9708029197	137	136
106.0	99.0	78.0	107.0	99.0	78.0	20	0.0	0.006251364359159242	DLR00012733-2009-11-10_16-36-58	29423.945781620369	2	107	2875.5	348.0	21063.552701322067	3060699.8540145983	137	136
105.0	97.0	77.0	105.0	97.0	77.0	21	0.0	-0.0015917728957427189	DLR00012733-2009-11-10_16-36-58	0.0	2	107	3018.5	350.0	134.96713999154792	748531.0948905109	137	136
101.0	94.0	74.0	102.0	94.0	75.0	22	0.00010655868719697373	-0.011501578492786223	DLR00012733-2009-11-10_16-36-58	0.0	2	107	3155.5	350.0	0.0	1086724.3795620438	137	136
98.0	91.0	72.0	98.0	92.0	73.0	23	0.00010655868719697373	-0.02119961603299762	DLR00012733-2009-11-10_16-36-58	0.0	2	107	3279.5	350.0	0.0	1473520.2919708032	137	136
95.0	91.0	75.0	96.0	91.0	75.0	24	0.0	-0.021046669112041737	DLR00012733-2009-11-10_16-36-58	0.0	2	107	3428.5	350.0	0.0	863456.0583941607	137	136
99.0	93.0	74.0	100.0	93.0	75.0	1	0.0	-0.013760417819532548	DLR00012733-2009-11-10_16-36-58	0.0	3	107	286.5	500.0	0.0	596901.02189781016	137	136
101.0	95.0	75.0	102.0	95.0	76.0	2	0.0	-0.0082623769283713955	DLR00012733-2009-11-10_16-36-58	0.0	3	107	419.5	487.0	0.0	613608.17518248176	137	136
104.0	97.0	77.0	104.0	97.0	78.0	3	0.0	-0.00069766769506869944	DLR00012733-2009-11-10_16-36-58	0.0	3	107	556.5	487.0	1125.2756712203259	1027236.7883211679	137	136
106.0	99.0	78.0	106.0	99.0	79.0	4	5.3279343598486864e-05	0.006251364359159242	DLR00012733-2009-11-10_16-36-58	24085.281340435093	3	107	691.5	491.0	8062.0424053350616	1014326.7153284672	137	136
106.0	99.0	79.0	107.0	101.0	80.0	5	0.0	0.010898413608546497	DLR00012733-2009-11-10_16-36-58	38045.147366930578	3	107	827.5	485.0	8296.2978145331017	650313.28467153281	137	136
107.0	100.0	79.0	107.0	101.0	80.0	6	0.0	0.010172932986610221	DLR00012733-2009-11-10_16-36-58	46233.086562104087	3	107	953.5	492.0	19400.108148101146	1640844.9635036497	137	136
106.0	100.0	78.0	107.0	101.0	79.0	7	0.0	0.01102392462838412	DLR00012733-2009-11-10_16-36-58	47392.35229848211	3	107	1103.5	487.0	17171.2124399965	1421880.0	137	136
106.0	101.0	79.0	108.0	102.0	80.0	8	0.00010655868719697373	0.0149454932558351	DLR00012733-2009-11-10_16-36-58	48203.517441794429	3	107	1240.5	487.0	1420.4502931277939	82776.350364963495	137	136
106.0	101.0	79.0	107.0	102.0	80.0	9	0.00047951409238638181	0.01405135813596684	DLR00012733-2009-11-10_16-36-58	50874.380558204961	3	107	1377.5	486.0	14036.467464643027	908008.46715328458	137	136
106.0	100.0	78.0	106.0	100.0	79.0	10	0.0	0.0081062646444686783	DLR00012733-2009-11-10_16-36-58	45121.741788762818	3	107	1504.5	488.0	33876.648233154403	3335861.6058394159	137	136
106.0	100.0	78.0	106.0	100.0	78.0	11	0.0	0.0080631211663743148	DLR00012733-2009-11-10_16-36-58	36148.472700351835	3	107	1650.5	487.0	15273.15584568831	1821332.8467153285	137	136
106.0	100.0	77.0	106.0	101.0	78.0	12	0.0025041291491288828	0.01012978950851586	DLR00012733-2009-11-10_16-36-58	48869.409249183525	3	107	1778.5	488.0	40574.228943728333	3680889.635036496	137	136
106.0	101.0	78.0	106.0	101.0	78.0	13	0.0	0.010812156571552012	DLR00012733-2009-11-10_16-36-58	43277.865983276955	3	107	1920.5	492.0	15250.380547500085	1318852.5547445256	137	136
106.0	100.0	77.0	106.0	100.0	78.0	14	0.0	0.0080631211663743148	DLR00012733-2009-11-10_16-36-58	34535.773372451375	3	107	2053.5	493.0	1583.4005260201943	187828.90510948905	137	136
106.0	100.0	78.0	107.0	102.0	80.0	15	0.00090574884117427677	0.01405135813596684	DLR00012733-2009-11-10_16-36-58	32026.964287747051	3	107	2201.5	491.0	1425.538092377185	93914.452554744523	137	136
106.0	100.0	78.0	106.0	101.0	79.0	16	0.0	0.01012978950851586	DLR00012733-2009-11-10_16-36-58	37745.181625919235	3	107	2321.5	485.0	12459.336596253883	1175576.0583941606	137	136
106.0	100.0	78.0	106.0	100.0	79.0	17	0.00079919015397730299	0.01012978950851586	DLR00012733-2009-11-10_16-36-58	40594.396191669686	3	107	2467.5	489.0	14705.518884747053	1474026.5693430656	137	136
106.0	100.0	78.0	107.0	100.0	78.0	18	0.0	0.0080631211663743148	DLR00012733-2009-11-10_16-36-58	34857.764501860162	3	107	2602.5	489.0	11656.419653324787	1217850.2189781023	137	136
106.0	99.0	77.0	106.0	99.0	78.0	19	0.0	0.006251364359159242	DLR00012733-2009-11-10_16-36-58	29119.895586664279	3	107	2740.5	486.0	17746.41425771252	2640236.4963503648	137	136
106.0	98.0	77.0	106.0	99.0	78.0	20	0.0	0.0062082208810648794	DLR00012733-2009-11-10_16-36-58	16644.287082640418	3	107	2881.5	487.0	8363.0078714042374	1301132.8467153287	137	136
105.0	97.0	76.0	105.0	96.0	76.0	21	0.0	-0.0046623498814198023	DLR00012733-2009-11-10_16-36-58	0.0	3	107	3018.5	487.0	0.0	437423.64963503642	137	136
102.0	94.0	74.0	102.0	94.0	74.0	22	0.0	-0.012462373577421641	DLR00012733-2009-11-10_16-36-58	0.0	3	107	3142.5	486.0	0.0	3854289.635036496	137	136
97.0	90.0	71.0	98.0	91.0	71.0	23	0.0	-0.0251211846604486	DLR00012733-2009-11-10_16-36-58	0.0	3	107	3291.5	487.0	0.0	2324066.2773722624	137	136
95.0	89.0	71.0	95.0	88.0	70.0	24	0.00010655868719697373	-0.033368260956787452	DLR00012733-2009-11-10_16-36-58	0.0	3	107	3428.5	487.0	0.0	873834.74452554737	137	136
100.0	93.0	75.0	101.0	94.0	76.0	1	0.0	-0.011501578492786223	DLR00012733-2009-11-10_16-36-58	0.0	4	107	273.5	633.0	0.0	420463.35766423354	137	136
102.0	95.0	75.0	103.0	96.0	76.0	2	0.0	-0.0075800098653352431	DLR00012733-2009-11-10_16-36-58	0.0	4	107	419.5	623.0	0.0	907755.32846715336	137	136
104.0	97.0	77.0	105.0	97.0	77.0	3	5.3279343598486864e-05	-0.0004192396734694347	DLR00012733-2009-11-10_16-36-58	0.0	4	107	556.5	623.0	1018.4120297085479	781185.98540145997	137	136
106.0	99.0	78.0	107.0	99.0	79.0	4	0.0	0.006890587944101031	DLR00012733-2009-11-10_16-36-58	25513.952355596761	4	107	693.5	623.0	10864.398956864408	1404160.2919708029	137	136
107.0	100.0	78.0	107.0	100.0	79.0	5	0.0	0.0081062646444686783	DLR00012733-2009-11-10_16-36-58	37059.10949082928	4	107	822.5	623.0	11728.831132151267	1145452.5547445256	137	136
107.0	100.0	78.0	107.0	101.0	79.0	6	0.0	0.01102392462838412	DLR00012733-2009-11-10_16-36-58	42598.622906980338	4	107	966.5	623.0	11519.628460378743	947751.24087591236	137	136
106.0	100.0	78.0	107.0	101.0	79.0	7	0.0	0.010172932986610221	DLR00012733-2009-11-10_16-36-58	45407.309854990854	4	107	1085.5	625.0	14962.562874853635	1266452.8467153287	137	136
106.0	100.0	79.0	106.0	100.0	79.0	8	0.00015983803079546059	0.01012978950851586	DLR00012733-2009-11-10_16-36-58	44320.870871435596	4	107	1240.5	623.0	10622.038908253813	1136339.5620437956	137	136
106.0	100.0	79.0	107.0	101.0	79.0	9	0.00021311737439394746	0.011984689793825295	DLR00012733-2009-11-10_16-36-58	48909.622285490972	4	107	1377.5	623.0	16268.1121816799	1281641.1678832115	137	136
106.0	100.0	79.0	106.0	101.0	79.0	10	0.0	0.01102392462838412	DLR00012733-2009-11-10_16-36-58	43653.720867069591	4	107	1499.5	634.0	13516.422029961037	1140896.0583941606	137	136
106.0	100.0	78.0	106.0	100.0	79.0	11	0.00015983803079546059	0.0080631211663743148	DLR00012733-2009-11-10_16-36-58	38741.636952194465	4	107	1640.5	618.0	27909.713948381301	3225493.1386861312	137	136
106.0	100.0	78.0	106.0	101.0	79.0	12	0.00015983803079546059	0.01012978950851586	DLR00012733-2009-11-10_16-36-58	39297.083010036193	4	107	1774.5	630.0	12819.422639228138	1183170.2189781021	137	136
106.0	100.0	78.0	106.0	100.0	78.0	13	0.0	0.0080631211663743148	DLR00012733-2009-11-10_16-36-58	38123.396249140751	4	107	1913.5	624.0	25077.028220368968	2799460.7299270071	137	136
106.0	100.0	78.0	106.0	100.0	79.0	14	0.0	0.0081062646444686783	DLR00012733-2009-11-10_16-36-58	34982.874051055383	4	107	2061.5	623.0	12807.678007583432	1283160.0	137	136
106.0	100.0	78.0	106.0	100.0	78.0	15	0.0	0.0081062646444686783	DLR00012733-2009-11-10_16-36-58	31757.58289643062	4	107	2194.5	634.0	1881.4238544243171	199220.14598540147	137	136
106.0	100.0	78.0	106.0	100.0	79.0	16	0.00085246949757578983	0.0081062646444686783	DLR00012733-2009-11-10_16-36-58	34154.253735615006	4	107	2324.5	622.0	11389.667210095764	1178360.5839416056	137	136
106.0	100.0	78.0	107.0	103.0	81.0	17	5.3279343598486864e-05	0.017972926763417819	DLR00012733-2009-11-10_16-36-58	34349.621286652873	4	107	2473.5	625.0	143.86598574156505	7341.0218978102184	137	136
106.0	100.0	77.0	107.0	100.0	79.0	18	5.3279343598486864e-05	0.008231745745112061	DLR00012733-2009-11-10_16-36-58	33993.477001771054	4	107	2600.5	629.0	14184.839656144251	1385174.8905109488	137	136
107.0	99.0	77.0	107.0	100.0	78.0	19	0.0	0.0071023560009331388	DLR00012733-2009-11-10_16-36-58	25826.117018647055	4	107	2737.5	619.0	9946.5865524002584	1217850.2189781023	137	136
106.0	98.0	76.0	107.0	99.0	77.0	20	0.0	0.0034160719169870602	DLR00012733-2009-11-10_16-36-58	14498.473365946897	4	107	2876.5	623.0	8166.6117238851966	1486936.6423357667	137	136
105.0	97.0	75.0	106.0	98.0	77.0	21	0.0	0.00038860849021009959	DLR00012733-2009-11-10_16-36-58	0.0	4	107	3008.5	619.0	1944.1873153455326	813081.45985401457	137	136
102.0	94.0	74.0	103.0	95.0	75.0	22	0.0	-0.0094349101506446802	DLR00012733-2009-11-10_16-36-58	0.0	4	107	3155.5	623.0	0.0	1326446.7153284671	137	136
99.0	91.0	71.0	99.0	91.0	72.0	23	0.0	-0.024227079459774582	DLR00012733-2009-11-10_16-36-58	0.0	4	107	3282.5	626.0	0.0	2563788.6131386864	137	136
95.0	89.0	70.0	96.0	89.0	70.0	24	0.0	-0.031791788693077278	DLR00012733-2009-11-10_16-36-58	0.0	4	107	3415.5	627.0	0.0	741696.35036496341	137	136
101.0	94.0	75.0	101.0	94.0	75.0	1	0.0	-0.013270221741101176	DLR00012733-2009-11-10_16-36-58	0.0	5	107	282.5	759.0	0.0	1358089.0510948906	137	136
103.0	95.0	75.0	103.0	95.0	76.0	2	0.0	-0.0082623769283713955	DLR00012733-2009-11-10_16-36-58	0.0	5	107	410.5	765.0	0.0	3581659.2700729929	137	136
105.0	97.0	77.0	106.0	98.0	78.0	3	0.0	0.0035023289539815455	DLR00012733-2009-11-10_16-36-58	1433.8176051191701	5	107	556.5	759.0	3604.3828105260986	600444.96350364969	137	136
107.0	99.0	78.0	107.0	99.0	79.0	4	5.3279343598486864e-05	0.006251364359159242	DLR00012733-2009-11-10_16-36-58	25757.115941398821	5	107	692.5	766.0	13278.615678454484	2025362.6277372262	137	136
107.0	100.0	78.0	108.0	101.0	79.0	5	0.0	0.010172932986610221	DLR00012733-2009-11-10_16-36-58	36395.30013436258	5	107	830.5	759.0	5634.4520655370425	478178.97810218984	137	136
107.0	100.0	78.0	107.0	100.0	79.0	6	0.00063935212318184237	0.010172932986610221	DLR00012733-2009-11-10_16-36-58	39986.420078691393	5	107	966.5	759.0	10002.692466671922	889276.20437956206	137	136
106.0	100.0	78.0	107.0	100.0	79.0	7	0.0	0.01012978950851586	DLR00012733-2009-11-10_16-36-58	41474.426426347643	5	107	1103.5	759.0	18632.84229182799	1836521.1678832117	137	136
106.0	100.0	78.0	107.0	101.0	79.0	8	0.00074591081037881615	0.010172932986610221	DLR00012733-2009-11-10_16-36-58	43741.691448569785	5	107	1240.5	759.0	18962.734043717461	1721089.9270072991	137	136
106.0	100.0	79.0	106.0	101.0	79.0	9	0.0	0.010172932986610221	DLR00012733-2009-11-10_16-36-58	43995.191817008279	5	107	1371.5	762.0	18527.385900837253	1693750.9489051094	137	136
105.0	100.0	79.0	106.0	101.0	79.0	10	0.0	0.010172932986610221	DLR00012733-2009-11-10_16-36-58	40398.499238615965	5	107	1513.5	759.0	11772.225788262656	1077105.1094890512	137	136
105.0	100.0	78.0	106.0	100.0	79.0	11	0.0	0.0081062646444686783	DLR00012733-2009-11-10_16-36-58	34609.120022289564	5	107	1650.5	759.0	11975.289256615566	1202661.8978102189	137	136
105.0	99.0	78.0	105.0	99.0	78.0	12	0.0	0.0062082208810648794	DLR00012733-2009-11-10_16-36-58	27191.073743830253	5	107	1787.5	759.0	3570.7887379952176	625252.55474452558	137	136
105.0	99.0	78.0	106.0	100.0	79.0	13	0.00069263146678032932	0.0080631211663743148	DLR00012733-2009-11-10_16-36-58	29646.477942247078	5	107	1923.5	770.0	11018.969571154448	1172791.5328467153	137	136
105.0	99.0	78.0	105.0	100.0	78.0	14	0.0023975704619319089	0.006251364359159242	DLR00012733-2009-11-10_16-36-58	27678.159520500387	5	107	2061.5	759.0	6935.9437442100971	901173.72262773721	137	136
105.0	99.0	78.0	105.0	100.0	78.0	15	0.0	0.006251364359159242	DLR00012733-2009-11-10_16-36-58	25067.831366096587	5	107	2192.5	766.0	9800.5216844778661	1367455.182481752	137	136
105.0	99.0	78.0	106.0	100.0	78.0	16	0.0	0.006251364359159242	DLR00012733-2009-11-10_16-36-58	26094.465182335327	5	107	2321.5	764.0	9539.0713182175205	1187726.7153284671	137	136
105.0	99.0	77.0	106.0	100.0	78.0	17	0.0	0.006251364359159242	DLR00012733-2009-11-10_16-36-58	25137.19370909813	5	107	2458.5	758.0	10570.999813862774	1402388.3211678832	137	136
106.0	99.0	77.0	107.0	100.0	78.0	18	0.00079919015397730299	0.006251364359159242	DLR00012733-2009-11-10_16-36-58	21975.918247636702	5	107	2594.5	763.0	8208.5210267737202	1082421.0218978103	137	136
107.0	99.0	76.0	107.0	100.0	78.0	19	5.3279343598486864e-05	0.006251364359159242	DLR00012733-2009-11-10_16-36-58	18991.661581439315	5	107	2741.5	760.0	2449.4324192802806	340724.6715328467	137	136
106.0	98.0	76.0	107.0	100.0	78.0	20	0.0	0.006251364359159242	DLR00012733-2009-11-10_16-36-58	8572.8292592699163	5	107	2881.5	759.0	3295.8485147006404	412869.19708029192	137	136
105.0	97.0	75.0	106.0	97.0	76.0	21	0.00058607277958335553	-0.0016349163738370817	DLR00012733-2009-11-10_16-36-58	0.0	5	107	3012.5	759.0	0.0	2060042.6277372262	137	136
103.0	94.0	73.0	103.0	95.0	74.0	22	0.0	-0.0094349101506446802	DLR00012733-2009-11-10_16-36-58	0.0	5	107	3145.5	760.0	0.0	1091280.8759124088	137	136
99.0	91.0	71.0	100.0	92.0	73.0	23	0.0	-0.020305510832323601	DLR00012733-2009-11-10_16-36-58	0.0	5	107	3288.5	763.0	0.0	965217.81021897821	137	136
96.0	89.0	70.0	96.0	89.0	70.0	24	0.0010123075283712504	-0.031791788693077278	DLR00012733-2009-11-10_16-36-58	0.0	5	107	3411.5	762.0	0.0	836117.08029197087	137	136
102.0	94.0	74.0	102.0	95.0	75.0	1	0.0	-0.0096035347293824246	DLR00012733-2009-11-10_16-36-58	0.0	6	107	278.5	898.0	0.0	871809.63503649633	137	136
103.0	95.0	75.0	103.0	95.0	75.0	2	0.00042623474878789491	-0.0082623769283713955	DLR00012733-2009-11-10_16-36-58	0.0	6	107	411.5	899.0	0.0	2948053.1386861312	137	136
105.0	97.0	77.0	106.0	98.0	78.0	3	0.00015983803079546059	0.0020945111882033594	DLR00012733-2009-11-10_16-36-58	156.43508398407701	6	107	557.5	903.0	2554.8355049634374	1034324.6715328466	137	136
107.0	99.0	78.0	108.0	100.0	78.0	4	0.0	0.0071454695598332611	DLR00012733-2009-11-10_16-36-58	22529.384349512849	6	107	693.5	895.0	194.06484883798822	20504.233576642335	137	136
107.0	99.0	78.0	107.0	100.0	78.0	5	0.0	0.0071023560009331388	DLR00012733-2009-11-10_16-36-58	32345.187528954426	6	107	830.5	895.0	1323.4169523654389	160489.92700729927	137	136
107.0	100.0	78.0	107.0	100.0	79.0	6	0.00058607277958335553	0.0080631211663743148	DLR00012733-2009-11-10_16-36-58	35729.772334408204	6	107	956.5	895.0	12035.899558178531	1222659.8540145985	137	136
106.0	100.0	78.0	107.0	100.0	79.0	7	0.0	0.007337640544438041	DLR00012733-2009-11-10_16-36-58	34398.205259444556	6	107	1103.5	895.0	12573.342606201295	1400616.3503649635	137	136
106.0	100.0	78.0	106.0	100.0	79.0	8	0.0	0.0081062646444686783	DLR00012733-2009-11-10_16-36-58	33638.658903020623	6	107	1237.5	897.0	11052.790639749919	1113303.9416058394	137	136
105.0	100.0	78.0	106.0	101.0	79.0	9	0.00058607277958335553	0.010172932986610221	DLR00012733-2009-11-10_16-36-58	35746.62933527428	6	107	1374.5	897.0	7166.542821723765	649300.72992700723	137	136
105.0	100.0	79.0	105.0	100.0	79.0	10	0.0005327934359848687	0.0081062646444686783	DLR00012733-2009-11-10_16-36-58	35806.149307135733	6	107	1505.5	902.0	14298.727409715799	1528957.6642335765	137	136
105.0	99.0	78.0	105.0	100.0	79.0	11	0.0	0.0074238975814325259	DLR00012733-2009-11-10_16-36-58	28198.737896769206	6	107	1641.5	899.0	9326.0354845509373	1117354.1605839415	137	136
105.0	99.0	78.0	105.0	99.0	79.0	12	0.00042623474878789491	0.0069768449810955159	DLR00012733-2009-11-10_16-36-58	25902.240703940879	6	107	1785.5	898.0	9313.5903887881523	1162919.1240875912	137	136
105.0	99.0	78.0	105.0	99.0	78.0	13	0.001545100964356119	0.0062082208810648794	DLR00012733-2009-11-10_16-36-58	22998.86269985286	6	107	1924.5	895.0	7340.5137182551007	1125454.5985401459	137	136
105.0	99.0	78.0	105.0	99.0	78.0	14	0.00015983803079546059	0.0041846960170176979	DLR00012733-2009-11-10_16-36-58	17425.710117753893	6	107	2051.5	899.0	2190.7590002971697	395149.48905109492	137	136
104.0	98.0	77.0	105.0	99.0	78.0	15	0.0	0.0041846960170176979	DLR00012733-2009-11-10_16-36-58	16274.950122244656	6	107	2189.5	899.0	8622.6955564241034	1659324.0875912409	137	136
105.0	98.0	77.0	105.0	99.0	78.0	16	0.0	0.003055276353644536	DLR00012733-2009-11-10_16-36-58	14060.935285801052	6	107	2326.5	896.0	7505.2663804813956	1909425.1094890512	137	136
105.0	98.0	77.0	105.0	99.0	78.0	17	0.0	0.0041415525389233345	DLR00012733-2009-11-10_16-36-58	13132.791890161368	6	107	2471.5	895.0	5693.7639650478241	997113.28467153292	137	136
105.0	99.0	76.0	106.0	99.0	77.0	18	0.0	0.0032239009323822808	DLR00012733-2009-11-10_16-36-58	13913.341124147881	6	107	2597.5	895.0	8007.6974097831007	1593001.7518248179	137	136
106.0	98.0	75.0	106.0	98.0	76.0	19	0.0	-0.00069766769506869944	DLR00012733-2009-11-10_16-36-58	3502.5626652811229	6	107	2868.5	893.0	4450.5280443450683	3740124.0875912406	137	136
106.0	98.0	75.0	106.0	98.0	76.0	20	0.0	-0.00069766769506869944	DLR00012733-2009-11-10_16-36-58	3217.6346074643461	6	107	2872.5	893.0	4404.5888426119182	3734808.1751824818	137	136
105.0	96.0	75.0	106.0	97.0	76.0	21	0.0	-0.0015917728957427189	DLR00012733-2009-11-10_16-36-58	0.0	6	107	3018.5	895.0	0.0	1224684.9635036495	137	136
103.0	94.0	73.0	104.0	95.0	74.0	22	0.0	-0.0085839185088707835	DLR00012733-2009-11-10_16-36-58	0.0	6	107	3142.5	893.0	0.0	803715.32846715336	137	136
99.0	91.0	71.0	99.0	91.0	71.0	23	0.0	-0.024227079459774582	DLR00012733-2009-11-10_16-36-58	0.0	6	107	3291.5	903.0	0.0	257948.3211678832	137	136
95.0	89.0	69.0	96.0	89.0	70.0	24	0.0	-0.031109421630041125	DLR00012733-2009-11-10_16-36-58	0.0	6	107	3414.5	899.0	0.0	607532.8467153284	137	136
102.0	94.0	74.0	102.0	95.0	75.0	1	0.0	-0.0094349101506446802	DLR00012733-2009-11-10_16-36-58	0.0	7	107	282.5	1032.0	0.0	832826.27737226279	137	136
104.0	95.0	75.0	104.0	96.0	76.0	2	0.00079919015397730299	-0.005513341523193699	DLR00012733-2009-11-10_16-36-58	0.0	7	107	419.5	1032.0	0.0	840926.71532846708	137	136
105.0	97.0	76.0	106.0	98.0	77.0	3	0.0	-0.00069766769506869944	DLR00012733-2009-11-10_16-36-58	0.0	7	107	554.5	1037.0	1526.484474108757	1561359.4160583944	137	136
107.0	99.0	77.0	107.0	99.0	78.0	4	5.3279343598486864e-05	0.006251364359159242	DLR00012733-2009-11-10_16-36-58	22041.084098867745	7	107	693.5	1032.0	9053.5120320802835	1247214.3065693432	137	136
107.0	99.0	77.0	107.0	99.0	77.0	5	0.0	0.006251364359159242	DLR00012733-2009-11-10_16-36-58	28851.277026541531	7	107	830.5	1032.0	18058.873782138693	2855404.3795620441	137	136
107.0	99.0	77.0	107.0	100.0	79.0	6	0.00010655868719697373	0.0080846929054214957	DLR00012733-2009-11-10_16-36-58	32014.352394267211	7	107	966.5	1032.0	7531.9132447152024	718407.59124087601	137	136
106.0	99.0	78.0	107.0	101.0	79.0	7	0.00010655868719697373	0.011345466208883506	DLR00012733-2009-11-10_16-36-58	29107.250565796494	7	107	1102.5	1036.0	3881.4339257054457	299463.0656934306	137	136
105.0	99.0	78.0	106.0	99.0	78.0	8	0.00058607277958335553	0.006251364359159242	DLR00012733-2009-11-10_16-36-58	26270.456778640786	7	107	1233.5	1036.0	12285.464387634775	1723115.0364963503	137	136
105.0	99.0	78.0	105.0	99.0	78.0	9	0.00069263146678032932	0.006251364359159242	DLR00012733-2009-11-10_16-36-58	25963.025348297491	7	107	1378.5	1041.0	9546.0458485445452	1333534.5985401457	137	136
105.0	99.0	78.0	106.0	100.0	79.0	10	0.0	0.0081062646444686783	DLR00012733-2009-11-10_16-36-58	29445.2092703899	7	107	1513.5	1032.0	6711.3231976142024	687524.67153284664	137	136
105.0	99.0	78.0	105.0	100.0	79.0	11	0.0	0.0081062646444686783	DLR00012733-2009-11-10_16-36-58	25274.067313308755	7	107	1644.5	1046.0	485.93732781607798	47843.211678832115	137	136
104.0	99.0	78.0	105.0	99.0	79.0	12	0.0	0.0060827397804214967	DLR00012733-2009-11-10_16-36-58	21238.725561875985	7	107	1777.5	1029.0	7750.4459385261634	1225697.518248175	137	136
104.0	99.0	78.0	105.0	99.0	78.0	13	0.0	0.0041846960170176979	DLR00012733-2009-11-10_16-36-58	16108.493540961863	7	107	1925.5	1028.0	4868.5502834044592	772579.27007299277	137	136
104.0	98.0	77.0	104.0	99.0	78.0	14	0.00095902818477276361	0.003055276353644536	DLR00012733-2009-11-10_16-36-58	8430.4803809802561	7	107	2064.5	1041.0	4514.7799839837926	1080649.0510948903	137	136
104.0	98.0	77.0	104.0	99.0	77.0	15	0.0	0.0023297957317082612	DLR00012733-2009-11-10_16-36-58	5684.7860396966107	7	107	2197.5	1032.0	5032.3237255021068	1370492.8467153285	137	136
104.0	98.0	77.0	104.0	98.0	77.0	16	0.0	0.00026312738956671725	DLR00012733-2009-11-10_16-36-58	3405.0015610704995	7	107	2323.5	1034.0	3266.557399297837	2306852.8467153283	137	136
104.0	98.0	76.0	104.0	98.0	77.0	17	0.0	-0.0004192396734694347	DLR00012733-2009-11-10_16-36-58	4111.1496733466738	7	107	2469.5	1032.0	4327.7540100343995	3652791.2408759128	137	136
105.0	98.0	75.0	105.0	98.0	76.0	18	0.0	-0.00074078125396882192	DLR00012733-2009-11-10_16-36-58	0.0	7	107	2602.5	1036.0	0.0	3293334.306569343	137	136
105.0	98.0	75.0	106.0	98.0	76.0	19	0.0022377324311364482	-0.00050549671046392004	DLR00012733-2009-11-10_16-36-58	0.0	7	107	2744.5	1032.0	3075.7426894198893	1317333.7226277376	137	136
105.0	97.0	75.0	106.0	98.0	75.0	20	0.0	-0.0015917728957427189	DLR00012733-2009-11-10_16-36-58	0.0	7	107	2870.5	1036.0	0.0	1590723.5036496352	137	136
105.0	96.0	74.0	105.0	97.0	75.0	21	0.0	-0.0046623498814198023	DLR00012733-2009-11-10_16-36-58	0.0	7	107	3018.5	1033.0	0.0	1415298.3941605841	137	136
103.0	94.0	72.0	103.0	94.0	73.0	22	0.0	-0.013399622256190022	DLR00012733-2009-11-10_16-36-58	0.0	7	107	3145.5	1031.0	0.0	2733138.3941605841	137	136
99.0	91.0	70.0	100.0	92.0	72.0	23	0.0	-0.021756472076196149	DLR00012733-2009-11-10_16-36-58	0.0	7	107	3295.5	1036.0	0.0	289843.795620438	137	136
95.0	89.0	69.0	95.0	89.0	69.0	24	0.0	-0.032921178437256199	DLR00012733-2009-11-10_16-36-58	0.0	7	107	3410.5	1031.0	0.0	1031287.00729927	137	136
102.0	94.0	74.0	102.0	94.0	74.0	1	0.0	-0.012462373577421641	DLR00012733-2009-11-10_16-36-58	0.0	8	107	274.5	1178.0	0.0	1066220.1459854015	137	136
103.0	95.0	75.0	104.0	96.0	75.0	2	0.0	-0.0055564850012880624	DLR00012733-2009-11-10_16-36-58	0.0	8	107	410.5	1171.0	0.0	950282.6277372262	137	136
105.0	97.0	76.0	106.0	97.0	77.0	3	0.0	-0.00074078125396882192	DLR00012733-2009-11-10_16-36-58	0.0	8	107	549.5	1167.0	714.05556563682524	698915.912408759	137	136
106.0	98.0	76.0	106.0	98.0	77.0	4	0.0	0.0023297957317082612	DLR00012733-2009-11-10_16-36-58	8897.2808735384206	8	107	693.5	1168.0	4983.0336949656594	2116745.693430657	137	136
106.0	99.0	76.0	107.0	99.0	78.0	5	0.0	0.0062082208810648794	DLR00012733-2009-11-10_16-36-58	18861.289359652699	8	107	830.5	1168.0	3685.0756134197018	520453.13868613139	137	136
106.0	99.0	77.0	107.0	100.0	78.0	6	0.0	0.006251364359159242	DLR00012733-2009-11-10_16-36-58	20862.944218763958	8	107	966.5	1168.0	5958.2368596465503	769794.74452554737	137	136
105.0	99.0	77.0	106.0	100.0	78.0	7	0.0	0.0062082208810648794	DLR00012733-2009-11-10_16-36-58	18712.36533862097	8	107	1093.5	1173.0	6439.5957906110752	933322.33576642338	137	136
105.0	98.0	77.0	105.0	99.0	77.0	8	0.0	0.0023297957317082612	DLR00012733-2009-11-10_16-36-58	15373.523396954535	8	107	1232.5	1172.0	12704.667593647544	3598872.700729927	137	136
105.0	99.0	78.0	105.0	99.0	78.0	9	0.0021844530875379615	0.006251364359159242	DLR00012733-2009-11-10_16-36-58	16733.775343842368	8	107	1377.5	1168.0	4353.8464967633199	657654.30656934297	137	136
104.0	99.0	78.0	106.0	100.0	80.0	10	0.00047951409238638181	0.0081062646444686783	DLR00012733-2009-11-10_16-36-58	15953.33061184462	8	107	1514.5	1163.0	234.70113119748896	23288.759124087592	137	136
104.0	99.0	78.0	105.0	100.0	79.0	11	0.00069263146678032932	0.0069337164625982734	DLR00012733-2009-11-10_16-36-58	15763.32224512758	8	107	1636.5	1166.0	1422.8697218200507	206561.16788321166	137	136
104.0	98.0	78.0	105.0	99.0	78.0	12	0.00015983803079546059	0.0041846960170176979	DLR00012733-2009-11-10_16-36-58	13167.70220412265	8	107	1775.5	1167.0	4812.2338172643622	794602.33576642338	137	136
104.0	98.0	77.0	103.5	98.0	77.0	13	0.0	0.00026312738956671725	DLR00012733-2009-11-10_16-36-58	3060.2850889738129	8	107	1921.5	1162.0	135.73397872459969	151376.93430656931	137	136
103.0	98.0	77.0	104.0	98.0	77.0	14	0.0013852629335606586	0.0021611711529705164	DLR00012733-2009-11-10_16-36-58	1069.687021961666	8	107	2061.5	1168.0	2971.7676588233926	1097356.2043795621	137	136
103.0	98.0	76.0	104.0	98.0	77.0	15	0.0	0.00026312738956671725	DLR00012733-2009-11-10_16-36-58	0.0	8	107	2190.5	1175.0	1809.4463312639662	800930.80291970796	137	136
103.0	97.0	76.0	104.0	98.0	77.0	16	0.0	-0.00050549671046392004	DLR00012733-2009-11-10_16-36-58	0.0	8	107	2321.5	1170.0	795.83093585719246	1275312.7007299268	137	136
104.0	97.0	76.0	104.0	98.0	76.0	17	0.0	-0.0015917728957427189	DLR00012733-2009-11-10_16-36-58	0.0	8	107	2464.5	1176.0	0.0	1330243.7956204379	137	136
104.0	97.0	75.0	104.0	98.0	76.0	18	0.0	-0.0015917728957427189	DLR00012733-2009-11-10_16-36-58	0.0	8	107	2608.5	1168.0	0.0	909527.29927007284	137	136
105.0	97.0	74.0	105.0	97.0	74.0	19	0.0010123075283712504	-0.0046192363225196799	DLR00012733-2009-11-10_16-36-58	0.0	8	107	2738.5	1165.0	0.0	1505922.0437956203	137	136
105.0	97.0	74.0	106.0	99.0	76.0	20	0.0	0.0022866522536138987	DLR00012733-2009-11-10_16-36-58	0.0	8	107	2879.5	1165.0	989.56393768468172	282502.77372262772	137	136
104.0	95.0	73.0	105.0	96.0	74.0	21	0.0	-0.0055564850012880624	DLR00012733-2009-11-10_16-36-58	0.0	8	107	3018.5	1168.0	0.0	904464.52554744517	137	136
102.0	93.0	72.0	103.0	94.0	72.0	22	0.0	-0.01391333482129419	DLR00012733-2009-11-10_16-36-58	0.0	8	107	3145.5	1171.0	0.0	967749.19708029192	137	136
98.0	90.0	70.0	98.0	91.0	70.0	23	0.0	-0.027870220065626297	DLR00012733-2009-11-10_16-36-58	0.0	8	107	3281.5	1169.0	0.0	2782753.5766423354	137	136
95.0	88.0	69.0	95.0	89.0	69.0	24	0.0	-0.035030990257492109	DLR00012733-2009-11-10_16-36-58	0.0	8	107	3421.5	1160.0	0.0	935347.44525547454	137	136
101.0	94.0	74.0	101.0	94.0	74.0	1	0.0	-0.013313335300001297	DLR00012733-2009-11-10_16-36-58	0.0	9	107	286.5	1315.0	0.0	1584901.313868613	137	136
103.0	95.0	74.0	104.0	97.0	76.0	2	0.00010655868719697373	-0.0043408083009204151	DLR00012733-2009-11-10_16-36-58	0.0	9	107	419.5	1304.0	0.0	230862.48175182482	137	136
105.0	96.0	75.0	105.0	97.0	75.0	3	0.0	-0.0046192363225196799	DLR00012733-2009-11-10_16-36-58	0.0	9	107	560.5	1300.0	0.0	68853.722627737225	137	136
106.0	98.0	76.0	106.0	98.0	77.0	4	0.0010655868719697374	0.0023297957317082612	DLR00012733-2009-11-10_16-36-58	2531.4263274439595	9	107	693.5	1304.0	3349.3416548846913	977115.32846715325	137	136
106.0	99.0	76.0	107.0	99.0	77.0	5	0.0	0.0031807873734821584	DLR00012733-2009-11-10_16-36-58	13354.851209205051	9	107	830.5	1304.0	5586.6736204432436	1214053.1386861312	137	136
106.0	98.5	76.0	106.0	99.0	76.0	6	0.0	0.0022866522536138987	DLR00012733-2009-11-10_16-36-58	10733.338585174484	9	107	961.5	1312.0	9017.9755097302314	3817078.2481751824	137	136
105.0	98.0	76.0	106.0	99.0	77.0	7	0.0	0.0031807873734821584	DLR00012733-2009-11-10_16-36-58	6890.1543075634281	9	107	1102.5	1307.0	4239.4092512690886	930284.67153284664	137	136
104.0	98.0	77.0	105.0	99.0	77.0	8	0.0	0.0023297957317082612	DLR00012733-2009-11-10_16-36-58	6712.3656830018126	9	107	1229.5	1312.0	5027.432952126589	1232025.9854014597	137	136
104.0	98.0	77.0	105.0	99.0	78.0	9	0.0	0.003055276353644536	DLR00012733-2009-11-10_16-36-58	7985.2441896274686	9	107	1377.5	1304.0	4982.0790499500554	1377580.7299270076	137	136
104.0	98.0	77.0	104.0	99.0	78.0	10	0.00021311737439394746	0.0032239009323822808	DLR00012733-2009-11-10_16-36-58	7407.5733428693711	9	107	1510.5	1312.0	4493.456843468236	1017870.6569343065	137	136
103.0	98.0	77.0	104.0	98.0	77.0	11	5.3279343598486864e-05	0.00026312738956671725	DLR00012733-2009-11-10_16-36-58	6078.7597036949574	9	107	1650.5	1304.0	5909.5177415944008	3908208.1751824818	137	136
103.0	98.0	77.0	103.0	98.0	77.0	12	0.00058607277958335553	0.00021998391147235453	DLR00012733-2009-11-10_16-36-58	308.96046258025052	9	107	1787.5	1304.0	929.55207241208313	2400514.1605839417	137	136
103.0	98.0	77.0	103.0	98.0	77.0	13	0.0	0.00026312738956671725	DLR00012733-2009-11-10_16-36-58	0.0	9	107	1918.5	1312.0	2705.9680984359716	1750454.01459854	137	136
103.0	97.0	76.0	104.0	99.0	77.0	14	0.0	0.00026312738956671725	DLR00012733-2009-11-10_16-36-58	0.0	9	107	2061.5	1304.0	98.334814004864896	28351.53284671533	137	136
103.0	97.0	76.0	103.0	98.0	77.0	15	0.0	-0.0015917728957427189	DLR00012733-2009-11-10_16-36-58	0.0	9	107	2192.5	1308.0	0.0	459193.5766423358	137	136
103.0	97.0	75.0	103.0	97.0	76.0	16	0.0	-0.0036584412378842632	DLR00012733-2009-11-10_16-36-58	0.0	9	107	2318.5	1317.0	0.0	859658.97810218984	137	136
103.0	96.0	75.0	103.0	97.0	76.0	17	0.0	-0.0037015847159786257	DLR00012733-2009-11-10_16-36-58	0.0	9	107	2464.5	1307.0	0.0	1316068.0291970803	137	136
103.0	96.0	74.0	104.0	96.0	75.0	18	0.00047951409238638181	-0.005513341523193699	DLR00012733-2009-11-10_16-36-58	0.0	9	107	2597.5	1306.0	0.0	2730100.7299270071	137	136
104.0	96.0	74.0	105.0	97.0	75.0	19	0.0019713357131440142	-0.0046623498814198023	DLR00012733-2009-11-10_16-36-58	0.0	9	107	2743.5	1312.0	0.0	1078877.0802919709	137	136
104.0	96.0	73.0	106.0	98.0	76.0	20	0.0	0.0023297957317082612	DLR00012733-2009-11-10_16-36-58	0.0	9	107	2881.5	1304.0	48.863747788493463	18225.985401459857	137	136
104.0	95.0	73.0	104.0	95.0	73.0	21	0.0012787042463636847	-0.0099917661938432097	DLR00012733-2009-11-10_16-36-58	0.0	9	107	3009.5	1308.0	0.0	2550119.1240875917	137	136
101.0	93.0	71.0	102.0	93.0	72.0	22	0.0	-0.016427055763772742	DLR00012733-2009-11-10_16-36-58	0.0	9	107	3155.5	1304.0	0.0	1129504.817518248	137	136
97.0	90.0	70.0	98.0	91.0	71.0	23	0.0	-0.0251211846604486	DLR00012733-2009-11-10_16-36-58	0.0	9	107	3292.5	1304.0	0.0	161249.34306569342	137	136
94.0	88.0	68.0	94.0	88.0	69.0	24	0.0	-0.035948641864033161	DLR00012733-2009-11-10_16-36-58	0.0	9	107	3416.5	1310.0	0.0	1059638.5401459853	137	136
101.0	94.0	74.0	101.0	94.0	75.0	1	0.0	-0.012183945555822376	DLR00012733-2009-11-10_16-36-58	0.0	10	107	281.5	1450.0	0.0	537666.56934306561	137	136
102.0	95.0	74.0	103.0	95.0	75.0	2	0.00010655868719697373	-0.0085408049499706602	DLR00012733-2009-11-10_16-36-58	0.0	10	107	414.5	1447.0	0.0	1192030.0729927006	137	136
104.0	96.0	75.0	104.0	96.0	75.0	3	0.0	-0.005513341523193699	DLR00012733-2009-11-10_16-36-58	0.0	10	107	556.5	1441.0	0.0	3017413.1386861312	137	136
105.0	97.0	75.0	106.0	98.0	77.0	4	0.0	0.00038860849021009959	DLR00012733-2009-11-10_16-36-58	0.0	10	107	693.5	1441.0	2139.1698172888168	942182.18978102191	137	136
106.0	98.0	76.0	106.0	98.0	77.0	5	0.0	0.0023297957317082612	DLR00012733-2009-11-10_16-36-58	9935.6982243631537	10	107	830.5	1441.0	6227.1508421871695	2274957.3722627736	137	136
106.0	98.0	76.0	106.0	99.0	77.0	6	0.00090574884117427677	0.0029023294326886535	DLR00012733-2009-11-10_16-36-58	7072.5168595101386	10	107	966.5	1441.0	3221.7995753757191	873581.60583941615	137	136
105.0	98.0	76.0	105.0	98.0	76.0	7	0.0	0.0022866522536138987	DLR00012733-2009-11-10_16-36-58	475.74142567046493	10	107	1103.5	1441.0	1983.4431735100929	891048.17518248165	137	136
104.0	97.0	76.0	105.0	98.0	77.0	8	0.0	0.00026312738956671725	DLR00012733-2009-11-10_16-36-58	0.0	10	107	1229.5	1447.0	1955.8871488221137	1064954.4525547447	137	136
104.0	97.0	76.0	104.0	98.0	77.0	9	0.0	-0.00069766769506869944	DLR00012733-2009-11-10_16-36-58	0.0	10	107	1362.5	1445.0	1076.9117668974909	2081053.1386861312	137	136
103.0	97.0	76.0	104.0	98.0	77.0	10	0.0	0.00026312738956671725	DLR00012733-2009-11-10_16-36-58	0.0	10	107	1513.5	1441.0	1669.359323077832	1240632.7007299268	137	136
103.0	97.0	76.0	103.0	98.0	77.0	11	0.0	0.00021998391147235453	DLR00012733-2009-11-10_16-36-58	0.0	10	107	1650.5	1441.0	1139.9776619556214	1163425.4014598543	137	136
103.0	97.0	76.0	103.0	98.0	77.0	12	0.00037295540518940808	-0.0004192396734694347	DLR00012733-2009-11-10_16-36-58	0.0	10	107	1787.5	1441.0	1071.7343626847401	1231519.7080291968	137	136
103.0	97.0	76.0	103.0	98.0	77.0	13	0.0	0.00021998391147235453	DLR00012733-2009-11-10_16-36-58	0.0	10	107	1918.5	1448.0	716.8348678152837	679677.3722627738	137	136
102.0	97.0	76.0	103.0	97.0	76.0	14	0.0	-0.0036584412378842632	DLR00012733-2009-11-10_16-36-58	0.0	10	107	2043.5	1440.0	0.0	1283666.2773722624	137	136
102.0	96.0	75.0	102.0	97.0	76.0	15	0.0	-0.0037015847159786257	DLR00012733-2009-11-10_16-36-58	0.0	10	107	2193.5	1449.0	0.0	1202408.7591240874	137	136
102.0	96.0	75.0	103.0	97.0	76.0	16	0.0	-0.0043408083009204151	DLR00012733-2009-11-10_16-36-58	0.0	10	107	2318.5	1442.0	0.0	822447.59124087601	137	136
102.0	96.0	74.0	102.0	96.0	75.0	17	0.0	-0.0082623769283713955	DLR00012733-2009-11-10_16-36-58	0.0	10	107	2460.5	1447.0	0.0	2812370.8029197082	137	136
103.0	96.0	74.0	103.0	96.0	75.0	18	0.0	-0.005513341523193699	DLR00012733-2009-11-10_16-36-58	0.0	10	107	2600.5	1443.0	0.0	847002.04379562044	137	136
104.0	96.0	73.0	104.0	96.0	75.0	19	0.0	-0.005513341523193699	DLR00012733-2009-11-10_16-36-58	0.0	10	107	2733.5	1442.0	0.0	1129757.9562043797	137	136
104.0	96.0	73.0	104.0	96.0	74.0	20	0.0	-0.0074545287646918612	DLR00012733-2009-11-10_16-36-58	0.0	10	107	2866.5	1443.0	0.0	1087230.6569343067	137	136
103.0	94.0	72.0	104.0	96.0	74.0	21	5.3279343598486864e-05	-0.0085839185088707835	DLR00012733-2009-11-10_16-36-58	0.0	10	107	3006.5	1445.0	0.0	741949.48905109486	137	136
101.0	92.0	71.0	101.0	92.0	71.0	22	0.0	-0.020348624391223723	DLR00012733-2009-11-10_16-36-58	0.0	10	107	3146.5	1441.0	0.0	3245491.0948905107	137	136
97.0	89.0	69.0	97.0	90.0	70.0	23	0.0	-0.028999609809805219	DLR00012733-2009-11-10_16-36-58	0.0	10	107	3283.5	1445.0	0.0	1173550.9489051094	137	136
94.0	87.0	68.0	94.0	87.0	69.0	24	0.0	-0.038952558884943089	DLR00012733-2009-11-10_16-36-58	0.0	10	107	3413.5	1443.0	0.0	1102165.8394160585	137	136
101.0	93.0	74.0	101.0	93.0	74.0	1	0.0	-0.016105514183273356	DLR00012733-2009-11-10_16-36-58	0.0	11	107	282.5	1577.0	0.0	890541.89781021897	137	136
102.0	94.0	74.0	102.0	94.0	74.0	2	0.0	-0.013356478778095661	DLR00012733-2009-11-10_16-36-58	0.0	11	107	412.5	1582.0	0.0	2543790.6569343065	137	136
104.0	96.0	75.0	104.0	96.0	75.0	3	0.0	-0.0076466698301024	DLR00012733-2009-11-10_16-36-58	0.0	11	107	558.5	1582.0	0.0	2508098.1021897811	137	136
105.0	97.0	75.0	105.0	97.0	76.0	4	0.00037295540518940808	-0.0015917728957427189	DLR00012733-2009-11-10_16-36-58	0.0	11	107	693.5	1577.0	0.0	1321637.0802919711	137	136
105.0	98.0	76.0	105.0	98.0	76.0	5	0.001598380307954606	-0.00069766769506869944	DLR00012733-2009-11-10_16-36-58	1463.4043160281576	11	107	829.5	1587.0	2386.7085043004849	2776678.2481751824	137	136
105.0	98.0	76.0	106.0	99.0	78.0	6	0.00015983803079546059	0.0062082208810648794	DLR00012733-2009-11-10_16-36-58	3539.1648238762991	11	107	966.5	1577.0	2342.6573879959851	322245.54744525545	137	136
105.0	97.0	75.0	105.0	98.0	76.0	7	0.0	-0.0015917728957427189	DLR00012733-2009-11-10_16-36-58	0.0	11	107	1101.5	1584.0	0.0	2766299.5620437954	137	136
104.0	97.0	76.0	104.0	97.0	76.0	8	0.0	-0.0015917728957427189	DLR00012733-2009-11-10_16-36-58	0.0	11	107	1240.5	1577.0	0.0	1267465.4014598543	137	136
103.0	97.0	75.0	103.0	97.0	76.0	9	0.0	-0.0046192363225196799	DLR00012733-2009-11-10_16-36-58	0.0	11	107	1381.5	1583.0	0.0	2449369.9270072989	137	136
103.0	96.0	75.0	103.0	97.0	76.0	10	0.0	-0.0036584412378842632	DLR00012733-2009-11-10_16-36-58	0.0	11	107	1513.5	1577.0	0.0	732077.08029197087	137	136
102.0	96.0	75.0	103.0	97.0	76.0	11	0.0	-0.0036584412378842632	DLR00012733-2009-11-10_16-36-58	0.0	11	107	1654.5	1587.0	0.0	863456.0583941607	137	136
102.0	96.0	75.0	103.0	98.0	76.0	12	0.0	-0.0015917728957427189	DLR00012733-2009-11-10_16-36-58	0.0	11	107	1781.5	1581.0	0.0	18225.985401459857	137	136
102.0	96.0	75.0	102.0	97.0	76.0	13	0.0	-0.0046192363225196799	DLR00012733-2009-11-10_16-36-58	0.0	11	107	1918.5	1589.0	0.0	1348722.9197080291	137	136
102.0	96.0	75.0	102.0	96.0	75.0	14	0.00031967606159092119	-0.0075800098653352431	DLR00012733-2009-11-10_16-36-58	0.0	11	107	2054.5	1584.0	0.0	1196080.2919708029	137	136
102.0	95.0	74.0	102.0	96.0	75.0	15	0.0	-0.0076231533434296065	DLR00012733-2009-11-10_16-36-58	0.0	11	107	2197.5	1577.0	0.0	1286450.802919708	137	136
101.0	95.0	74.0	102.0	96.0	75.0	16	0.0	-0.0082623769283713955	DLR00012733-2009-11-10_16-36-58	0.0	11	107	2334.5	1577.0	0.0	717141.89781021897	137	136
101.0	95.0	74.0	102.0	95.0	75.0	17	0.0	-0.0094349101506446802	DLR00012733-2009-11-10_16-36-58	0.0	11	107	2470.5	1578.0	0.0	881428.9051094891	137	136
102.0	94.0	73.0	103.0	95.0	74.0	18	0.0	-0.0094780536287390419	DLR00012733-2009-11-10_16-36-58	0.0	11	107	2593.5	1589.0	0.0	923956.20437956206	137	136
103.0	95.0	73.0	103.0	96.0	74.0	19	0.00079919015397730299	-0.0085839185088707835	DLR00012733-2009-11-10_16-36-58	0.0	11	107	2744.5	1577.0	0.0	609051.67883211677	137	136
103.0	95.0	73.0	103.0	95.0	73.0	20	0.00085246949757578983	-0.01156823845755338	DLR00012733-2009-11-10_16-36-58	0.0	11	107	2870.5	1581.0	0.0	2969316.7883211682	137	136
102.0	94.0	72.0	102.0	94.0	72.0	21	0.0018114976823485535	-0.015489807085004361	DLR00012733-2009-11-10_16-36-58	0.0	11	107	3011.5	1584.0	0.0	2548853.4306569342	137	136
100.0	92.0	71.0	100.0	92.0	72.0	22	0.0	-0.020348624391223723	DLR00012733-2009-11-10_16-36-58	0.0	11	107	3147.5	1581.0	0.0	902439.41605839413	137	136
96.0	88.0	69.0	96.0	89.0	69.0	23	0.0	-0.032921178437256199	DLR00012733-2009-11-10_16-36-58	0.0	11	107	3283.5	1586.0	0.0	762200.58394160587	137	136
93.0	86.0	68.0	93.0	86.0	68.0	24	0.0	-0.041211398211689412	DLR00012733-2009-11-10_16-36-58	0.0	11	107	3411.5	1583.0	0.0	1233291.6788321168	137	136
100.0	93.0	73.0	100.0	93.0	74.0	1	0.0	-0.016552566783610365	DLR00012733-2009-11-10_16-36-58	0.0	12	107	282.5	1713.0	0.0	878644.37956204382	137	136
101.0	93.0	73.0	101.0	93.0	73.0	2	0.0	-0.016427055763772742	DLR00012733-2009-11-10_16-36-58	0.0	12	107	412.5	1723.0	0.0	3312825.9854014595	137	136
103.0	95.0	74.0	103.0	95.0	74.0	3	0.0010123075283712504	-0.0094780536287390419	DLR00012733-2009-11-10_16-36-58	0.0	12	107	556.5	1713.0	0.0	1023186.5693430656	137	136
104.0	96.0	75.0	105.0	97.0	76.0	4	0.0	-0.0046192363225196799	DLR00012733-2009-11-10_16-36-58	0.0	12	107	693.5	1713.0	0.0	760681.7518248175	137	136
105.0	97.0	76.0	106.0	97.0	77.0	5	0.0	-0.00069766769506869944	DLR00012733-2009-11-10_16-36-58	0.0	12	107	824.5	1720.0	1061.7462403173349	752834.45255474444	137	136
105.0	97.0	75.0	105.0	98.0	76.0	6	0.00015983803079546059	-0.00069766769506869944	DLR00012733-2009-11-10_16-36-58	0.0	12	107	966.5	1713.0	1646.1100552889764	886744.81751824822	137	136
104.0	97.0	75.0	104.0	97.0	75.0	7	0.00074591081037881615	-0.0046192363225196799	DLR00012733-2009-11-10_16-36-58	0.0	12	107	1101.5	1721.0	0.0	2729847.5912408764	137	136
103.0	96.0	75.0	104.0	97.0	76.0	8	0.00015983803079546059	-0.0044270653379149	DLR00012733-2009-11-10_16-36-58	0.0	12	107	1240.5	1713.0	0.0	785236.20437956206	137	136
102.0	96.0	75.0	103.0	97.0	76.0	9	0.0	-0.0043408083009204151	DLR00012733-2009-11-10_16-36-58	0.0	12	107	1372.5	1722.0	0.0	591585.10948905104	137	136
102.0	96.0	75.0	102.0	96.0	75.0	10	0.00010655868719697373	-0.005513341523193699	DLR00012733-2009-11-10_16-36-58	0.0	12	107	1513.5	1713.0	0.0	1058372.8467153285	137	136
102.0	95.0	74.0	102.0	96.0	75.0	11	0.0	-0.0075800098653352431	DLR00012733-2009-11-10_16-36-58	0.0	12	107	1637.5	1719.0	0.0	956104.81751824822	137	136
101.0	95.0	74.0	102.0	96.0	75.0	12	0.0	-0.0085408049499706602	DLR00012733-2009-11-10_16-36-58	0.0	12	107	1779.5	1722.0	0.0	933069.19708029204	137	136
101.0	95.0	74.0	102.0	96.0	75.0	13	0.001225424902765198	-0.0085839185088707835	DLR00012733-2009-11-10_16-36-58	0.0	12	107	1924.5	1713.0	0.0	957370.51094890514	137	136
101.0	94.0	74.0	101.0	95.0	75.0	14	0.0	-0.0094349101506446802	DLR00012733-2009-11-10_16-36-58	0.0	12	107	2061.5	1713.0	0.0	816119.12408759107	137	136
101.0	94.0	73.0	101.0	95.0	74.0	15	0.0	-0.011544721970880587	DLR00012733-2009-11-10_16-36-58	0.0	12	107	2185.5	1718.0	0.0	1309739.5620437958	137	136
101.0	94.0	73.0	101.0	94.0	74.0	16	0.0	-0.013356478778095661	DLR00012733-2009-11-10_16-36-58	0.0	12	107	2326.5	1716.0	0.0	2798701.3138686134	137	136
101.0	94.0	73.0	102.0	95.0	74.0	17	0.0031434812723107252	-0.012183945555822376	DLR00012733-2009-11-10_16-36-58	0.0	12	107	2461.5	1716.0	0.0	1035590.3649635038	137	136
101.0	94.0	72.0	102.0	94.0	73.0	18	0.0055943310778411208	-0.013356478778095661	DLR00012733-2009-11-10_16-36-58	0.0	12	107	2600.5	1714.0	0.0	917121.45985401457	137	136
102.0	94.0	72.0	102.0	94.0	72.0	19	0.00037295540518940808	-0.016105514183273356	DLR00012733-2009-11-10_16-36-58	0.0	12	107	2736.5	1719.0	0.0	2462026.8613138688	137	136
102.0	93.0	72.0	102.0	94.0	73.0	20	0.0	-0.013356478778095661	DLR00012733-2009-11-10_16-36-58	0.0	12	107	2873.5	1725.0	0.0	944207.29927007295	137	136
101.0	92.0	72.0	101.0	92.0	71.0	21	0.0	-0.020348624391223723	DLR00012733-2009-11-10_16-36-58	0.0	12	107	3018.5	1713.0	0.0	129353.86861313868	137	136
99.0	91.0	70.0	99.0	91.0	71.0	22	0.0	-0.024227079459774582	DLR00012733-2009-11-10_16-36-58	0.0	12	107	3140.5	1714.0	0.0	806752.99270072998	137	136
95.0	87.0	68.0	95.0	88.0	69.0	23	0.0	-0.036885890542801544	DLR00012733-2009-11-10_16-36-58	0.0	12	107	3285.5	1717.0	0.0	1106975.4744525547	137	136
92.0	85.0	67.0	93.0	86.0	67.0	24	0.0	-0.044003547175767231	DLR00012733-2009-11-10_16-36-58	0.0	12	107	3408.5	1715.0	0.0	1282147.4452554744	137	136
99.0	91.0	72.0	99.0	92.0	73.0	1	0.0	-0.02119961603299762	DLR00012733-2009-11-10_16-36-58	0.0	13	107	295.5	1858.0	0.0	863709.19708029192	137	136
99.0	91.0	72.0	100.0	92.0	73.0	2	0.0	-0.020027082810724336	DLR00012733-2009-11-10_16-36-58	0.0	13	107	420.5	1864.0	0.0	807765.54744525545	137	136
101.0	93.0	73.0	101.0	93.0	73.0	3	0.00021311737439394746	-0.016383942204872621	DLR00012733-2009-11-10_16-36-58	0.0	13	107	554.5	1860.0	0.0	3542929.051094891	137	136
103.0	95.0	74.0	103.0	95.0	75.0	4	0.0011188662155682241	-0.0085839185088707835	DLR00012733-2009-11-10_16-36-58	0.0	13	107	689.5	1862.0	0.0	2765793.2846715329	137	136
104.0	96.0	75.0	105.0	97.0	76.0	5	0.0	-0.0043408083009204151	DLR00012733-2009-11-10_16-36-58	0.0	13	107	837.5	1861.0	0.0	980912.40875912399	137	136
104.0	96.0	75.0	104.0	96.0	75.0	6	0.0	-0.0047878609012574251	DLR00012733-2009-11-10_16-36-58	0.0	13	107	966.5	1849.0	0.0	1107481.7518248176	137	136
103.0	96.0	74.0	104.0	96.0	75.0	7	0.0	-0.0055564850012880624	DLR00012733-2009-11-10_16-36-58	0.0	13	107	1108.5	1862.0	0.0	1017111.2408759125	137	136
102.0	95.0	74.0	103.0	96.0	75.0	8	0.00090574884117427677	-0.0085623617294207227	DLR00012733-2009-11-10_16-36-58	0.0	13	107	1240.5	1849.0	0.0	883960.29197080282	137	136
101.0	94.0	74.0	102.0	95.0	74.0	9	0.0	-0.0094780536287390419	DLR00012733-2009-11-10_16-36-58	0.0	13	107	1378.5	1857.0	0.0	973318.2481751825	137	136
101.0	94.0	74.0	101.0	94.0	74.0	10	0.0	-0.012462373577421641	DLR00012733-2009-11-10_16-36-58	0.0	13	107	1518.5	1848.0	0.0	26073.284671532845	137	136
100.0	94.0	74.0	101.0	94.0	74.0	11	0.00079919015397730299	-0.012505487136321764	DLR00012733-2009-11-10_16-36-58	0.0	13	107	1650.5	1849.0	0.0	1273287.5912408759	137	136
100.0	94.0	74.0	101.0	95.0	74.0	12	0.0013319835899621717	-0.011544721970880587	DLR00012733-2009-11-10_16-36-58	0.0	13	107	1787.5	1849.0	0.0	672083.21167883207	137	136
100.0	94.0	73.0	100.0	94.0	73.0	13	0.0	-0.015423147120237204	DLR00012733-2009-11-10_16-36-58	0.0	13	107	1921.5	1861.0	0.0	2408108.321167883	137	136
100.0	93.0	73.0	100.0	93.0	73.0	14	0.00021311737439394746	-0.016552566783610365	DLR00012733-2009-11-10_16-36-58	0.0	13	107	2055.5	1859.0	0.0	3320167.00729927	137	136
99.0	93.0	72.0	100.0	94.0	73.0	15	0.0	-0.016383942204872621	DLR00012733-2009-11-10_16-36-58	0.0	13	107	2195.5	1860.0	0.0	1119632.4087591241	137	136
99.0	93.0	72.0	100.0	93.0	73.0	16	0.0	-0.017278047405546639	DLR00012733-2009-11-10_16-36-58	0.0	13	107	2327.5	1862.0	0.0	509568.17518248176	137	136
100.0	93.0	72.0	100.0	93.0	72.0	17	0.0	-0.020027082810724336	DLR00012733-2009-11-10_16-36-58	0.0	13	107	2468.5	1858.0	0.0	2553663.0656934306	137	136
100.0	93.0	71.0	101.0	93.0	72.0	18	0.0	-0.017278047405546639	DLR00012733-2009-11-10_16-36-58	0.0	13	107	2598.5	1857.0	0.0	685499.56204379559	137	136
101.0	93.0	71.0	101.0	93.0	72.0	19	0.0016516596515530929	-0.019219234647044801	DLR00012733-2009-11-10_16-36-58	0.0	13	107	2744.5	1855.0	0.0	3184231.5328467158	137	136
100.0	92.0	71.0	101.0	93.0	72.0	20	0.0	-0.017278047405546639	DLR00012733-2009-11-10_16-36-58	0.0	13	107	2881.5	1849.0	0.0	963952.11678832106	137	136
99.0	91.0	71.0	100.0	92.0	72.0	21	0.0	-0.02119961603299762	DLR00012733-2009-11-10_16-36-58	0.0	13	107	3006.5	1859.0	0.0	1154565.5474452553	137	136
97.0	89.0	69.0	98.0	90.0	70.0	22	0.0	-0.02904275328789958	DLR00012733-2009-11-10_16-36-58	0.0	13	107	3141.5	1857.0	0.0	660438.83211678825	137	136
93.0	85.0	66.0	93.0	85.0	66.0	23	0.0	-0.047478063202881199	DLR00012733-2009-11-10_16-36-58	0.0	13	107	3291.5	1855.0	0.0	2443547.7372262776	137	136
91.0	85.0	67.0	91.0	85.0	67.0	24	0.0	-0.047478063202881199	DLR00012733-2009-11-10_16-36-58	0.0	13	107	3428.5	1849.0	0.0	1212787.4452554747	137	136
98.0	91.0	73.0	98.0	91.0	72.0	1	0.0	-0.025078041182354238	DLR00012733-2009-11-10_16-36-58	0.0	14	107	282.5	1986.0	0.0	974077.66423357662	137	136
98.0	90.0	70.0	98.0	90.0	71.0	2	0.00015983803079546059	-0.027870220065626297	DLR00012733-2009-11-10_16-36-58	0.0	14	107	424.5	1996.0	0.0	830801.16788321175	137	136
101.0	93.0	73.0	101.0	93.0	73.0	3	0.00021311737439394746	-0.016383942204872621	DLR00012733-2009-11-10_16-36-58	0.0	14	107	553.5	1864.0	0.0	3515083.7956204377	137	136
102.0	93.0	73.0	102.0	94.0	74.0	4	0.0	-0.013356478778095661	DLR00012733-2009-11-10_16-36-58	0.0	14	107	688.5	1998.0	0.0	2255971.9708029199	137	136
103.0	95.0	74.0	103.0	95.0	74.0	5	0.0	-0.0094780536287390419	DLR00012733-2009-11-10_16-36-58	0.0	14	107	830.5	1986.0	0.0	911046.13138686144	137	136
102.0	94.0	73.0	103.0	95.0	74.0	6	0.00063935212318184237	-0.012462373577421641	DLR00012733-2009-11-10_16-36-58	0.0	14	107	965.5	1995.0	0.0	2857176.350364964	137	136
102.0	94.0	73.0	102.0	95.0	74.0	7	0.0	-0.012462373577421641	DLR00012733-2009-11-10_16-36-58	0.0	14	107	1103.5	1986.0	0.0	617658.39416058385	137	136
101.0	93.0	72.0	101.0	93.0	73.0	8	0.0	-0.016427055763772742	DLR00012733-2009-11-10_16-36-58	0.0	14	107	1235.5	1995.0	0.0	3093607.8832116788	137	136
100.0	93.0	72.0	100.0	93.0	72.0	9	0.0	-0.020027082810724336	DLR00012733-2009-11-10_16-36-58	0.0	14	107	1372.5	1998.0	0.0	3114618.3941605841	137	136
99.0	93.0	72.0	100.0	94.0	73.0	10	0.0	-0.015423147120237204	DLR00012733-2009-11-10_16-36-58	0.0	14	107	1513.5	1986.0	0.0	416919.41605839418	137	136
99.0	92.0	71.0	99.0	92.0	72.0	11	0.0	-0.02119961603299762	DLR00012733-2009-11-10_16-36-58	0.0	14	107	1640.5	1996.0	0.0	2335710.6569343065	137	136
98.0	92.0	71.0	99.0	92.0	72.0	12	0.0	-0.02119961603299762	DLR00012733-2009-11-10_16-36-58	0.0	14	107	1780.5	1992.0	0.0	2066371.0948905109	137	136
98.0	92.0	71.0	98.0	92.0	71.0	13	0.0	-0.023266284375139164	DLR00012733-2009-11-10_16-36-58	0.0	14	107	1924.5	1986.0	0.0	62018.978102189787	137	136
98.0	91.0	70.0	98.0	92.0	71.0	14	0.0	-0.023266284375139164	DLR00012733-2009-11-10_16-36-58	0.0	14	107	2051.5	1997.0	0.0	1015086.1313868614	137	136
98.0	91.0	70.0	98.0	92.0	71.0	15	0.0014918216207576323	-0.023948651438175317	DLR00012733-2009-11-10_16-36-58	0.0	14	107	2197.5	1986.0	0.0	959901.89781021897	137	136
97.0	91.0	70.0	98.0	91.0	71.0	16	0.00047951409238638181	-0.024395704038512326	DLR00012733-2009-11-10_16-36-58	0.0	14	107	2326.5	1994.0	0.0	939650.80291970796	137	136
98.0	91.0	70.0	98.0	91.0	71.0	17	5.3279343598486864e-05	-0.0251211846604486	DLR00012733-2009-11-10_16-36-58	0.0	14	107	2462.5	1994.0	0.0	1350494.8905109488	137	136
98.0	91.0	70.0	99.0	92.0	71.0	18	0.0	-0.024034908475169803	DLR00012733-2009-11-10_16-36-58	0.0	14	107	2607.5	1991.0	0.0	1349988.6131386862	137	136
99.0	91.0	70.0	99.0	92.0	71.0	19	0.0	-0.023948651438175317	DLR00012733-2009-11-10_16-36-58	0.0	14	107	2738.5	1984.0	0.0	1093559.1240875912	137	136
98.0	91.0	70.0	99.0	91.0	71.0	20	0.0	-0.024227079459774582	DLR00012733-2009-11-10_16-36-58	0.0	14	107	2865.5	1993.0	0.0	548804.67153284664	137	136
98.0	89.0	69.0	98.0	90.0	70.0	21	0.0	-0.029085896765993945	DLR00012733-2009-11-10_16-36-58	0.0	14	107	3018.5	1986.0	0.0	606014.01459854003	137	136
95.0	87.0	67.0	96.0	87.0	68.0	22	0.00010655868719697373	-0.037121175086306447	DLR00012733-2009-11-10_16-36-58	0.0	14	107	3142.5	1992.0	0.0	900667.44525547442	137	136
91.0	83.0	65.0	91.0	83.0	65.0	23	0.0	-0.052572165052605466	DLR00012733-2009-11-10_16-36-58	0.0	14	107	3281.5	1987.0	0.0	2317484.671532847	137	136
89.0	83.0	65.0	89.0	83.0	66.0	24	0.0	-0.052976104094042353	DLR00012733-2009-11-10_16-36-58	0.0	14	107	3408.5	1994.0	0.0	1057866.5693430658	137	136
98.0	90.0	72.0	98.0	91.0	73.0	1	0.0	-0.0240741325388187	DLR00012733-2009-11-10_16-36-58	0.0	15	107	306.5	2118.0	0.0	1028755.6204379563	137	136
98.0	90.0	71.0	99.0	90.0	72.0	2	0.0005327934359848687	-0.025356469203953503	DLR00012733-2009-11-10_16-36-58	0.0	15	107	421.5	2130.0	0.0	867759.41605839424	137	136
100.0	92.0	72.0	100.0	91.0	72.0	3	0.0	-0.021434900576502523	DLR00012733-2009-11-10_16-36-58	0.0	15	107	556.5	2122.0	0.0	1001669.7810218978	137	136
103.0	94.0	74.0	103.0	94.0	74.0	4	0.0	-0.012270202592816861	DLR00012733-2009-11-10_16-36-58	0.0	15	107	692.5	2129.0	0.0	1269490.5109489053	137	136
102.0	94.0	73.0	103.0	94.0	74.0	5	0.0	-0.012505487136321764	DLR00012733-2009-11-10_16-36-58	0.0	15	107	830.5	2122.0	0.0	928512.70072992716	137	136
101.0	93.0	73.0	101.0	93.0	73.0	6	0.0	-0.016552566783610365	DLR00012733-2009-11-10_16-36-58	0.0	15	107	966.5	2133.0	0.0	1178107.4452554744	137	136
101.0	93.0	72.0	101.0	93.0	73.0	7	0.0	-0.016427055763772742	DLR00012733-2009-11-10_16-36-58	0.0	15	107	1103.5	2122.0	0.0	876366.13138686121	137	136
100.0	92.0	71.0	100.0	92.0	72.0	8	0.0	-0.020305510832323601	DLR00012733-2009-11-10_16-36-58	0.0	15	107	1232.5	2125.0	0.0	1083180.4379562044	137	136
99.0	91.0	71.0	99.0	92.0	71.0	9	0.0	-0.024227079459774582	DLR00012733-2009-11-10_16-36-58	0.0	15	107	1377.5	2122.0	0.0	942688.4671532847	137	136
98.0	90.0	70.0	98.0	91.0	70.0	10	0.0	-0.027870220065626297	DLR00012733-2009-11-10_16-36-58	0.0	15	107	1513.5	2122.0	0.0	1405679.1240875912	137	136
97.0	90.0	69.0	98.0	91.0	70.0	11	0.0	-0.027187853002590145	DLR00012733-2009-11-10_16-36-58	0.0	15	107	1647.5	2123.0	0.0	631834.16058394162	137	136
97.0	90.0	69.0	97.0	90.0	70.0	12	0.00058607277958335553	-0.02904275328789958	DLR00012733-2009-11-10_16-36-58	0.0	15	107	1787.5	2122.0	0.0	1266705.98540146	137	136
97.0	90.0	69.0	97.0	90.0	70.0	13	0.0	-0.02904275328789958	DLR00012733-2009-11-10_16-36-58	0.0	15	107	1924.5	2122.0	0.0	960155.03649635043	137	136
96.0	89.0	69.0	97.0	90.0	69.0	14	0.0	-0.031791788693077278	DLR00012733-2009-11-10_16-36-58	0.0	15	107	2061.5	2132.0	0.0	1030780.7299270073	137	136
96.0	90.0	69.0	96.0	89.0	69.0	15	0.0	-0.032113330273576664	DLR00012733-2009-11-10_16-36-58	0.0	15	107	2196.5	2129.0	0.0	3319407.5912408759	137	136
97.0	90.0	69.0	97.0	90.0	70.0	16	0.00037295540518940808	-0.02904275328789958	DLR00012733-2009-11-10_16-36-58	0.0	15	107	2334.5	2122.0	0.0	981418.68613138678	137	136
97.0	90.0	69.0	98.0	90.0	70.0	17	0.00015983803079546059	-0.028191761646125683	DLR00012733-2009-11-10_16-36-58	0.0	15	107	2471.5	2124.0	0.0	1097609.3430656933	137	136
97.0	90.0	69.0	98.0	90.0	70.0	18	0.0	-0.028317272665963306	DLR00012733-2009-11-10_16-36-58	0.0	15	107	2592.5	2122.0	0.0	259973.43065693433	137	136
97.0	89.0	69.0	97.0	90.0	70.0	19	0.0	-0.02904275328789958	DLR00012733-2009-11-10_16-36-58	0.0	15	107	2742.5	2126.0	0.0	902945.69343065692	137	136
97.0	89.0	69.0	98.0	90.0	70.0	20	0.00015983803079546059	-0.031109421630041125	DLR00012733-2009-11-10_16-36-58	0.0	15	107	2866.5	2123.0	0.0	1306448.7591240876	137	136
97.0	88.0	69.0	97.0	89.0	69.0	21	0.0	-0.032305501258181442	DLR00012733-2009-11-10_16-36-58	0.0	15	107	3009.5	2121.0	0.0	2458229.7810218981	137	136
94.0	86.0	67.0	95.0	87.0	68.0	22	0.0	-0.039913353969578506	DLR00012733-2009-11-10_16-36-58	0.0	15	107	3142.5	2123.0	0.0	1327965.5474452558	137	136
91.0	83.0	65.0	91.0	83.0	65.0	23	0.00085246949757578983	-0.052529021574511101	DLR00012733-2009-11-10_16-36-58	0.0	15	107	3282.5	2125.0	0.0	1273034.4525547447	137	136
90.0	83.0	67.0	90.0	84.0	68.0	24	0.0	-0.047925115803218211	DLR00012733-2009-11-10_16-36-58	0.0	15	107	3407.5	2122.0	0.0	1593001.7518248179	137	136
101.0	96.0	82.0	111.0	110.0	99.0	1	0.024242101337311524	0.057302335895234612	DLR00012733-2009-11-10_16-36-58	153657.61548118482	16	107	282.5	2258.0	139023.38491463076	2139781.3138686134	137	136
103.0	97.0	80.0	117.0	113.0	99.0	2	0.031754488784698172	0.069082719435369408	DLR00012733-2009-11-10_16-36-58	221606.08587467892	16	107	415.5	2269.0	206363.59015743562	2292423.9416058394	137	136
106.0	99.0	82.0	120.0	115.0	99.0	3	0.077201768874207474	0.073496458808071624	DLR00012733-2009-11-10_16-36-58	289352.51100369915	16	107	557.5	2275.0	258475.34085765693	2648843.2116788318	137	136
107.0	99.0	81.0	120.0	114.0	97.0	4	0.022324044967765997	0.06903960587646929	DLR00012733-2009-11-10_16-36-58	255752.36018939226	16	107	690.5	2272.0	233532.40517288397	3002731.0948905107	137	136
105.0	96.0	76.0	116.0	111.0	95.0	5	0.012573925089242901	0.056827817474585103	DLR00012733-2009-11-10_16-36-58	166909.2508308762	16	107	830.5	2258.0	161892.81145284098	2581002.0437956206	137	136
104.0	95.0	75.0	115.0	113.0	98.0	6	0.0	0.065506268713479102	DLR00012733-2009-11-10_16-36-58	150174.65480742799	16	107	964.5	2260.0	153430.98104780936	2591380.7299270076	137	136
103.0	95.0	76.0	116.0	114.0	99.0	7	0.0	0.069470980819024433	DLR00012733-2009-11-10_16-36-58	145062.53362947618	16	107	1098.5	2261.0	146959.45574245049	2296980.4379562042	137	136
103.0	94.0	74.0	113.0	111.0	95.0	8	0.00026639671799243435	0.057384703436977866	DLR00012733-2009-11-10_16-36-58	104442.74190147739	16	107	1236.5	2257.0	117778.79665259963	2305587.1532846717	137	136
101.0	93.0	73.0	111.0	108.0	91.0	9	0.0023975704619319089	0.042549390649753605	DLR00012733-2009-11-10_16-36-58	54829.261322240374	16	107	1372.5	2254.0	80070.428144374528	2237492.8467153283	137	136
100.0	92.0	72.0	109.0	107.0	91.0	10	0.0046353028930683571	0.041698428927173944	DLR00012733-2009-11-10_16-36-58	22444.672006422199	16	107	1510.5	2254.0	57907.997496334159	1831205.2554744524	137	136
99.0	91.0	71.0	104.0	99.0	80.0	11	0.0033565986467046726	0.0069768449810955159	DLR00012733-2009-11-10_16-36-58	0.0	16	107	1647.5	2250.0	31494.160529528512	1774502.189781022	137	136
99.0	92.0	72.0	107.0	103.0	85.0	12	0.011188662155682242	0.022941547512498703	DLR00012733-2009-11-10_16-36-58	28247.359344255801	16	107	1782.5	2258.0	58293.000289915501	2083837.6642335767	137	136
99.0	92.0	72.0	109.0	106.0	89.0	13	0.018434652885076456	0.034706253394851644	DLR00012733-2009-11-10_16-36-58	51322.092396975917	16	107	1919.5	2261.0	80032.268613080465	1979544.5255474455	137	136
100.0	92.0	72.0	110.0	107.0	89.0	14	0.0044221855186744102	0.037776860299722964	DLR00012733-2009-11-10_16-36-58	56745.299560543011	16	107	2061.5	2258.0	79558.96131036416	2142565.8394160583	137	136
100.0	93.0	73.0	112.0	109.0	91.0	15	0.0084714156321594111	0.046470959277204585	DLR00012733-2009-11-10_16-36-58	78387.521131080051	16	107	2197.5	2258.0	97381.957085119648	2223570.2189781019	137	136
102.0	94.0	75.0	116.0	112.0	92.0	16	0.012520645745644413	0.055165088173880446	DLR00012733-2009-11-10_16-36-58	144308.72122704334	16	107	2329.5	2264.0	147279.81979133372	2362290.2189781023	137	136
102.0	94.0	74.0	118.0	114.0	95.0	17	0.029516756353561723	0.06511803724901831	DLR00012733-2009-11-10_16-36-58	179413.07774987497	16	107	2465.5	2264.0	187349.71376844437	2595430.9489051094	137	136
101.0	94.0	74.0	115.0	109.0	91.0	18	0.0093238851297352023	0.046639583855942329	DLR00012733-2009-11-10_16-36-58	147571.36065628889	16	107	2598.5	2261.0	161816.38201049739	2328116.4963503648	137	136
101.0	94.0	74.0	114.0	111.0	95.0	19	0.010442751345303427	0.057149388974278729	DLR00012733-2009-11-10_16-36-58	82912.347501653436	16	107	2734.5	2254.0	104863.88397151502	1795512.700729927	137	136
101.0	94.0	75.0	115.0	112.0	97.0	20	0.061324524481858385	0.062157233787008506	DLR00012733-2009-11-10_16-36-58	160589.4337808612	16	107	2866.5	2259.0	181553.19057921474	1814751.2408759126	137	136
100.0	92.0	74.0	114.0	110.0	94.0	21	0.0661196654057222	0.05043567138274993	DLR00012733-2009-11-10_16-36-58	171707.12587186327	16	107	3018.5	2258.0	201283.68040225719	1953977.5182481753	137	136
98.0	90.0	73.0	111.0	108.0	93.0	22	0.066812296872502536	0.045619997554624925	DLR00012733-2009-11-10_16-36-58	124490.10003127107	16	107	3155.5	2258.0	175006.03842077695	1800069.197080292	137	136
95.0	88.0	72.0	106.0	101.0	86.0	23	0.04267675422238798	0.019063122363142084	DLR00012733-2009-11-10_16-36-58	43921.230553393434	16	107	3280.5	2251.0	125120.76144027781	1543892.8467153285	137	136
95.0	89.0	75.0	104.0	100.0	86.0	24	0.071394320421972399	0.015419981757290369	DLR00012733-2009-11-10_16-36-58	79183.151778836807	16	107	3418.5	2256.0	138915.95247653662	1705395.3284671532	137	136
