101.0	98.0	85.0	110.0	111.0	101.0	1	0.047898129895039693	0.060747441354410472	DLR00012733-2009-11-11_10-20-57	185903.16036430027	1	107	275.5	217.0	137074.64370314873	1437321.4598540147	137	136
104.0	99.0	82.0	112.0	111.0	99.0	2	0.0017049389951515797	0.058878808158944779	DLR00012733-2009-11-11_10-20-57	122413.51853374456	1	107	419.5	214.0	85022.98222964759	1495037.0802919709	137	136
106.0	100.0	81.0	113.0	111.0	96.0	3	0.0046885822366668443	0.057384703436977866	DLR00012733-2009-11-11_10-20-57	130011.83220455034	1	107	552.5	228.0	83761.226833191497	1625656.6423357667	137	136
109.0	103.0	83.0	116.0	114.0	97.0	4	0.0063402418882199368	0.066078802414459487	DLR00012733-2009-11-11_10-20-57	209645.20849787194	1	107	693.5	214.0	154223.42937512722	2433928.4671532842	137	136
110.0	103.0	83.0	116.0	113.0	95.0	5	0.0032500399595076987	0.061878805765409245	DLR00012733-2009-11-11_10-20-57	175380.67224076157	1	107	832.5	225.0	97410.718545736963	1679575.1824817522	137	136
111.0	104.0	83.0	115.0	110.0	91.0	6	0.0047418615802653314	0.05034941434575544	DLR00012733-2009-11-11_10-20-57	172100.92308367044	1	107	957.5	230.0	91459.206205313138	1744378.6861313868	137	136
111.0	104.0	83.0	116.0	112.0	94.0	7	0.0026639671799243434	0.058235665159557526	DLR00012733-2009-11-11_10-20-57	186288.98629648978	1	107	1099.5	218.0	107557.11151538098	1878542.189781022	137	136
111.0	105.0	83.0	116.0	113.0	94.0	8	0.004368906175075923	0.059043513323237061	DLR00012733-2009-11-11_10-20-57	200171.15227691931	1	107	1240.5	214.0	124763.80747908105	2159526.1313868612	137	136
110.0	104.0	83.0	116.0	112.0	94.0	9	0.0057008897650380952	0.058470979622256669	DLR00012733-2009-11-11_10-20-57	196156.76289400703	1	107	1377.5	214.0	127618.22377820358	2201547.1532846713	137	136
109.0	104.0	82.0	113.0	108.0	88.0	10	0.0044221855186744102	0.041141542964781175	DLR00012733-2009-11-11_10-20-57	173929.63615650989	1	107	1503.5	220.0	121639.96369305762	2658209.3430656935	137	136
109.0	104.0	82.0	116.0	114.0	95.0	11	0.0039959507698865146	0.0630082254287824	DLR00012733-2009-11-11_10-20-57	197273.54903394773	1	107	1650.5	214.0	131855.21512877085	2136743.6496350365	137	136
109.0	104.0	82.0	115.0	112.0	93.0	12	0.0053279343598486868	0.058192551600657401	DLR00012733-2009-11-11_10-20-57	205629.30158673201	1	107	1775.5	225.0	144404.67397775411	2373175.1824817518	137	136
110.0	105.0	83.0	118.0	116.0	97.0	13	0.0052746550162501996	0.072133699348819164	DLR00012733-2009-11-11_10-20-57	264876.06664637715	1	107	1926.5	214.0	209862.43756829723	2755161.4598540151	137	136
109.0	104.0	82.0	116.0	114.0	95.0	14	0.0038361127390910544	0.062392548249707649	DLR00012733-2009-11-11_10-20-57	229337.1128526635	1	107	2057.5	218.0	175921.67003662942	2626060.7299270071	137	136
110.0	104.0	82.0	116.0	114.0	96.0	15	0.0021311737439394748	0.065184697213785461	DLR00012733-2009-11-11_10-20-57	230698.30646865346	1	107	2197.5	213.0	173268.51194505798	2538727.8832116788	137	136
110.0	104.0	82.0	115.0	111.0	91.0	16	0.0027705258671213173	0.052906248847134116	DLR00012733-2009-11-11_10-20-57	184889.47180576358	1	107	2321.5	223.0	116555.59135040772	2155982.1897810218	137	136
110.0	104.0	83.0	116.0	113.0	95.0	17	0.0029303638979167775	0.062200377265102871	DLR00012733-2009-11-11_10-20-57	218160.90344237894	1	107	2471.5	214.0	153367.73770813353	2398742.1897810218	137	136
111.0	104.0	83.0	116.0	113.0	94.0	18	0.0048484202674623049	0.061263128586334488	DLR00012733-2009-11-11_10-20-57	220586.62964401415	1	107	2608.5	214.0	158946.92951018491	2541006.1313868617	137	136
110.0	104.0	83.0	116.0	114.0	96.0	19	0.0034631573339016465	0.065506268713479102	DLR00012733-2009-11-11_10-20-57	216156.08634914932	1	107	2744.5	214.0	151260.08066346182	2289892.5547445258	137	136
109.0	103.0	83.0	116.0	112.0	95.0	20	0.0034631573339016465	0.06098470056473522	DLR00012733-2009-11-11_10-20-57	195795.69665482407	1	107	2871.5	216.0	134631.43085303638	2195724.9635036495	137	136
108.0	101.0	82.0	114.0	111.0	96.0	21	0.00079919015397730299	0.057384703436977866	DLR00012733-2009-11-11_10-20-57	155269.82329074445	1	107	3013.5	217.0	102417.24226897312	1837533.7226277376	137	136
104.0	99.0	80.0	109.0	106.0	89.0	22	0.0011721455591667111	0.03545333567502934	DLR00012733-2009-11-11_10-20-57	74605.96826839757	1	107	3144.5	225.0	43419.048592578372	1194308.3211678832	137	136
101.0	97.0	81.0	108.0	105.0	90.0	23	0.0	0.034749396872946009	DLR00012733-2009-11-11_10-20-57	61066.507706464254	1	107	3292.5	214.0	41428.553226363358	1052550.6569343067	137	136
99.0	97.0	84.0	107.0	107.0	96.0	24	0.020192871223826521	0.046051372497180075	DLR00012733-2009-11-11_10-20-57	98389.852763596733	1	107	3428.5	214.0	70875.917289641875	1064195.0364963503	137	136
100.0	94.0	78.0	101.0	97.0	81.0	1	0.00037295540518940808	-0.00054472077411281709	DLR00012733-2009-11-11_10-20-57	0.0	2	107	282.5	350.0	7901.6185737631076	1069764.0875912409	137	136
102.0	95.0	76.0	104.0	100.0	82.0	2	0.096275773882465762	0.010898413608546497	DLR00012733-2009-11-11_10-20-57	164572.07611395456	2	107	411.5	353.0	168900.93610456827	4124135.4744525542	137	136
105.0	98.0	79.0	106.0	100.0	81.0	3	0.0093771644733336885	0.0081925516006574033	DLR00012733-2009-11-11_10-20-57	36173.888389861975	2	107	556.5	350.0	24571.912492486925	1213040.5839416056	137	136
107.0	100.0	80.0	108.0	101.0	82.0	4	0.0067664766370078323	0.015267034836334487	DLR00012733-2009-11-11_10-20-57	69194.198551369016	2	107	693.5	350.0	32516.513083486851	1267465.4014598543	137	136
108.0	101.0	80.0	109.0	103.0	83.0	5	0.015770685705152113	0.021937638868963164	DLR00012733-2009-11-11_10-20-57	103833.54686875897	2	107	821.5	362.0	69183.74283365735	1976506.8613138685	137	136
108.0	102.0	81.0	110.0	104.0	84.0	6	0.0091107677553412536	0.0237925391542726	DLR00012733-2009-11-11_10-20-57	109679.26522938139	2	107	958.5	358.0	61371.482926077406	1669702.7737226277	137	136
108.0	102.0	80.0	110.0	104.0	84.0	7	0.007938622196174543	0.0256905829176764	DLR00012733-2009-11-11_10-20-57	106514.37424752623	2	107	1103.5	350.0	48698.78938520002	1332775.182481752	137	136
108.0	102.0	80.0	114.0	108.0	87.0	8	0.0	0.039435670185982159	DLR00012733-2009-11-11_10-20-57	79304.82482731565	2	107	1240.5	350.0	1856.6257271938537	45311.824817518253	137	136
108.0	102.0	80.0	110.0	105.0	84.0	9	0.0070328733550002664	0.02771410778172358	DLR00012733-2009-11-11_10-20-57	107656.70392869994	2	107	1368.5	351.0	50779.820457162874	1326446.7153284671	137	136
107.0	102.0	79.0	108.0	103.0	82.0	10	0.0054344930470456602	0.019827827048727258	DLR00012733-2009-11-11_10-20-57	96522.572367643399	2	107	1513.5	350.0	60038.032190244048	2048651.3868613138	137	136
107.0	102.0	79.0	109.0	105.0	84.0	11	0.0069795940114017792	0.025859207496414145	DLR00012733-2009-11-11_10-20-57	97314.816667761741	2	107	1644.5	354.0	53180.8332506519	1474279.7080291968	137	136
107.0	103.0	80.0	110.0	106.0	84.0	12	0.0086312536629548717	0.029494494313777809	DLR00012733-2009-11-11_10-20-57	103680.39251664047	2	107	1780.5	353.0	45503.41939024438	1159881.4598540145	137	136
107.0	103.0	80.0	108.0	104.0	82.0	13	0.0074058287601896748	0.019870970526821619	DLR00012733-2009-11-11_10-20-57	123772.36501295163	2	107	1918.5	353.0	99442.297946630701	3259413.7226277376	137	136
107.0	102.0	80.0	110.0	106.0	85.0	14	0.0044221855186744102	0.031592532931080199	DLR00012733-2009-11-11_10-20-57	92474.001564189079	2	107	2054.5	350.0	36893.102189309735	955345.40145985398	137	136
107.0	102.0	79.0	108.0	103.0	82.0	15	0.0084181362885609248	0.019827827048727258	DLR00012733-2009-11-11_10-20-57	111230.20135987723	2	107	2188.5	353.0	83901.78785356757	2663018.9781021895	137	136
108.0	102.0	80.0	111.0	107.0	85.0	16	0.0014385422771591454	0.034663139835951519	DLR00012733-2009-11-11_10-20-57	92782.233845727766	2	107	2334.5	350.0	28528.613283709507	709547.73722627736	137	136
108.0	102.0	80.0	110.0	105.0	85.0	17	0.053119505567691405	0.02771410778172358	DLR00012733-2009-11-11_10-20-57	216201.45148952128	2	107	2593.5	350.0	199031.1001783821	3572040.0	137	136
108.0	102.0	80.0	110.0	105.0	85.0	18	0.053119505567691405	0.02771410778172358	DLR00012733-2009-11-11_10-20-57	216373.04482296747	2	107	2594.5	349.0	199193.08515024526	3577355.9124087594	137	136
108.0	101.0	80.0	111.0	105.0	84.0	19	0.0034098779903031593	0.02771410778172358	DLR00012733-2009-11-11_10-20-57	94445.851218560798	2	107	2727.5	357.0	45172.67190092236	1215571.9708029197	137	136
107.0	101.0	80.0	110.0	104.0	84.0	20	0.047205498428259364	0.0237925391542726	DLR00012733-2009-11-11_10-20-57	174180.39687330319	2	107	2875.5	348.0	155119.06386095437	3060699.8540145983	137	136
106.0	99.0	78.0	107.0	100.0	80.0	21	0.0048484202674623049	0.0081062646444686783	DLR00012733-2009-11-11_10-20-57	36215.272828481109	2	107	3018.5	350.0	15469.653287416844	748531.0948905109	137	136
102.0	95.0	76.0	106.0	100.0	81.0	22	0.01086898609409132	0.010004308407872477	DLR00012733-2009-11-11_10-20-57	0.0	2	107	3155.5	350.0	22600.290260343263	1086724.3795620438	137	136
99.0	93.0	74.0	102.0	96.0	79.0	23	0.013905908679205072	-0.0017603974744804642	DLR00012733-2009-11-11_10-20-57	0.0	2	107	3279.5	350.0	16015.418919652973	1473520.2919708032	137	136
96.0	92.0	77.0	100.0	96.0	80.0	24	0.00074591081037881615	-0.0039525469172653907	DLR00012733-2009-11-11_10-20-57	0.0	2	107	3428.5	350.0	4030.6394467484502	863456.0583941607	137	136
101.0	94.0	76.0	105.0	100.0	83.0	1	0.0030902019287122381	0.014192531853989205	DLR00012733-2009-11-11_10-20-57	0.0	3	107	286.5	500.0	11819.325693582194	596901.02189781016	137	136
103.0	96.0	77.0	106.0	100.0	82.0	2	0.0062869625446214505	0.011378811150864206	DLR00012733-2009-11-11_10-20-57	743.05465764682788	3	107	419.5	487.0	13566.987603299329	613608.17518248176	137	136
105.0	98.0	79.0	107.0	101.0	82.0	3	0.010389472001704939	0.014819982235997477	DLR00012733-2009-11-11_10-20-57	41674.691301996303	3	107	556.5	487.0	27526.537660841677	1027236.7883211679	137	136
107.0	100.0	80.0	109.0	103.0	83.0	4	0.006659917949810858	0.022663119490899438	DLR00012733-2009-11-11_10-20-57	72096.668036463976	3	107	691.5	491.0	33780.221093996959	1014326.7153284672	137	136
108.0	101.0	80.0	111.0	106.0	86.0	5	0.0060205658266290155	0.031635676409174564	DLR00012733-2009-11-11_10-20-57	80994.757047551859	3	107	827.5	485.0	25856.700309757212	650313.28467153281	137	136
108.0	102.0	80.0	109.0	104.0	83.0	6	0.0060738451702275027	0.021937638868963164	DLR00012733-2009-11-11_10-20-57	97140.2359770576	3	107	953.5	492.0	50684.848719728798	1640844.9635036497	137	136
108.0	102.0	80.0	109.0	104.0	83.0	7	0.0076189461345836217	0.022663119490899438	DLR00012733-2009-11-11_10-20-57	95963.364594170271	3	107	1103.5	487.0	45323.710774672298	1421880.0	137	136
108.0	102.0	80.0	112.0	107.0	85.0	8	0.00015983803079546059	0.034663139835951519	DLR00012733-2009-11-11_10-20-57	81562.202270949463	3	107	1240.5	487.0	3070.7398679666958	82776.350364963495	137	136
107.0	103.0	81.0	111.0	107.0	87.0	9	0.0040492301134850018	0.036839581701760347	DLR00012733-2009-11-11_10-20-57	105319.98245261147	3	107	1377.5	486.0	39242.072691479952	908008.46715328458	137	136
107.0	102.0	80.0	109.0	105.0	84.0	10	0.070861526985987536	0.026584688118350418	DLR00012733-2009-11-11_10-20-57	193318.25265524819	3	107	1504.5	488.0	172994.35932391052	3335861.6058394159	137	136
107.0	102.0	80.0	108.0	103.0	82.0	11	0.0061804038574244761	0.019827827048727258	DLR00012733-2009-11-11_10-20-57	95080.013736470384	3	107	1650.5	487.0	54816.619888407571	1821332.8467153285	137	136
107.0	102.0	79.0	109.0	106.0	86.0	12	0.076189461345836221	0.030741571208500542	DLR00012733-2009-11-11_10-20-57	264035.8130435209	3	107	1778.5	488.0	248727.93856340359	3680889.635036496	137	136
107.0	102.0	79.0	109.0	105.0	84.0	13	0.0096968405349246098	0.02771410778172358	DLR00012733-2009-11-11_10-20-57	105670.04004574131	3	107	1920.5	492.0	52628.229617359939	1318852.5547445256	137	136
107.0	102.0	79.0	107.0	103.0	80.0	14	0.0	0.015906258421276277	DLR00012733-2009-11-11_10-20-57	69158.631847071432	3	107	2053.5	493.0	4044.207366680122	187828.90510948905	137	136
107.0	102.0	80.0	112.0	108.0	87.0	15	0.00026639671799243435	0.038670965500396989	DLR00012733-2009-11-11_10-20-57	67293.117245412708	3	107	2201.5	491.0	3976.5717365591527	93914.452554744523	137	136
107.0	102.0	80.0	109.0	105.0	84.0	16	0.0042623474878789496	0.026584688118350418	DLR00012733-2009-11-11_10-20-57	94496.048314891203	3	107	2321.5	485.0	42085.991175138035	1175576.0583941606	137	136
107.0	102.0	80.0	110.0	105.0	84.0	17	0.0027172465235228301	0.026820002581049562	DLR00012733-2009-11-11_10-20-57	102078.3874654244	3	107	2467.5	489.0	54717.491843499767	1474026.5693430656	137	136
108.0	101.0	80.0	109.0	104.0	83.0	18	0.0036229953646971071	0.0237925391542726	DLR00012733-2009-11-11_10-20-57	89759.831386144622	3	107	2602.5	489.0	41589.86529817681	1217850.2189781023	137	136
108.0	101.0	79.0	109.0	102.0	81.0	19	0.0050615376418562527	0.016074883000014022	DLR00012733-2009-11-11_10-20-57	96640.974559919297	3	107	2740.5	486.0	71176.581627248772	2640236.4963503648	137	136
107.0	100.0	79.0	110.0	104.0	83.0	20	0.0085246949757578992	0.0237925391542726	DLR00012733-2009-11-11_10-20-57	77153.751687150419	3	107	2881.5	487.0	44623.362970379218	1301132.8467153287	137	136
106.0	98.0	78.0	107.0	100.0	80.0	21	0.00010655868719697373	0.0098533211941393278	DLR00012733-2009-11-11_10-20-57	21218.588124069473	3	107	3018.5	487.0	5446.0209090873923	437423.64963503642	137	136
103.0	95.0	76.0	105.0	99.0	80.0	22	0.073951728914699769	0.0069768449810955159	DLR00012733-2009-11-11_10-20-57	121277.35284156134	3	107	3142.5	486.0	127490.5885495425	3854289.635036496	137	136
99.0	92.0	73.0	100.0	93.0	74.0	23	0.0058074484522350686	-0.016105514183273356	DLR00012733-2009-11-11_10-20-57	0.0	3	107	3291.5	487.0	0.0	2324066.2773722624	137	136
96.0	91.0	73.0	97.0	92.0	74.0	24	0.0051680963290532261	-0.020195707389462081	DLR00012733-2009-11-11_10-20-57	0.0	3	107	3428.5	487.0	0.0	873834.74452554737	137	136
102.0	95.0	76.0	104.0	98.0	80.0	1	0.00015983803079546059	0.0033337043752438007	DLR00012733-2009-11-11_10-20-57	0.0	4	107	273.5	633.0	4941.7527553290029	420463.35766423354	137	136
104.0	97.0	77.0	106.0	100.0	81.0	2	0.009004209068144281	0.010898413608546497	DLR00012733-2009-11-11_10-20-57	10289.838832433694	4	107	419.5	623.0	19150.139104312428	907755.32846715336	137	136
106.0	98.0	79.0	108.0	101.0	82.0	3	0.0045820235494698708	0.015267034836334487	DLR00012733-2009-11-11_10-20-57	37649.458523711633	4	107	556.5	623.0	19728.541095897388	781185.98540145997	137	136
107.0	100.0	80.0	109.0	103.0	83.0	4	0.012840321807235334	0.021937638868963164	DLR00012733-2009-11-11_10-20-57	83255.878287429849	4	107	693.5	623.0	48846.32005355478	1404160.2919708029	137	136
108.0	101.0	80.0	109.0	103.0	82.0	5	0.0037828333954925677	0.019870970526821619	DLR00012733-2009-11-11_10-20-57	81318.646806476376	4	107	822.5	623.0	34934.709447206726	1145452.5547445256	137	136
108.0	102.0	80.0	111.0	105.0	84.0	6	0.006659917949810858	0.02973763264577076	DLR00012733-2009-11-11_10-20-57	93545.531117679042	4	107	966.5	623.0	36391.777391506133	947751.24087591236	137	136
108.0	102.0	80.0	110.0	104.0	83.0	7	0.0060205658266290155	0.0237925391542726	DLR00012733-2009-11-11_10-20-57	97686.167332554876	4	107	1085.5	625.0	43715.897037433475	1266452.8467153287	137	136
108.0	102.0	80.0	108.0	102.0	81.0	8	0.0064468005754169111	0.015906258421276277	DLR00012733-2009-11-11_10-20-57	81688.30412704192	4	107	1240.5	623.0	25684.795680483083	1136339.5620437956	137	136
107.0	102.0	81.0	109.0	105.0	84.0	9	0.0042090681442804624	0.027670964303629218	DLR00012733-2009-11-11_10-20-57	106589.90048106009	4	107	1377.5	623.0	48777.014739721235	1281641.1678832115	137	136
107.0	102.0	81.0	109.0	105.0	84.0	10	0.0060205658266290155	0.026820002581049562	DLR00012733-2009-11-11_10-20-57	99420.297872943207	4	107	1499.5	634.0	43567.09377665355	1140896.0583941606	137	136
107.0	102.0	80.0	109.0	105.0	84.0	11	0.055410517342426344	0.026584688118350418	DLR00012733-2009-11-11_10-20-57	199259.97182313853	4	107	1640.5	618.0	177686.75307147097	3225493.1386861312	137	136
107.0	102.0	80.0	110.0	106.0	85.0	12	0.0058607277958335549	0.030741571208500542	DLR00012733-2009-11-11_10-20-57	105315.38046464743	4	107	1774.5	630.0	48104.502627805203	1183170.2189781021	137	136
107.0	102.0	79.0	109.0	104.0	83.0	13	0.0178485801054931	0.022898433953598581	DLR00012733-2009-11-11_10-20-57	140583.03097110559	4	107	1913.5	624.0	112910.9506339931	2799460.7299270071	137	136
107.0	102.0	80.0	110.0	105.0	85.0	14	0.0075123874473866483	0.02771410778172358	DLR00012733-2009-11-11_10-20-57	102138.55955605225	4	107	2061.5	623.0	50485.333407100858	1283160.0	137	136
107.0	102.0	80.0	108.0	103.0	81.0	15	0.0	0.018741550863448458	DLR00012733-2009-11-11_10-20-57	67623.244677908704	4	107	2194.5	634.0	4736.6134755073745	199220.14598540147	137	136
107.0	102.0	80.0	110.0	106.0	85.0	16	0.0070328733550002664	0.030506256745801399	DLR00012733-2009-11-11_10-20-57	95860.319127433977	4	107	2324.5	622.0	45626.007879379664	1178360.5839416056	137	136
107.0	101.0	80.0	114.0	110.0	89.0	17	0.0	0.04642784571830446	DLR00012733-2009-11-11_10-20-57	63855.516781545521	4	107	2473.5	625.0	347.10260166737481	7341.0218978102184	137	136
108.0	101.0	80.0	111.0	106.0	85.0	18	0.0081517395705684899	0.031635676409174564	DLR00012733-2009-11-11_10-20-57	102908.69141560189	4	107	2600.5	629.0	57548.534263844129	1385174.8905109488	137	136
108.0	101.0	79.0	111.0	105.0	84.0	19	0.0036229953646971071	0.027670964303629218	DLR00012733-2009-11-11_10-20-57	85503.31784034954	4	107	2737.5	619.0	43312.72291563161	1217850.2189781023	137	136
107.0	100.0	78.0	109.0	103.0	82.0	20	0.0090574884117427673	0.021894495390868799	DLR00012733-2009-11-11_10-20-57	78994.03261059006	4	107	2876.5	623.0	48958.346637509312	1486936.6423357667	137	136
106.0	99.0	78.0	111.0	105.0	85.0	21	0.0035164366775001332	0.029780776123865125	DLR00012733-2009-11-11_10-20-57	45749.615798389445	4	107	3008.5	619.0	28076.310090458159	813081.45985401457	137	136
104.0	96.0	75.0	106.0	100.0	80.0	22	0.0082582982577654642	0.010004308407872477	DLR00012733-2009-11-11_10-20-57	3568.8268780077988	4	107	3155.5	623.0	26715.499505353011	1326446.7153284671	137	136
100.0	92.0	73.0	101.0	94.0	75.0	23	0.014651819489583889	-0.012462373577421641	DLR00012733-2009-11-11_10-20-57	0.0	4	107	3282.5	626.0	0.0	2563788.6131386864	137	136
97.0	90.0	72.0	100.0	94.0	77.0	24	0.0025574084927273695	-0.0098388491920815679	DLR00012733-2009-11-11_10-20-57	0.0	4	107	3415.5	627.0	0.0	741696.35036496341	137	136
102.0	95.0	76.0	104.0	98.0	80.0	1	0.0046885822366668443	0.0033337043752438007	DLR00012733-2009-11-11_10-20-57	867.89399217650896	5	107	282.5	759.0	19815.186299714493	1358089.0510948906	137	136
104.0	96.0	77.0	105.0	99.0	80.0	2	0.075869785284245303	0.0074238975814325259	DLR00012733-2009-11-11_10-20-57	109203.46484953781	5	107	410.5	765.0	112943.84265036289	3581659.2700729929	137	136
106.0	99.0	79.0	110.0	104.0	85.0	3	0.0060205658266290155	0.026584688118350418	DLR00012733-2009-11-11_10-20-57	46125.753810015522	5	107	556.5	759.0	20865.842302784873	600444.96350364969	137	136
108.0	100.0	79.0	109.0	101.0	81.0	4	0.0099099579093185567	0.014094501614061202	DLR00012733-2009-11-11_10-20-57	72411.795692161541	5	107	692.5	766.0	44680.679787644149	2025362.6277372262	137	136
108.0	101.0	80.0	112.0	106.0	85.0	5	0.0044221855186744102	0.031635676409174564	DLR00012733-2009-11-11_10-20-57	77492.239483237747	5	107	830.5	759.0	19422.221675197172	478178.97810218984	137	136
108.0	102.0	80.0	110.0	105.0	84.0	6	0.0046885822366668443	0.025859207496414145	DLR00012733-2009-11-11_10-20-57	87573.687626967076	5	107	966.5	759.0	31394.156940646888	889276.20437956206	137	136
108.0	102.0	80.0	109.0	104.0	83.0	7	0.0050082582982577655	0.022663119490899438	DLR00012733-2009-11-11_10-20-57	102341.24538939152	5	107	1103.5	759.0	60051.476751831702	1836521.1678832117	137	136
107.0	102.0	80.0	109.0	104.0	83.0	8	0.0085779743193563854	0.0237925391542726	DLR00012733-2009-11-11_10-20-57	105754.662602553	5	107	1240.5	759.0	59281.389423632347	1721089.9270072991	137	136
107.0	102.0	81.0	109.0	104.0	84.0	9	0.0048484202674623049	0.0237925391542726	DLR00012733-2009-11-11_10-20-57	106876.97434384591	5	107	1371.5	762.0	59301.424109290572	1693750.9489051094	137	136
107.0	102.0	81.0	108.0	104.0	83.0	10	0.0027705258671213173	0.022898433953598581	DLR00012733-2009-11-11_10-20-57	89869.820206464239	5	107	1513.5	759.0	34772.019539331886	1077105.1094890512	137	136
107.0	102.0	80.0	109.0	105.0	84.0	11	0.011561617560871649	0.026820002581049562	DLR00012733-2009-11-11_10-20-57	96169.920023002385	5	107	1650.5	759.0	45862.610778680879	1202661.8978102189	137	136
107.0	101.0	80.0	107.0	101.0	80.0	12	0.0027705258671213173	0.012027833271919659	DLR00012733-2009-11-11_10-20-57	66093.872636554501	5	107	1787.5	759.0	11422.373983169431	625252.55474452558	137	136
107.0	101.0	80.0	110.0	106.0	85.0	13	0.010655868719697374	0.030506256745801399	DLR00012733-2009-11-11_10-20-57	93880.668329165419	5	107	1923.5	770.0	47509.340999929547	1172791.5328467153	137	136
107.0	101.0	80.0	109.0	104.0	83.0	14	0.0058607277958335549	0.022898433953598581	DLR00012733-2009-11-11_10-20-57	80766.424731174135	5	107	2061.5	759.0	30563.138511848814	901173.72262773721	137	136
107.0	101.0	80.0	108.0	103.0	82.0	15	0.0092706057861367142	0.019827827048727258	DLR00012733-2009-11-11_10-20-57	83735.357867383223	5	107	2192.5	766.0	41177.92421044231	1367455.182481752	137	136
107.0	101.0	80.0	109.0	105.0	85.0	16	0.01124194149928073	0.026820002581049562	DLR00012733-2009-11-11_10-20-57	90523.295044832485	5	107	2321.5	764.0	45307.349863959142	1187726.7153284671	137	136
107.0	101.0	79.0	109.0	104.0	84.0	17	0.006659917949810858	0.0237925391542726	DLR00012733-2009-11-11_10-20-57	89848.691537226696	5	107	2458.5	758.0	49340.253609625775	1402388.3211678832	137	136
107.0	101.0	79.0	110.0	105.0	83.0	18	0.0034631573339016465	0.025816064018319779	DLR00012733-2009-11-11_10-20-57	78785.415922063621	5	107	2594.5	763.0	36616.417851965474	1082421.0218978103	137	136
108.0	101.0	78.0	110.0	103.0	81.0	19	0.00074591081037881615	0.01910234642679098	DLR00012733-2009-11-11_10-20-57	57085.195634155862	5	107	2741.5	760.0	9586.7719128577792	340724.6715328467	137	136
108.0	100.0	78.0	113.0	107.0	86.0	20	0.00085246949757578983	0.037623913378767082	DLR00012733-2009-11-11_10-20-57	54807.899322283141	5	107	2881.5	759.0	16095.476386471568	412869.19708029192	137	136
106.0	98.0	77.0	108.0	101.0	80.0	21	0.0076189461345836217	0.011067038187284241	DLR00012733-2009-11-11_10-20-57	52602.982217826597	5	107	3012.5	759.0	45725.310162666188	2060042.6277372262	137	136
104.0	96.0	75.0	107.0	100.0	81.0	22	0.0063402418882199368	0.011067038187284241	DLR00012733-2009-11-11_10-20-57	3462.1749490295542	5	107	3145.5	760.0	23825.422240203003	1091280.8759124088	137	136
100.0	93.0	73.0	106.0	100.0	82.0	23	0.0071394320421972399	0.013690562572624316	DLR00012733-2009-11-11_10-20-57	0.0	5	107	3288.5	763.0	17930.644728484891	965217.81021897821	137	136
97.0	91.0	72.0	101.0	96.0	78.0	24	0.0023975704619319089	-0.0044662894015637979	DLR00012733-2009-11-11_10-20-57	0.0	5	107	3411.5	762.0	2534.1186184817539	836117.08029197087	137	136
103.0	96.0	76.0	106.0	100.0	82.0	1	0.0034098779903031593	0.011025869376009731	DLR00012733-2009-11-11_10-20-57	210.01996695696107	6	107	278.5	898.0	16381.658903340951	871809.63503649633	137	136
105.0	96.0	76.0	105.0	98.0	78.0	2	0.0049549789546592784	-0.0004192396734694347	DLR00012733-2009-11-11_10-20-57	15030.217807738067	6	107	411.5	899.0	21061.761522594868	2948053.1386861312	137	136
106.0	99.0	78.0	108.0	102.0	82.0	3	0.010229633970909478	0.015949401899370639	DLR00012733-2009-11-11_10-20-57	50951.164117739638	6	107	557.5	903.0	30482.292722437491	1034324.6715328466	137	136
108.0	100.0	79.0	110.0	105.0	84.0	4	0.0	0.026584688118350418	DLR00012733-2009-11-11_10-20-57	48559.079157247645	6	107	693.5	895.0	605.21772185635041	20504.233576642335	137	136
108.0	101.0	79.0	110.0	103.0	81.0	5	0.00015983803079546059	0.018016070241512184	DLR00012733-2009-11-11_10-20-57	62035.430250177902	6	107	830.5	895.0	4309.4534923759884	160489.92700729927	137	136
108.0	101.0	80.0	110.0	104.0	83.0	6	0.010496030688901913	0.0237925391542726	DLR00012733-2009-11-11_10-20-57	93418.072182310367	6	107	956.5	895.0	45041.875292917066	1222659.8540145985	137	136
108.0	101.0	79.0	109.0	103.0	82.0	7	0.0084181362885609248	0.019870970526821619	DLR00012733-2009-11-11_10-20-57	88538.887982218439	6	107	1103.5	895.0	44880.919439661746	1400616.3503649635	137	136
107.0	102.0	80.0	109.0	105.0	84.0	8	0.0055943310778411208	0.026584688118350418	DLR00012733-2009-11-11_10-20-57	90220.812425150099	6	107	1237.5	897.0	40735.566687059734	1113303.9416058394	137	136
107.0	102.0	80.0	110.0	105.0	85.0	9	0.0028770845543182907	0.030506256745801399	DLR00012733-2009-11-11_10-20-57	83788.187879126926	6	107	1374.5	897.0	24274.198259109715	649300.72992700723	137	136
107.0	101.0	80.0	108.0	104.0	84.0	10	0.0058074484522350686	0.023176861975197846	DLR00012733-2009-11-11_10-20-57	95680.736193576478	6	107	1505.5	902.0	51435.31283354036	1528957.6642335765	137	136
106.0	101.0	80.0	108.0	104.0	84.0	11	0.0063402418882199368	0.023749395676178238	DLR00012733-2009-11-11_10-20-57	84383.11561840256	6	107	1641.5	899.0	38948.170462239686	1117354.1605839415	137	136
106.0	101.0	80.0	108.0	104.0	84.0	12	0.0026106878363258566	0.0256905829176764	DLR00012733-2009-11-11_10-20-57	82502.869546037153	6	107	1785.5	898.0	39563.208656209456	1162919.1240875912	137	136
106.0	101.0	80.0	108.0	103.0	83.0	13	0.0054344930470456602	0.02176901429022542	DLR00012733-2009-11-11_10-20-57	78682.217496770623	6	107	1924.5	895.0	36793.976889107202	1125454.5985401459	137	136
106.0	101.0	80.0	107.0	102.0	81.0	14	0.00058607277958335553	0.014819982235997477	DLR00012733-2009-11-11_10-20-57	56829.93362181339	6	107	2051.5	899.0	8111.0080005680411	395149.48905109492	137	136
106.0	101.0	79.0	108.0	103.0	82.0	15	0.0086845330065533598	0.018976865326147601	DLR00012733-2009-11-11_10-20-57	82357.428899385253	6	107	2189.5	899.0	50287.682261006812	1659324.0875912409	137	136
106.0	100.0	79.0	107.0	102.0	82.0	16	0.0070328733550002664	0.017847445662774439	DLR00012733-2009-11-11_10-20-57	82787.861503207387	6	107	2326.5	896.0	55139.516486958797	1909425.1094890512	137	136
107.0	100.0	79.0	109.0	104.0	83.0	17	0.0059140071394320421	0.023749395676178238	DLR00012733-2009-11-11_10-20-57	71776.381399777281	6	107	2471.5	895.0	33313.546363577982	997113.28467153292	137	136
107.0	100.0	78.0	109.0	104.0	83.0	18	0.011668176248068624	0.0237925391542726	DLR00012733-2009-11-11_10-20-57	89372.759382480741	6	107	2597.5	895.0	58587.979660403245	1593001.7518248179	137	136
107.0	100.0	77.0	109.0	103.0	83.0	19	0.065107357877350946	0.022004298833730319	DLR00012733-2009-11-11_10-20-57	233422.12599437908	6	107	2868.5	893.0	227043.30771634125	3740124.0875912406	137	136
107.0	99.0	77.0	109.0	103.0	83.0	20	0.065107357877350946	0.022663119490899438	DLR00012733-2009-11-11_10-20-57	232889.07566398734	6	107	2872.5	893.0	226902.56850320302	3734808.1751824818	137	136
106.0	98.0	76.0	110.0	103.0	83.0	21	0.0051680963290532261	0.021937638868963164	DLR00012733-2009-11-11_10-20-57	43324.785248021617	6	107	3018.5	895.0	37275.273565933814	1224684.9635036495	137	136
105.0	96.0	75.0	108.0	102.0	81.0	22	0.002823805210719804	0.015267034836334487	DLR00012733-2009-11-11_10-20-57	0.0	6	107	3142.5	893.0	17349.917052866313	803715.32846715336	137	136
100.0	92.0	72.0	101.0	93.0	73.0	23	0.00031967606159092119	-0.016427055763772742	DLR00012733-2009-11-11_10-20-57	0.0	6	107	3291.5	903.0	0.0	257948.3211678832	137	136
97.0	90.0	71.0	102.0	97.0	79.0	24	0.0017049389951515797	-0.00058786425220717984	DLR00012733-2009-11-11_10-20-57	0.0	6	107	3414.5	899.0	2525.5557027631662	607532.8467153284	137	136
103.0	96.0	76.0	106.0	100.0	82.0	1	0.0029303638979167775	0.012027833271919659	DLR00012733-2009-11-11_10-20-57	542.26921092294538	7	107	282.5	1032.0	17108.59544654069	832826.27737226279	137	136
105.0	97.0	77.0	107.0	101.0	81.0	2	0.0052746550162501996	0.011345466208883506	DLR00012733-2009-11-11_10-20-57	13406.160428454024	7	107	419.5	1032.0	18931.713211512677	840926.71532846708	137	136
106.0	99.0	78.0	108.0	101.0	80.0	3	0.010016516596515531	0.011984689793825295	DLR00012733-2009-11-11_10-20-57	51000.736974113664	7	107	554.5	1037.0	37358.84552824383	1561359.4160583944	137	136
108.0	100.0	79.0	111.0	104.0	84.0	4	0.01630347914113698	0.025859207496414145	DLR00012733-2009-11-11_10-20-57	84731.779134704731	7	107	693.5	1032.0	48800.364551094732	1247214.3065693432	137	136
108.0	101.0	79.0	109.0	102.0	80.0	5	0.010016516596515531	0.0149454932558351	DLR00012733-2009-11-11_10-20-57	87789.608427391926	7	107	830.5	1032.0	66046.011230191987	2855404.3795620441	137	136
108.0	101.0	79.0	111.0	106.0	84.0	6	0.007192711385795727	0.030419999708806912	DLR00012733-2009-11-11_10-20-57	77850.972013817707	7	107	966.5	1032.0	27810.284063138733	718407.59124087601	137	136
107.0	101.0	79.0	113.0	108.0	88.0	7	0.004102509457083489	0.041545482006218062	DLR00012733-2009-11-11_10-20-57	71361.945272400044	7	107	1102.5	1036.0	13572.691857602686	299463.0656934306	137	136
107.0	101.0	80.0	108.0	103.0	82.0	8	0.009004209068144281	0.019870970526821619	DLR00012733-2009-11-11_10-20-57	89337.521914735829	7	107	1233.5	1036.0	53286.768837676835	1723115.0364963503	137	136
107.0	101.0	80.0	108.0	103.0	82.0	9	0.0041557888006819753	0.018976865326147601	DLR00012733-2009-11-11_10-20-57	79753.668018643468	7	107	1378.5	1041.0	39655.954946703328	1333534.5985401457	137	136
106.0	101.0	80.0	109.0	105.0	85.0	10	0.0039959507698865146	0.026820002581049562	DLR00012733-2009-11-11_10-20-57	75740.694986826798	7	107	1513.5	1032.0	25016.250679829358	687524.67153284664	137	136
106.0	101.0	80.0	108.0	104.0	83.0	11	0.0	0.0237925391542726	DLR00012733-2009-11-11_10-20-57	59338.719538552534	7	107	1644.5	1046.0	1370.1260797050491	47843.211678832115	137	136
106.0	100.0	80.0	107.0	103.0	82.0	12	0.0037828333954925677	0.018741550863448458	DLR00012733-2009-11-11_10-20-57	72620.195272845565	7	107	1777.5	1029.0	36021.663712854694	1225697.518248175	137	136
106.0	100.0	80.0	108.0	104.0	84.0	13	0.0013852629335606586	0.023176861975197846	DLR00012733-2009-11-11_10-20-57	67368.248381450714	7	107	1925.5	1028.0	24797.626127828073	772579.27007299277	137	136
105.0	100.0	79.0	107.0	103.0	83.0	14	0.0046885822366668443	0.019188603463785467	DLR00012733-2009-11-11_10-20-57	63618.039980696551	7	107	2064.5	1041.0	31606.422312622024	1080649.0510948903	137	136
105.0	100.0	79.0	108.0	104.0	84.0	15	0.0067664766370078323	0.022941547512498703	DLR00012733-2009-11-11_10-20-57	74039.703831132792	7	107	2197.5	1032.0	46487.816539837615	1370492.8467153285	137	136
105.0	100.0	79.0	107.0	102.0	81.0	16	0.020778944003409877	0.014094501614061202	DLR00012733-2009-11-11_10-20-57	87630.344033787347	7	107	2323.5	1034.0	69232.448477383616	2306852.8467153283	137	136
106.0	100.0	78.0	108.0	103.0	83.0	17	0.068996749960040488	0.02176901429022542	DLR00012733-2009-11-11_10-20-57	237101.42821285111	7	107	2469.5	1032.0	229163.43667622822	3652791.2408759128	137	136
106.0	100.0	77.0	108.0	102.0	81.0	18	0.032393840907880014	0.015949401899370639	DLR00012733-2009-11-11_10-20-57	138800.1341891285	7	107	2602.5	1036.0	130042.53351611218	3293334.306569343	137	136
107.0	100.0	77.0	110.0	104.0	83.0	19	0.007938622196174543	0.0237925391542726	DLR00012733-2009-11-11_10-20-57	69998.544739211182	7	107	2744.5	1032.0	47010.875537115346	1317333.7226277376	137	136
107.0	99.0	76.0	108.0	101.0	80.0	20	0.0069795940114017792	0.012027833271919659	DLR00012733-2009-11-11_10-20-57	50141.760247219703	7	107	2870.5	1036.0	37949.14052857065	1590723.5036496352	137	136
106.0	98.0	76.0	108.0	101.0	80.0	21	0.005114816985454739	0.01405135813596684	DLR00012733-2009-11-11_10-20-57	33370.765116221322	7	107	3018.5	1033.0	34642.186910439188	1415298.3941605841	137	136
104.0	95.0	74.0	105.0	97.0	76.0	22	0.0025574084927273695	-0.0046192363225196799	DLR00012733-2009-11-11_10-20-57	0.0	7	107	3145.5	1031.0	8633.2636432421041	2733138.3941605841	137	136
100.0	92.0	72.0	105.0	99.0	80.0	23	0.00015983803079546059	0.0069768449810955159	DLR00012733-2009-11-11_10-20-57	0.0	7	107	3295.5	1036.0	2648.6935601057917	289843.795620438	137	136
96.0	90.0	71.0	99.0	94.0	75.0	24	0.0035164366775001332	-0.013525103356833405	DLR00012733-2009-11-11_10-20-57	0.0	7	107	3410.5	1031.0	0.0	1031287.00729927	137	136
103.0	96.0	76.0	105.0	99.0	80.0	1	0.0035164366775001332	0.006251364359159242	DLR00012733-2009-11-11_10-20-57	3576.4629605665359	8	107	274.5	1178.0	16156.976665621807	1066220.1459854015	137	136
104.0	97.0	76.0	107.0	101.0	81.0	2	0.010762427406894348	0.014094501614061202	DLR00012733-2009-11-11_10-20-57	14003.189340852092	8	107	410.5	1171.0	23740.829659986619	950282.6277372262	137	136
106.0	98.0	78.0	109.0	103.0	83.0	3	0.0063402418882199368	0.021980782347057526	DLR00012733-2009-11-11_10-20-57	35914.641396623068	8	107	549.5	1167.0	20445.352754722855	698915.912408759	137	136
108.0	100.0	78.0	108.0	101.0	80.0	4	0.012946880494432308	0.011067038187284241	DLR00012733-2009-11-11_10-20-57	63808.23185829835	8	107	693.5	1168.0	43101.021591738732	2116745.693430657	137	136
108.0	100.0	78.0	110.0	104.0	83.0	5	0.005114816985454739	0.025572925686326829	DLR00012733-2009-11-11_10-20-57	61148.948180257459	8	107	830.5	1168.0	18034.349162297724	520453.13868613139	137	136
107.0	101.0	79.0	111.0	106.0	85.0	6	0.0060738451702275027	0.030506256745801399	DLR00012733-2009-11-11_10-20-57	72819.329409407495	8	107	966.5	1168.0	29963.373680418823	769794.74452554737	137	136
107.0	101.0	79.0	110.0	104.0	84.0	7	0.0064468005754169111	0.0256905829176764	DLR00012733-2009-11-11_10-20-57	73555.200839519122	8	107	1093.5	1173.0	32916.129037396262	933322.33576642338	137	136
106.0	100.0	79.0	108.0	103.0	82.0	8	0.060152378922691672	0.019827827048727258	DLR00012733-2009-11-11_10-20-57	177056.11725744154	8	107	1232.5	1172.0	166259.18450929606	3598872.700729927	137	136
106.0	101.0	79.0	110.0	105.0	85.0	9	0.00090574884117427677	0.030506256745801399	DLR00012733-2009-11-11_10-20-57	66398.357978761254	8	107	1377.5	1168.0	23220.907626368131	657654.30656934297	137	136
106.0	100.0	80.0	110.5	106.0	85.5	10	0.0	0.031614104670127381	DLR00012733-2009-11-11_10-20-57	49966.929480333012	8	107	1514.5	1163.0	763.35406213242254	23288.759124087592	137	136
106.0	100.0	80.0	109.0	105.0	85.0	11	0.0	0.027098430602648826	DLR00012733-2009-11-11_10-20-57	53363.977333232055	8	107	1636.5	1166.0	6746.8626760463567	206561.16788321166	137	136
105.0	100.0	80.0	109.0	105.0	86.0	12	0.0013319835899621717	0.030506256745801399	DLR00012733-2009-11-11_10-20-57	67468.042933550678	8	107	1775.5	1167.0	27066.561215188631	794602.33576642338	137	136
105.0	100.0	79.0	105.0	100.0	79.0	13	0.0	0.0081062646444686783	DLR00012733-2009-11-11_10-20-57	37236.302950890007	8	107	1921.5	1162.0	1454.3612263330906	151376.93430656931	137	136
105.0	100.0	79.0	107.0	103.0	83.0	14	0.0014918216207576323	0.02176901429022542	DLR00012733-2009-11-11_10-20-57	58476.079743541559	8	107	2061.5	1168.0	31962.367952059452	1097356.2043795621	137	136
105.0	99.0	79.0	107.0	103.0	83.0	15	0.0027172465235228301	0.019870970526821619	DLR00012733-2009-11-11_10-20-57	49900.760332758022	8	107	2190.5	1175.0	24007.408538918931	800930.80291970796	137	136
105.0	99.0	78.0	107.0	102.0	82.0	16	0.004102509457083489	0.015949401899370639	DLR00012733-2009-11-11_10-20-57	55436.858606042275	8	107	2321.5	1170.0	35217.768023312994	1275312.7007299268	137	136
105.0	99.0	78.0	107.0	102.0	82.0	17	0.0060205658266290155	0.017847445662774439	DLR00012733-2009-11-11_10-20-57	55036.990410348408	8	107	2464.5	1176.0	38092.836724312481	1330243.7956204379	137	136
106.0	99.0	77.0	108.0	103.0	82.0	18	0.0021311737439394748	0.018741550863448458	DLR00012733-2009-11-11_10-20-57	42921.228551707616	8	107	2608.5	1168.0	24139.81009745449	909527.29927007284	137	136
106.0	99.0	77.0	107.0	100.0	78.0	19	0.0022377324311364482	0.006251364359159242	DLR00012733-2009-11-11_10-20-57	29773.840646113415	8	107	2738.5	1165.0	19556.974891472084	1505922.0437956203	137	136
106.0	99.0	76.0	112.0	107.0	86.0	20	0.0018647770259470403	0.034427825373252376	DLR00012733-2009-11-11_10-20-57	23466.076989385823	8	107	2879.5	1165.0	10326.220272777491	282502.77372262772	137	136
105.0	97.0	75.0	109.0	103.0	82.0	21	0.0041557888006819753	0.018976865326147601	DLR00012733-2009-11-11_10-20-57	18320.779353451177	8	107	3018.5	1168.0	24093.340036535657	904464.52554744517	137	136
103.0	95.0	74.0	107.0	100.0	80.0	22	0.0029303638979167775	0.010172932986610221	DLR00012733-2009-11-11_10-20-57	0.0	8	107	3145.5	1171.0	17776.004377585956	967749.19708029192	137	136
99.0	92.0	71.0	101.0	94.0	73.0	23	0.0014385422771591454	-0.016105514183273356	DLR00012733-2009-11-11_10-20-57	0.0	8	107	3281.5	1169.0	0.0	2782753.5766423354	137	136
96.0	90.0	71.0	99.0	94.0	76.0	24	0.0059140071394320421	-0.012630998156159385	DLR00012733-2009-11-11_10-20-57	0.0	8	107	3421.5	1160.0	0.0	935347.44525547454	137	136
103.0	96.0	76.0	105.0	99.0	80.0	1	0.0088976503809473067	0.0062945078372536045	DLR00012733-2009-11-11_10-20-57	10223.043362133314	9	107	286.5	1315.0	28360.066760155984	1584901.313868613	137	136
104.0	97.0	76.0	110.0	104.0	84.5	2	0.0027705258671213173	0.02670234534969999	DLR00012733-2009-11-11_10-20-57	0.0	9	107	419.5	1304.0	6712.2265964256439	230862.48175182482	137	136
106.0	98.0	77.0	107.0	98.0	77.0	3	0.00069263146678032932	0.0023297957317082612	DLR00012733-2009-11-11_10-20-57	6381.8124264866447	9	107	560.5	1300.0	263.94878445814152	68853.722627737225	137	136
107.0	99.0	78.0	110.0	104.0	84.0	4	0.013746070648409612	0.0256905829176764	DLR00012733-2009-11-11_10-20-57	60398.906483444473	9	107	693.5	1304.0	36498.683007584135	977115.32846715325	137	136
108.0	100.0	78.0	109.0	103.0	82.0	5	0.005114816985454739	0.01910234642679098	DLR00012733-2009-11-11_10-20-57	70779.510027136726	9	107	830.5	1304.0	37216.54181034545	1214053.1386861312	137	136
107.0	100.0	78.0	108.0	102.0	81.0	6	0.045394000745910809	0.014988606814735222	DLR00012733-2009-11-11_10-20-57	151932.36620870608	9	107	961.5	1312.0	143827.63192100558	3817078.2481751824	137	136
106.0	100.0	79.0	109.0	104.0	83.0	7	0.0087910916937503324	0.0237925391542726	DLR00012733-2009-11-11_10-20-57	65390.575017103794	9	107	1102.5	1307.0	32619.117418574915	930284.67153284664	137	136
106.0	100.0	79.0	109.0	104.0	84.0	8	0.016676434546326391	0.0237925391542726	DLR00012733-2009-11-11_10-20-57	78760.958404759906	9	107	1229.5	1312.0	46735.828516519126	1232025.9854014597	137	136
106.0	100.0	79.0	108.0	103.0	83.0	9	0.0038361127390910544	0.019827827048727258	DLR00012733-2009-11-11_10-20-57	69466.80484921702	9	107	1377.5	1304.0	40011.796856355439	1377580.7299270076	137	136
105.0	100.0	79.0	108.0	104.0	84.0	10	0.0097501198785230961	0.022898433953598581	DLR00012733-2009-11-11_10-20-57	67495.500001778186	9	107	1510.5	1312.0	35090.699749579238	1017870.6569343065	137	136
105.0	100.0	79.0	106.0	101.0	81.0	11	0.069582822739623851	0.012027833271919659	DLR00012733-2009-11-11_10-20-57	168810.31874652114	9	107	1650.5	1304.0	162421.13075821026	3908208.1751824818	137	136
105.0	100.0	79.0	105.0	101.0	80.0	12	0.0047418615802653314	0.01012978950851586	DLR00012733-2009-11-11_10-20-57	60254.5696513562	9	107	1787.5	1304.0	44724.389621774826	2400514.1605839417	137	136
104.0	99.0	79.0	106.0	101.0	81.0	13	0.014651819489583889	0.013310169937054462	DLR00012733-2009-11-11_10-20-57	65870.215667052471	9	107	1918.5	1312.0	47663.796049240751	1750454.01459854	137	136
104.0	99.0	78.0	107.0	102.0	82.0	14	0.0	0.016898423781072539	DLR00012733-2009-11-11_10-20-57	26315.139406966086	9	107	2061.5	1304.0	588.52458299793625	28351.53284671533	137	136
104.0	99.0	78.0	106.0	102.0	82.0	15	0.00031967606159092119	0.015267034836334487	DLR00012733-2009-11-11_10-20-57	26513.503805114899	9	107	2192.5	1308.0	10790.190765625934	459193.5766423358	137	136
104.0	99.0	78.0	107.0	102.0	82.0	16	0.0053812137034471739	0.016780766549722968	DLR00012733-2009-11-11_10-20-57	35531.726986178131	9	107	2318.5	1317.0	23404.497807596228	859658.97810218984	137	136
104.0	98.0	77.0	106.0	101.0	81.0	17	0.0048484202674623049	0.014094501614061202	DLR00012733-2009-11-11_10-20-57	39647.804021901073	9	107	2464.5	1307.0	32284.504115412878	1316068.0291970803	137	136
104.0	98.0	76.0	107.0	102.0	81.0	18	0.052639991475305022	0.015906258421276277	DLR00012733-2009-11-11_10-20-57	114262.90384690394	9	107	2597.5	1306.0	113114.84919328053	2730100.7299270071	137	136
105.0	98.0	76.0	108.0	102.0	82.0	19	0.0091107677553412536	0.018016070241512184	DLR00012733-2009-11-11_10-20-57	33775.080167669068	9	107	2743.5	1312.0	30420.000311286105	1078877.0802919709	137	136
105.0	98.0	75.0	113.0	107.0	86.0	20	0.0	0.037580769900672724	DLR00012733-2009-11-11_10-20-57	12.502036431898556	9	107	2881.5	1304.0	640.78733890106196	18225.985401459857	137	136
105.0	97.0	75.0	106.0	99.0	78.0	21	0.010229633970909478	0.0031807873734821584	DLR00012733-2009-11-11_10-20-57	35058.637992910713	9	107	3009.5	1308.0	42866.799694688416	2550119.1240875917	137	136
102.0	94.0	73.0	105.0	99.0	79.0	22	0.0042090681442804624	0.0041846960170176979	DLR00012733-2009-11-11_10-20-57	0.0	9	107	3155.5	1304.0	16971.485572404741	1129504.817518248	137	136
99.0	92.0	71.0	105.0	99.0	80.0	23	0.00095902818477276361	0.0072121594437946582	DLR00012733-2009-11-11_10-20-57	0.0	9	107	3292.5	1304.0	1677.7947068218232	161249.34306569342	137	136
95.0	89.0	70.0	99.0	95.0	78.0	24	0.0046885822366668443	-0.0083878580290147782	DLR00012733-2009-11-11_10-20-57	0.0	9	107	3416.5	1310.0	62.381474903173881	1059638.5401459853	137	136
102.0	95.0	76.0	107.0	102.0	83.0	1	0.0027172465235228301	0.018037641980559363	DLR00012733-2009-11-11_10-20-57	0.0	10	107	281.5	1450.0	12077.179641961102	537666.56934306561	137	136
103.0	96.0	76.0	105.0	100.0	80.0	2	0.012573925089242901	0.0080631211663743148	DLR00012733-2009-11-11_10-20-57	7523.0851288916947	10	107	414.5	1447.0	25846.844034355072	1192030.0729927006	137	136
105.0	98.0	77.0	107.0	101.0	80.0	3	0.072619745324737597	0.011984689793825295	DLR00012733-2009-11-11_10-20-57	120823.30361381201	10	107	556.5	1441.0	120691.92039738945	3017413.1386861312	137	136
107.0	99.0	78.0	109.0	103.0	82.0	4	0.01070914806329586	0.02176901429022542	DLR00012733-2009-11-11_10-20-57	52055.305047469912	10	107	693.5	1441.0	31455.016554892889	942182.18978102191	137	136
107.0	100.0	78.0	108.0	102.0	80.0	5	0.01188129362246257	0.014094501614061202	DLR00012733-2009-11-11_10-20-57	78076.373048653186	10	107	830.5	1441.0	58172.002619869505	2274957.3722627736	137	136
107.0	100.0	78.0	108.0	102.0	81.0	6	0.0073525494165911877	0.015906258421276277	DLR00012733-2009-11-11_10-20-57	57394.11091245836	10	107	966.5	1441.0	24394.414489427527	873581.60583941615	137	136
106.0	100.0	78.0	108.0	102.0	81.0	7	0.0054877723906441474	0.015949401899370639	DLR00012733-2009-11-11_10-20-57	52988.091791079474	10	107	1103.5	1441.0	24675.056219975224	891048.17518248165	137	136
106.0	99.0	78.0	108.0	103.0	83.0	8	0.0060738451702275027	0.021937638868963164	DLR00012733-2009-11-11_10-20-57	58581.373093649905	10	107	1229.5	1447.0	33854.373951863003	1064954.4525547447	137	136
105.0	99.0	78.0	107.0	101.0	81.0	9	0.024082263306516062	0.013925877035323457	DLR00012733-2009-11-11_10-20-57	73508.768132338184	10	107	1362.5	1445.0	56915.244815697108	2081053.1386861312	137	136
105.0	99.0	79.0	107.0	102.0	83.0	10	0.0087910916937503324	0.018741550863448458	DLR00012733-2009-11-11_10-20-57	58362.002409771027	10	107	1513.5	1441.0	37153.293327144464	1240632.7007299268	137	136
105.0	99.0	78.0	107.0	102.0	82.0	11	0.0062869625446214505	0.017847445662774439	DLR00012733-2009-11-11_10-20-57	53564.08711453907	10	107	1650.5	1441.0	32107.56850454372	1163425.4014598543	137	136
104.0	99.0	78.0	106.0	102.0	82.0	12	0.0059140071394320421	0.015098410257596742	DLR00012733-2009-11-11_10-20-57	52787.728805649502	10	107	1787.5	1441.0	33101.694816358606	1231519.7080291968	137	136
104.0	99.0	78.0	108.0	104.0	84.0	13	0.0020246150567425009	0.022898433953598581	DLR00012733-2009-11-11_10-20-57	38983.170820469029	10	107	1918.5	1448.0	20516.091772361644	679677.3722627738	137	136
104.0	99.0	78.0	105.0	101.0	80.0	14	0.004102509457083489	0.011984689793825295	DLR00012733-2009-11-11_10-20-57	38471.44270535939	10	107	2043.5	1440.0	28520.100129152052	1283666.2773722624	137	136
104.0	98.0	77.0	106.0	101.0	81.0	15	0.0055410517342426345	0.01209057382224135	DLR00012733-2009-11-11_10-20-57	36837.148334582838	10	107	2193.5	1449.0	29272.084215813364	1202408.7591240874	137	136
104.0	98.0	77.0	108.0	103.0	84.0	16	0.0044221855186744102	0.022663119490899438	DLR00012733-2009-11-11_10-20-57	28460.646630944615	10	107	2318.5	1442.0	23951.959775535888	822447.59124087601	137	136
104.0	97.0	77.0	105.0	99.0	78.0	17	0.0093238851297352023	0.0041846960170176979	DLR00012733-2009-11-11_10-20-57	42255.786221020026	10	107	2460.5	1447.0	44812.900364401336	2812370.8029197082	137	136
104.0	98.0	76.0	109.0	105.0	84.0	18	0.0052213756726517133	0.027065085660668127	DLR00012733-2009-11-11_10-20-57	27947.81320167768	10	107	2600.5	1443.0	27623.786855284183	847002.04379562044	137	136
105.0	98.0	76.0	109.0	104.0	83.0	19	0.0070861526985987536	0.023110172091236447	DLR00012733-2009-11-11_10-20-57	31634.226145051311	10	107	2733.5	1442.0	34870.492412452077	1129757.9562043797	137	136
105.0	97.0	75.0	108.0	102.0	81.0	20	0.0074058287601896748	0.015949401899370639	DLR00012733-2009-11-11_10-20-57	22529.818141070213	10	107	2866.5	1443.0	28511.36917098151	1087230.6569343067	137	136
104.0	96.0	75.0	109.0	103.0	83.0	21	0.0044221855186744102	0.021980782347057526	DLR00012733-2009-11-11_10-20-57	0.0	10	107	3006.5	1445.0	19877.057475654361	741949.48905109486	137	136
102.0	94.0	73.0	105.0	99.0	79.0	22	0.053812137034471734	0.0062082208810648794	DLR00012733-2009-11-11_10-20-57	89247.270943519456	10	107	3146.5	1441.0	110275.46214350963	3245491.0948905107	137	136
98.0	91.0	71.0	103.0	97.0	78.0	23	0.0057008897650380952	-0.00058786425220717984	DLR00012733-2009-11-11_10-20-57	0.0	10	107	3283.5	1445.0	9114.4792025354436	1173550.9489051094	137	136
95.0	89.0	70.0	98.0	93.0	76.0	24	0.0025041291491288828	-0.01324667533523414	DLR00012733-2009-11-11_10-20-57	0.0	10	107	3413.5	1443.0	0.0	1102165.8394160585	137	136
102.0	95.0	76.0	105.0	99.0	80.0	1	0.0035164366775001332	0.0069768449810955159	DLR00012733-2009-11-11_10-20-57	0.0	11	107	282.5	1577.0	13733.066082521425	890541.89781021897	137	136
103.0	95.0	75.0	104.0	97.0	77.0	2	0.012946880494432308	-0.0036584412378842632	DLR00012733-2009-11-11_10-20-57	223.8087688323883	11	107	412.5	1582.0	19012.315971640292	2543790.6569343065	137	136
105.0	97.0	76.0	106.0	99.0	79.0	3	0.026959347860834353	0.006251364359159242	DLR00012733-2009-11-11_10-20-57	46663.923117083847	11	107	558.5	1582.0	51397.753430333643	2508098.1021897811	137	136
106.0	99.0	77.0	108.0	102.0	81.0	4	0.017102669295114285	0.015055296698696619	DLR00012733-2009-11-11_10-20-57	50401.617052505979	11	107	693.5	1577.0	39085.459055406318	1321637.0802919711	137	136
107.0	99.0	78.0	109.0	103.0	82.0	5	0.074804198412275563	0.019827827048727258	DLR00012733-2009-11-11_10-20-57	147177.0502047535	11	107	829.5	1587.0	135489.74155862443	2776678.2481751824	137	136
107.0	100.0	78.0	113.0	107.0	87.0	6	0.0048484202674623049	0.038349394000703356	DLR00012733-2009-11-11_10-20-57	48863.732400932066	11	107	966.5	1577.0	13452.200187005879	322245.54744525545	137	136
106.0	99.0	78.0	108.0	103.0	83.0	7	0.070754968298790563	0.02176901429022542	DLR00012733-2009-11-11_10-20-57	149257.48992206715	11	107	1101.5	1584.0	139061.77097346092	2766299.5620437954	137	136
105.0	99.0	78.0	108.0	102.0	82.0	8	0.012200969684053492	0.018016070241512184	DLR00012733-2009-11-11_10-20-57	51995.40533758737	11	107	1240.5	1577.0	38409.522850448375	1267465.4014598543	137	136
104.0	98.0	78.0	105.0	99.0	78.0	9	0.0016516596515530929	0.0062082208810648794	DLR00012733-2009-11-11_10-20-57	32457.115611719877	11	107	1381.5	1583.0	27670.071279068376	2449369.9270072989	137	136
104.0	98.0	78.0	107.0	103.0	82.0	10	0.0035164366775001332	0.019104291174416595	DLR00012733-2009-11-11_10-20-57	30353.310975008259	11	107	1513.5	1577.0	20562.258979537062	732077.08029197087	137	136
104.0	98.0	77.0	107.0	102.0	82.0	11	0.004368906175075923	0.015949401899370639	DLR00012733-2009-11-11_10-20-57	30434.590823872735	11	107	1654.5	1587.0	23433.656733063028	863456.0583941607	137	136
104.0	98.0	77.0	109.0	104.0	83.0	12	0.0	0.0237925391542726	DLR00012733-2009-11-11_10-20-57	6060.3657783413992	11	107	1781.5	1581.0	450.75361541794143	18225.985401459857	137	136
103.0	98.0	77.0	106.0	102.0	82.0	13	0.0099099579093185567	0.015949401899370639	DLR00012733-2009-11-11_10-20-57	39614.424974869253	11	107	1918.5	1589.0	38523.37099685405	1348722.9197080291	137	136
103.0	98.0	77.0	105.0	101.0	80.0	14	0.0077255048217805961	0.010898413608546497	DLR00012733-2009-11-11_10-20-57	23239.447310172349	11	107	2054.5	1584.0	26865.492761259331	1196080.2919708029	137	136
103.0	97.0	76.0	105.0	100.0	79.0	15	0.0041557888006819753	0.0072121594437946582	DLR00012733-2009-11-11_10-20-57	18028.229474363154	11	107	2197.5	1577.0	23568.346300632504	1286450.802919708	137	136
103.0	97.0	76.0	106.0	101.0	81.0	16	0.0050082582982577655	0.011176841630145762	DLR00012733-2009-11-11_10-20-57	3671.2678342905897	11	107	2334.5	1577.0	15744.799733525399	717141.89781021897	137	136
103.0	97.0	76.0	106.0	101.0	81.0	17	0.0050615376418562527	0.012027833271919659	DLR00012733-2009-11-11_10-20-57	3712.2254188666038	11	107	2470.5	1578.0	18789.899220379786	881428.9051094891	137	136
103.0	96.0	76.0	107.0	102.0	82.0	18	0.0052213756726517133	0.015949401899370639	DLR00012733-2009-11-11_10-20-57	5754.2438492562305	11	107	2593.5	1589.0	23348.769685419007	923956.20437956206	137	136
104.0	97.0	75.0	108.0	102.0	82.0	19	0.0023975704619319089	0.018016070241512184	DLR00012733-2009-11-11_10-20-57	0.0	11	107	2744.5	1577.0	14504.765215671287	609051.67883211677	137	136
104.0	96.0	75.0	107.0	103.0	83.0	20	0.056103148809206672	0.018976865326147601	DLR00012733-2009-11-11_10-20-57	134596.0048289017	11	107	2870.5	1581.0	143847.57492426474	2969316.7883211682	137	136
103.0	95.0	74.0	105.0	99.0	78.0	21	0.031115136661516329	0.0035023289539815455	DLR00012733-2009-11-11_10-20-57	33929.821695811173	11	107	3011.5	1584.0	54349.199174631147	2548853.4306569342	137	136
101.0	93.0	73.0	105.0	99.0	79.0	22	0.004368906175075923	0.0035023289539815455	DLR00012733-2009-11-11_10-20-57	0.0	11	107	3147.5	1581.0	11994.369872124069	902439.41605839413	137	136
97.0	90.0	70.0	101.0	94.0	76.0	23	0.0011188662155682241	-0.011415291536597498	DLR00012733-2009-11-11_10-20-57	0.0	11	107	3283.5	1586.0	0.0	762200.58394160587	137	136
94.0	88.0	69.0	96.0	91.0	74.0	24	0.0065533592626138846	-0.023179997418950441	DLR00012733-2009-11-11_10-20-57	0.0	11	107	3411.5	1583.0	0.0	1233291.6788321168	137	136
101.0	94.0	75.0	104.0	99.0	81.0	1	0.0040492301134850018	0.0069768449810955159	DLR00012733-2009-11-11_10-20-57	0.0	12	107	282.5	1713.0	13720.213941491718	878644.37956204382	137	136
102.0	94.0	74.0	104.0	99.0	80.0	2	0.091160956897011022	0.006404311280115124	DLR00012733-2009-11-11_10-20-57	109256.68599772936	12	107	412.5	1723.0	125921.63647053482	3312825.9854014595	137	136
104.0	96.0	76.0	106.0	100.0	80.0	3	0.012360807714848952	0.010172932986610221	DLR00012733-2009-11-11_10-20-57	2838.6672260774844	12	107	556.5	1713.0	22097.073369705264	1023186.5693430656	137	136
106.0	98.0	77.0	109.0	103.0	83.0	4	0.012787042463636848	0.019870970526821619	DLR00012733-2009-11-11_10-20-57	26680.957888856909	12	107	693.5	1713.0	24273.171807264123	760681.7518248175	137	136
106.0	99.0	78.0	110.0	105.0	85.0	5	0.015557568330758165	0.027031740718687428	DLR00012733-2009-11-11_10-20-57	46682.062103935888	12	107	824.5	1720.0	28716.355505721363	752834.45255474444	137	136
106.0	99.0	77.0	110.0	105.0	84.0	6	0.013053439181629283	0.02771410778172358	DLR00012733-2009-11-11_10-20-57	53406.985377398341	12	107	966.5	1713.0	33519.664000120327	886744.81751824822	137	136
105.0	99.0	77.0	107.0	102.0	81.0	7	0.072140231232351221	0.014094501614061202	DLR00012733-2009-11-11_10-20-57	117664.17248044707	12	107	1101.5	1721.0	111349.2258099437	2729847.5912408764	137	136
104.0	98.0	77.0	108.0	103.0	83.0	8	0.0064468005754169111	0.019870970526821619	DLR00012733-2009-11-11_10-20-57	30287.925690807187	12	107	1240.5	1713.0	23041.4463878678	785236.20437956206	137	136
104.0	98.0	77.0	109.0	105.0	85.0	9	0.0031434812723107252	0.026906259618044045	DLR00012733-2009-11-11_10-20-57	20391.760163908944	12	107	1372.5	1722.0	18971.865601787165	591585.10948905104	137	136
103.0	98.0	77.0	106.0	101.0	81.0	10	0.0069795940114017792	0.013925877035323457	DLR00012733-2009-11-11_10-20-57	24061.900894940823	12	107	1513.5	1713.0	25926.736459325966	1058372.8467153285	137	136
103.0	97.0	77.0	106.0	101.0	82.0	11	0.0058074484522350686	0.014819982235997477	DLR00012733-2009-11-11_10-20-57	16927.791662504693	12	107	1637.5	1719.0	22475.974925072442	956104.81751824822	137	136
103.0	97.0	76.0	105.0	100.0	80.0	12	0.0048484202674623049	0.0081062646444686783	DLR00012733-2009-11-11_10-20-57	6129.5542139167865	12	107	1779.5	1722.0	17807.813574195137	933069.19708029204	137	136
103.0	97.0	76.0	105.0	101.0	81.0	13	0.0034098779903031593	0.011345466208883506	DLR00012733-2009-11-11_10-20-57	9305.7343112879098	12	107	1924.5	1713.0	21149.325631353768	957370.51094890514	137	136
102.0	96.0	76.0	106.0	101.0	82.0	14	0.0033033193031061859	0.014819982235997477	DLR00012733-2009-11-11_10-20-57	0.0	12	107	2061.5	1713.0	18598.666994514158	816119.12408759107	137	136
102.0	96.0	75.0	104.0	99.0	79.0	15	0.0096968405349246098	0.0041846960170176979	DLR00012733-2009-11-11_10-20-57	1984.7930712139178	12	107	2185.5	1718.0	23120.785590118652	1309739.5620437958	137	136
102.0	96.0	75.0	104.0	100.0	81.0	16	0.046992381053865419	0.010004308407872477	DLR00012733-2009-11-11_10-20-57	87571.764011796855	12	107	2326.5	1716.0	100975.84922934922	2798701.3138686134	137	136
102.0	96.0	75.0	107.0	102.0	82.0	17	0.010229633970909478	0.015949401899370639	DLR00012733-2009-11-11_10-20-57	1728.4769353897559	12	107	2461.5	1716.0	27626.526098654955	1035590.3649635038	137	136
103.0	96.0	75.0	105.0	100.0	79.0	18	0.005647610421439608	0.0069768449810955159	DLR00012733-2009-11-11_10-20-57	0.0	12	107	2600.5	1714.0	16210.503206339579	917121.45985401457	137	136
103.0	96.0	74.0	104.0	97.0	76.0	19	0.010389472001704939	-0.0016349163738370817	DLR00012733-2009-11-11_10-20-57	5619.9911106934178	12	107	2736.5	1719.0	25422.155931376146	2462026.8613138688	137	136
103.0	95.0	74.0	106.0	100.0	80.0	20	0.0038893920826895412	0.010172932986610221	DLR00012733-2009-11-11_10-20-57	0.0	12	107	2873.5	1725.0	18204.668014212089	944207.29927007295	137	136
102.0	94.0	73.0	102.0	94.0	73.0	21	0.0	-0.016383942204872621	DLR00012733-2009-11-11_10-20-57	0.0	12	107	3018.5	1713.0	0.0	129353.86861313868	137	136
100.0	92.0	72.0	103.0	96.0	77.0	22	0.001545100964356119	-0.0046192363225196799	DLR00012733-2009-11-11_10-20-57	0.0	12	107	3140.5	1714.0	3383.1010322958314	806752.99270072998	137	136
96.0	88.0	69.0	100.0	95.0	77.0	23	0.0046353028930683571	-0.0094349101506446802	DLR00012733-2009-11-11_10-20-57	0.0	12	107	3285.5	1717.0	0.0	1106975.4744525547	137	136
93.0	87.0	69.0	96.0	91.0	75.0	24	0.0039426714262880283	-0.020474135411061346	DLR00012733-2009-11-11_10-20-57	0.0	12	107	3408.5	1715.0	0.0	1282147.4452554744	137	136
100.0	93.0	74.0	104.0	98.0	81.0	1	0.0031434812723107252	0.0063160646167036653	DLR00012733-2009-11-11_10-20-57	0.0	13	107	295.5	1858.0	11057.764405416043	863709.19708029192	137	136
100.0	93.0	73.0	104.0	99.0	81.0	2	0.008950929724545793	0.0069768449810955159	DLR00012733-2009-11-11_10-20-57	0.0	13	107	420.5	1864.0	13649.29284347167	807765.54744525545	137	136
103.0	95.0	74.0	105.0	99.0	80.0	3	0.098513506313602214	0.0072552730026947806	DLR00012733-2009-11-11_10-20-57	129585.05205808379	13	107	554.5	1860.0	142514.13471988391	3542929.051094891	137	136
104.0	97.0	76.0	107.0	102.0	83.0	4	0.083968245511215303	0.017847445662774439	DLR00012733-2009-11-11_10-20-57	129613.93378576185	13	107	689.5	1862.0	137230.86007790593	2765793.2846715329	137	136
105.0	98.0	77.0	109.0	103.0	83.0	5	0.0093771644733336885	0.022663119490899438	DLR00012733-2009-11-11_10-20-57	33664.945523223352	13	107	837.5	1861.0	31314.759685727571	980912.40875912399	137	136
105.0	98.0	77.0	107.0	101.0	81.0	6	0.0076722254781821089	0.012027833271919659	DLR00012733-2009-11-11_10-20-57	31659.410510873757	13	107	966.5	1849.0	26840.749461435604	1107481.7518248176	137	136
105.0	98.0	76.0	108.0	103.0	83.0	7	0.015237892269167243	0.019870970526821619	DLR00012733-2009-11-11_10-20-57	32461.515540794353	13	107	1108.5	1862.0	32686.909848324834	1017111.2408759125	137	136
104.0	97.0	76.0	107.0	102.0	81.0	8	0.0091107677553412536	0.015257236300220823	DLR00012733-2009-11-11_10-20-57	13493.030171856881	13	107	1240.5	1849.0	21756.501912364067	883960.29197080282	137	136
103.0	96.0	76.0	106.0	101.0	81.0	9	0.0097501198785230961	0.012027833271919659	DLR00012733-2009-11-11_10-20-57	5999.6591810201735	13	107	1378.5	1857.0	24326.684393405551	973318.2481751825	137	136
102.0	96.0	76.0	103.0	96.0	76.0	10	0.00042623474878789491	-0.005513341523193699	DLR00012733-2009-11-11_10-20-57	0.0	13	107	1518.5	1848.0	0.0	26073.284671532845	137	136
102.0	96.0	76.0	104.0	99.0	79.0	11	0.011668176248068624	0.0033337043752438007	DLR00012733-2009-11-11_10-20-57	0.0	13	107	1650.5	1849.0	21699.103979613803	1273287.5912408759	137	136
102.0	96.0	76.0	106.0	102.0	83.0	12	0.01172145559166711	0.017847445662774439	DLR00012733-2009-11-11_10-20-57	0.0	13	107	1787.5	1849.0	18155.388778454315	672083.21167883207	137	136
101.0	95.0	75.0	103.0	98.0	78.0	13	0.032873355000266398	0.00026312738956671725	DLR00012733-2009-11-11_10-20-57	28200.337645143973	13	107	1921.5	1861.0	50030.202456687803	2408108.321167883	137	136
101.0	95.0	75.0	102.0	97.0	77.0	14	0.047951409238638179	-0.0017603974744804642	DLR00012733-2009-11-11_10-20-57	67386.567243808866	13	107	2055.5	1859.0	81497.462917078461	3320167.00729927	137	136
101.0	95.0	74.0	104.0	100.0	80.0	15	0.012041131653258031	0.0081062646444686783	DLR00012733-2009-11-11_10-20-57	0.0	13	107	2195.5	1860.0	23022.982296210037	1119632.4087591241	137	136
101.0	95.0	74.0	104.0	99.0	79.0	16	0.0005327934359848687	0.0069768449810955159	DLR00012733-2009-11-11_10-20-57	0.0	13	107	2327.5	1862.0	6875.0454225477833	509568.17518248176	137	136
101.0	94.0	74.0	102.0	96.0	76.0	17	0.0054344930470456602	-0.0075800098653352431	DLR00012733-2009-11-11_10-20-57	0.0	13	107	2468.5	1858.0	8737.1796586506061	2553663.0656934306	137	136
101.0	94.0	74.0	106.0	100.0	80.0	18	0.0035164366775001332	0.010172932986610221	DLR00012733-2009-11-11_10-20-57	0.0	13	107	2598.5	1857.0	11753.494738569434	685499.56204379559	137	136
102.0	94.0	73.0	104.0	98.0	77.0	19	0.052107198039320159	0.00026312738956671725	DLR00012733-2009-11-11_10-20-57	73240.509088442763	13	107	2744.5	1855.0	93428.063095909034	3184231.5328467158	137	136
102.0	94.0	73.0	107.0	101.0	81.0	20	0.0063935212318184239	0.014533715385507281	DLR00012733-2009-11-11_10-20-57	0.0	13	107	2881.5	1849.0	21021.033646226999	963952.11678832106	137	136
101.0	93.0	72.0	105.0	99.0	80.0	21	0.0065000799190153974	0.0069768449810955159	DLR00012733-2009-11-11_10-20-57	0.0	13	107	3006.5	1859.0	19569.729459653448	1154565.5474452553	137	136
98.0	90.0	71.0	103.0	97.0	78.0	22	0.0013319835899621717	-0.00086629227380644448	DLR00012733-2009-11-11_10-20-57	0.0	13	107	3141.5	1857.0	3206.9826623986523	660438.83211678825	137	136
94.0	86.0	67.0	96.0	89.0	71.0	23	0.011774734935265598	-0.031109421630041125	DLR00012733-2009-11-11_10-20-57	0.0	13	107	3291.5	1855.0	0.0	2443547.7372262776	137	136
92.0	87.0	70.0	96.0	92.0	76.0	24	0.0066066386062123717	-0.020085903946600561	DLR00012733-2009-11-11_10-20-57	0.0	13	107	3428.5	1849.0	0.0	1212787.4452554747	137	136
99.0	93.0	75.0	101.0	96.0	79.0	1	0.0042090681442804624	-0.0044662894015637979	DLR00012733-2009-11-11_10-20-57	0.0	14	107	282.5	1986.0	5675.3910133030249	974077.66423357662	137	136
99.0	91.0	72.0	102.0	96.0	78.0	2	0.0096435611913261235	-0.0046604051337941895	DLR00012733-2009-11-11_10-20-57	0.0	14	107	424.5	1996.0	5906.3320741391144	830801.16788321175	137	136
102.0	94.0	74.0	105.0	99.0	81.0	3	0.098513506313602214	0.007298416480789144	DLR00012733-2009-11-11_10-20-57	128379.39813276585	14	107	553.5	1864.0	142503.12892032159	3515083.7956204377	137	136
103.0	95.0	75.0	104.0	98.0	78.0	4	0.040811977196440939	0.00026312738956671725	DLR00012733-2009-11-11_10-20-57	20070.371022909716	14	107	688.5	1998.0	40715.645137907908	2255971.9708029199	137	136
104.0	96.0	76.0	106.0	100.0	80.0	5	0.011455058873674677	0.0081062646444686783	DLR00012733-2009-11-11_10-20-57	2218.027468489523	14	107	830.5	1986.0	19258.147384120879	911046.13138686144	137	136
104.0	96.0	75.0	106.0	101.0	82.0	6	0.10378816132985241	0.014819982235997477	DLR00012733-2009-11-11_10-20-57	120099.31210883652	14	107	965.5	1995.0	130714.59817881492	2857176.350364964	137	136
103.0	96.0	75.0	106.0	100.0	80.0	7	0.0084714156321594111	0.010898413608546497	DLR00012733-2009-11-11_10-20-57	0.0	14	107	1103.5	1986.0	13882.853033521051	617658.39416058385	137	136
102.0	95.0	74.0	105.0	101.0	82.0	8	0.11146038680803452	0.011412156092844903	DLR00012733-2009-11-11_10-20-57	131543.25170630743	14	107	1235.5	1995.0	148237.26902428037	3093607.8832116788	137	136
101.0	94.0	74.0	103.0	97.0	77.0	9	0.072886142042730029	-0.0036584412378842632	DLR00012733-2009-11-11_10-20-57	55479.015698951145	14	107	1372.5	1998.0	76252.808524126434	3114618.3941605841	137	136
101.0	95.0	74.0	107.0	103.0	83.0	10	0.0058607277958335549	0.02176901429022542	DLR00012733-2009-11-11_10-20-57	0.0	14	107	1513.5	1986.0	10973.948777017766	416919.41605839418	137	136
100.0	94.0	73.0	101.0	95.0	75.0	11	0.0088976503809473067	-0.0094349101506446802	DLR00012733-2009-11-11_10-20-57	0.0	14	107	1640.5	1996.0	0.0	2335710.6569343065	137	136
100.0	94.0	73.0	101.0	95.0	75.0	12	0.010496030688901913	-0.0094349101506446802	DLR00012733-2009-11-11_10-20-57	0.0	14	107	1780.5	1992.0	0.0	2066371.0948905109	137	136
100.0	94.0	73.0	100.0	94.0	74.0	13	0.0	-0.013591763321600562	DLR00012733-2009-11-11_10-20-57	0.0	14	107	1924.5	1986.0	0.0	62018.978102189787	137	136
99.0	93.0	73.0	103.0	98.0	78.0	14	0.0091640470989397416	0.0022454834423393886	DLR00012733-2009-11-11_10-20-57	0.0	14	107	2051.5	1997.0	13042.263599715032	1015086.1313868614	137	136
99.0	93.0	73.0	104.0	99.0	80.0	15	0.0058607277958335549	0.0072552730026947806	DLR00012733-2009-11-11_10-20-57	0.0	14	107	2197.5	1986.0	14745.426749343831	959901.89781021897	137	136
99.0	93.0	72.0	103.0	99.0	79.0	16	0.0070328733550002664	0.0041846960170176979	DLR00012733-2009-11-11_10-20-57	0.0	14	107	2326.5	1994.0	12849.240654045414	939650.80291970796	137	136
99.0	93.0	72.0	102.0	96.0	76.0	17	0.0092706057861367142	-0.005513341523193699	DLR00012733-2009-11-11_10-20-57	0.0	14	107	2462.5	1994.0	9088.9559847782712	1350494.8905109488	137	136
100.0	93.0	72.0	104.0	99.0	80.0	18	0.012573925089242901	0.006251364359159242	DLR00012733-2009-11-11_10-20-57	0.0	14	107	2607.5	1991.0	21870.947572864079	1349988.6131386862	137	136
100.0	93.0	72.0	104.0	98.0	78.0	19	0.013799349992008098	0.003055276353644536	DLR00012733-2009-11-11_10-20-57	0.0	14	107	2738.5	1984.0	18248.70463473448	1093559.1240875912	137	136
100.0	92.0	72.0	106.0	100.0	81.0	20	0.0053279343598486868	0.010898413608546497	DLR00012733-2009-11-11_10-20-57	0.0	14	107	2865.5	1993.0	9060.1652336089865	548804.67153284664	137	136
99.0	90.0	71.0	100.0	92.0	72.0	21	0.0068197559806063186	-0.023309427853233526	DLR00012733-2009-11-11_10-20-57	0.0	14	107	3018.5	1986.0	0.0	606014.01459854003	137	136
96.0	89.0	69.0	100.0	94.0	75.0	22	0.0017049389951515797	-0.012630998156159385	DLR00012733-2009-11-11_10-20-57	0.0	14	107	3142.5	1992.0	0.0	900667.44525547442	137	136
92.0	85.0	66.0	94.0	87.0	69.0	23	0.0070861526985987536	-0.038866271928754359	DLR00012733-2009-11-11_10-20-57	0.0	14	107	3281.5	1987.0	0.0	2317484.671532847	137	136
91.0	85.0	67.0	94.0	90.0	74.0	24	0.0076189461345836217	-0.027717273144670415	DLR00012733-2009-11-11_10-20-57	0.0	14	107	3408.5	1994.0	0.0	1057866.5693430658	137	136
99.0	92.0	74.0	101.0	95.0	79.0	1	0.004368906175075923	-0.0055957090649369594	DLR00012733-2009-11-11_10-20-57	0.0	15	107	306.5	2118.0	3077.1801357636532	1028755.6204379563	137	136
99.0	91.0	73.0	103.0	97.0	79.0	2	0.0093771644733336885	-0.00086629227380644448	DLR00012733-2009-11-11_10-20-57	0.0	15	107	421.5	2130.0	8240.2718403887029	867759.41605839424	137	136
102.0	93.0	73.0	102.0	93.0	74.0	3	0.0039959507698865146	-0.016383942204872621	DLR00012733-2009-11-11_10-20-57	0.0	15	107	556.5	2122.0	0.0	1001669.7810218978	137	136
104.0	95.0	75.0	106.0	99.0	80.0	4	0.011295220842879216	0.0074238975814325259	DLR00012733-2009-11-11_10-20-57	450.97196258381484	15	107	692.5	2129.0	27272.887216431023	1269490.5109489053	137	136
104.0	95.0	75.0	107.0	100.0	80.0	5	0.013639511961212637	0.010898413608546497	DLR00012733-2009-11-11_10-20-57	0.0	15	107	830.5	2122.0	22012.496020729672	928512.70072992716	137	136
103.0	95.0	75.0	105.0	99.0	79.0	6	0.015983803079546059	0.0069768449810955159	DLR00012733-2009-11-11_10-20-57	0.0	15	107	966.5	2133.0	24404.199274391645	1178107.4452554744	137	136
102.0	95.0	74.0	105.0	99.0	79.0	7	0.012787042463636848	0.0069768449810955159	DLR00012733-2009-11-11_10-20-57	0.0	15	107	1103.5	2122.0	16320.054684274197	876366.13138686121	137	136
102.0	94.0	73.0	104.0	98.0	78.0	8	0.013586232617614151	0.0023297957317082612	DLR00012733-2009-11-11_10-20-57	0.0	15	107	1232.5	2125.0	15820.278697456011	1083180.4379562044	137	136
100.0	93.0	73.0	104.0	98.0	78.0	9	0.0095902818477276355	0.00026312738956671725	DLR00012733-2009-11-11_10-20-57	0.0	15	107	1377.5	2122.0	11312.404750270383	942688.4671532847	137	136
99.0	92.0	72.0	101.0	96.0	76.0	10	0.016996110607917312	-0.0075800098653352431	DLR00012733-2009-11-11_10-20-57	0.0	15	107	1513.5	2122.0	9679.7374544326576	1405679.1240875912	137	136
99.0	92.0	72.0	104.0	99.0	79.0	11	0.0087910916937503324	0.0041846960170176979	DLR00012733-2009-11-11_10-20-57	0.0	15	107	1647.5	2123.0	8802.5733925311397	631834.16058394162	137	136
98.0	92.0	72.0	102.0	97.0	77.0	12	0.018114976823485535	-0.0019957119371796063	DLR00012733-2009-11-11_10-20-57	0.0	15	107	1787.5	2122.0	13697.445466925368	1266705.98540146	137	136
98.0	92.0	71.0	101.0	96.0	76.0	13	0.012573925089242901	-0.0047878609012574251	DLR00012733-2009-11-11_10-20-57	0.0	15	107	1924.5	2122.0	6730.3878107964092	960155.03649635043	137	136
98.0	91.0	71.0	101.0	96.0	77.0	14	0.015930523735947572	-0.0055564850012880624	DLR00012733-2009-11-11_10-20-57	0.0	15	107	2061.5	2132.0	8324.4982268510757	1030780.7299270073	137	136
98.0	91.0	71.0	100.0	95.0	75.0	15	0.076882092812616543	-0.011501578492786223	DLR00012733-2009-11-11_10-20-57	33851.837575198573	15	107	2196.5	2129.0	68325.44080111217	3319407.5912408759	137	136
98.0	91.0	71.0	102.0	97.0	78.0	16	0.011508338217273163	-0.0017603974744804642	DLR00012733-2009-11-11_10-20-57	0.0	15	107	2334.5	2122.0	9019.9335046972501	981418.68613138678	137	136
99.0	92.0	71.0	103.0	98.0	78.0	17	0.013106718525227769	0.00026312738956671725	DLR00012733-2009-11-11_10-20-57	0.0	15	107	2471.5	2124.0	13681.354176925863	1097609.3430656933	137	136
98.0	92.0	71.0	101.0	95.0	74.0	18	0.0014385422771591454	-0.012183945555822376	DLR00012733-2009-11-11_10-20-57	0.0	15	107	2592.5	2122.0	0.0	259973.43065693433	137	136
98.0	91.0	71.0	103.0	98.0	79.0	19	0.0053812137034471739	0.003055276353644536	DLR00012733-2009-11-11_10-20-57	0.0	15	107	2742.5	2126.0	9231.747747659525	902945.69343065692	137	136
98.0	91.0	71.0	102.0	96.0	77.0	20	0.017102669295114285	-0.0045094328796581604	DLR00012733-2009-11-11_10-20-57	0.0	15	107	2866.5	2123.0	13122.695657745477	1306448.7591240876	137	136
98.0	90.0	71.0	100.0	94.0	75.0	21	0.042730033565986467	-0.01235257013456012	DLR00012733-2009-11-11_10-20-57	0.0	15	107	3009.5	2121.0	19329.214630100305	2458229.7810218981	137	136
96.0	88.0	69.0	99.0	94.0	76.0	22	0.015237892269167243	-0.012630998156159385	DLR00012733-2009-11-11_10-20-57	0.0	15	107	3142.5	2123.0	0.0	1327965.5474452558	137	136
92.0	85.0	67.0	95.0	89.0	72.0	23	0.010069795940114017	-0.031023134673852402	DLR00012733-2009-11-11_10-20-57	0.0	15	107	3282.5	2125.0	0.0	1273034.4525547447	137	136
91.0	85.0	69.0	94.0	90.0	76.0	24	0.0091107677553412536	-0.0240741325388187	DLR00012733-2009-11-11_10-20-57	0.0	15	107	3407.5	2122.0	0.0	1593001.7518248179	137	136
102.0	97.0	83.0	115.0	113.0	102.0	1	0.01241408705844744	0.069427837340930082	DLR00012733-2009-11-11_10-20-57	186305.54668832658	16	107	282.5	2258.0	161125.64308309491	2139781.3138686134	137	136
104.0	98.0	82.0	121.0	119.0	107.0	2	0.024561777398902446	0.09093372424158877	DLR00012733-2009-11-11_10-20-57	258164.86473094244	16	107	415.5	2269.0	230990.01868036701	2292423.9416058394	137	136
107.0	101.0	84.0	123.0	120.0	105.0	3	0.069422984708828392	0.093529782806616349	DLR00012733-2009-11-11_10-20-57	335118.17258380586	16	107	557.5	2275.0	293394.88563607709	2648843.2116788318	137	136
108.0	101.0	82.0	124.0	119.0	101.0	4	0.019926474505834089	0.085729789029808753	DLR00012733-2009-11-11_10-20-57	308529.71072409587	16	107	690.5	2272.0	275916.39340869169	3002731.0948905107	137	136
106.0	98.0	78.0	119.0	115.0	98.0	5	0.014758378176780862	0.070168995620648211	DLR00012733-2009-11-11_10-20-57	217194.14440338415	16	107	830.5	2258.0	197957.05081713086	2581002.0437956206	137	136
105.0	97.0	77.0	118.0	116.0	101.0	6	0.0021844530875379615	0.076992546574232767	DLR00012733-2009-11-11_10-20-57	198657.68429765524	16	107	964.5	2260.0	187761.03137998315	2591380.7299270076	137	136
105.0	97.0	77.0	119.0	116.0	101.0	7	0.0030369225851137513	0.077886651774906793	DLR00012733-2009-11-11_10-20-57	188923.13169470627	16	107	1098.5	2261.0	174484.11364173624	2296980.4379562042	137	136
104.0	96.0	76.0	117.0	115.0	99.0	8	0.0033033193031061859	0.070829790944637178	DLR00012733-2009-11-11_10-20-57	155695.50821880315	16	107	1236.5	2257.0	153342.35927110587	2305587.1532846717	137	136
103.0	95.0	75.0	115.0	113.0	96.0	9	0.010069795940114017	0.062200377265102871	DLR00012733-2009-11-11_10-20-57	117144.74745077596	16	107	1372.5	2254.0	125501.06845127889	2237492.8467153283	137	136
102.0	94.0	74.0	113.0	111.0	95.0	10	0.0042090681442804624	0.057384703436977866	DLR00012733-2009-11-11_10-20-57	73011.965412665086	16	107	1510.5	2254.0	89059.672386559992	1831205.2554744524	137	136
101.0	93.0	73.0	111.0	109.0	92.0	11	0.0080984602269700036	0.049541566182075905	DLR00012733-2009-11-11_10-20-57	53159.157971900364	16	107	1647.5	2250.0	72582.539705313335	1774502.189781022	137	136
101.0	94.0	74.0	113.0	111.0	94.0	12	0.016676434546326391	0.053741562831126154	DLR00012733-2009-11-11_10-20-57	91937.416805068569	16	107	1782.5	2258.0	103459.82116821584	2083837.6642335767	137	136
101.0	94.0	74.0	114.0	111.0	94.0	13	0.016996110607917312	0.054870982494499315	DLR00012733-2009-11-11_10-20-57	104152.07981393245	16	107	1919.5	2261.0	114546.61844966661	1979544.5255474455	137	136
101.0	95.0	74.0	115.0	112.0	95.0	14	0.0062336832010229633	0.058345468602419043	DLR00012733-2009-11-11_10-20-57	115776.90540886932	16	107	2061.5	2258.0	121800.79586499464	2142565.8394160583	137	136
102.0	95.0	75.0	116.0	113.0	96.0	15	0.0055410517342426345	0.064290562093917203	DLR00012733-2009-11-11_10-20-57	136869.91077907206	16	107	2197.5	2258.0	138548.99805396589	2223570.2189781019	137	136
103.0	96.0	76.0	120.0	115.0	97.0	16	0.0038893920826895412	0.07085136268368436	DLR00012733-2009-11-11_10-20-57	188481.36354097968	16	107	2329.5	2264.0	184219.17120013206	2362290.2189781023	137	136
103.0	96.0	76.0	121.0	119.0	102.0	17	0.031647930097501199	0.085114111850734003	DLR00012733-2009-11-11_10-20-57	247378.14070830689	16	107	2465.5	2264.0	241061.61272095633	2595430.9489051094	137	136
103.0	96.0	76.0	121.0	119.0	102.0	18	0.0069795940114017792	0.085114111850734003	DLR00012733-2009-11-11_10-20-57	208638.97361677018	16	107	2598.5	2261.0	205495.02120985871	2328116.4963503648	137	136
102.0	96.0	76.0	118.0	115.0	100.0	19	0.011561617560871649	0.073921939669361447	DLR00012733-2009-11-11_10-20-57	133434.96543672273	16	107	2734.5	2254.0	136053.80939947395	1795512.700729927	137	136
102.0	96.0	76.0	118.0	115.0	99.0	20	0.054291651126858118	0.070043514520004832	DLR00012733-2009-11-11_10-20-57	200661.00924214444	16	107	2866.5	2259.0	204890.04304387674	1814751.2408759126	137	136
102.0	94.0	76.0	118.0	115.0	100.0	21	0.060631893015078056	0.073027834468687422	DLR00012733-2009-11-11_10-20-57	224704.95839540416	16	107	3018.5	2258.0	238185.03412148124	1953977.5182481753	137	136
99.0	92.0	74.0	121.0	119.0	106.0	22	0.059779423517502261	0.09093372424158877	DLR00012733-2009-11-11_10-20-57	170320.18331574657	16	107	3155.5	2258.0	204755.43325141107	1800069.197080292	137	136
97.0	90.0	73.0	114.0	111.0	96.0	23	0.037508657893334754	0.057384703436977866	DLR00012733-2009-11-11_10-20-57	87522.237203552373	16	107	3280.5	2251.0	153261.00932899604	1543892.8467153285	137	136
95.0	91.0	76.0	111.0	108.0	96.0	24	0.065000799190153974	0.049819994203675173	DLR00012733-2009-11-11_10-20-57	119438.32078429344	16	107	3418.5	2256.0	164829.58844192568	1705395.3284671532	137	136
