100.0	101.0	88.0	114.0	118.0	110.0	1	0.024082263306516062	0.089212143885813652	DLR00012733-2009-11-13_22-11-15	252904.64611103199	1	107	275.5	217.0	181172.64874723664	1437321.4598540147	137	136
102.0	101.0	85.0	115.0	120.0	110.0	2	0.0091107677553412536	0.094239585770770767	DLR00012733-2009-11-13_22-11-15	225568.52457577953	1	107	419.5	214.0	163843.87835716733	1495037.0802919709	137	136
105.0	103.0	86.0	117.0	119.0	106.0	3	0.039373434919281795	0.089123912181999318	DLR00012733-2009-11-13_22-11-15	279988.01559781987	1	107	552.5	228.0	204772.29912554723	1625656.6423357667	137	136
108.0	107.0	89.0	121.0	123.0	111.0	4	0.047578453833448775	0.10572586363152443	DLR00012733-2009-11-13_22-11-15	421932.09657276073	1	107	693.5	214.0	337967.90994099883	2433928.4671532842	137	136
109.0	107.0	87.0	118.0	118.0	102.0	5	0.027651979327614682	0.082153308388724186	DLR00012733-2009-11-13_22-11-15	305040.43962375232	1	107	832.5	225.0	194987.78805943381	1679575.1824817522	137	136
110.0	107.0	88.0	124.0	127.0	111.0	6	0.052107198039320159	0.116553320835109	DLR00012733-2009-11-13_22-11-15	370392.31060523324	1	107	957.5	230.0	255760.40847671198	1744378.6861313868	137	136
110.0	107.0	87.0	119.0	118.0	101.0	7	0.040971815227236398	0.081106256267094293	DLR00012733-2009-11-13_22-11-15	343111.50561255735	1	107	1099.5	218.0	234226.78671479216	1878542.189781022	137	136
110.0	108.0	88.0	118.0	119.0	102.0	8	0.04779157120784272	0.084667059250396984	DLR00012733-2009-11-13_22-11-15	379443.66492322547	1	107	1240.5	214.0	277776.41878181178	2159526.1313868612	137	136
109.0	108.0	87.0	119.0	121.0	104.0	9	0.058127763865949172	0.092423909549110228	DLR00012733-2009-11-13_22-11-15	399029.6814147465	1	107	1377.5	214.0	302608.36244606896	2201547.1532846713	137	136
107.0	107.0	86.0	140.0	151.0	138.0	10	0.056795780275987001	0.21129451382109246	DLR00012733-2009-11-13_22-11-15	580030.04759004316	1	107	1503.5	220.0	505582.83885210537	2658209.3430656935	137	136
107.0	106.0	86.0	118.0	121.0	104.0	11	0.041398049976024295	0.089718017622026885	DLR00012733-2009-11-13_22-11-15	367271.66661973554	1	107	1650.5	214.0	278874.67496407399	2136743.6496350365	137	136
107.0	107.0	86.0	123.0	128.0	112.0	12	0.04629974958708509	0.11919252287823093	DLR00012733-2009-11-13_22-11-15	443439.41102900426	1	107	1775.5	225.0	361377.42754051421	2373175.1824817518	137	136
107.0	107.0	86.0	122.0	128.0	114.0	13	0.036016836272577124	0.12350235288933693	DLR00012733-2009-11-13_22-11-15	456992.80867081974	1	107	1926.5	214.0	385457.40364923433	2755161.4598540151	137	136
107.0	107.0	86.0	123.0	130.0	117.0	14	0.037615216580531727	0.12863959821715557	DLR00012733-2009-11-13_22-11-15	494970.94725448336	1	107	2057.5	218.0	422276.94404483039	2626060.7299270071	137	136
108.0	107.0	86.0	121.0	127.0	113.0	15	0.042943150940380412	0.12015331796286635	DLR00012733-2009-11-13_22-11-15	439504.21690824913	1	107	2197.5	213.0	359955.09772662871	2538727.8832116788	137	136
108.0	107.0	87.0	123.0	128.0	112.0	16	0.045021045340721405	0.11925921276219233	DLR00012733-2009-11-13_22-11-15	428685.06325558468	1	107	2321.5	223.0	332819.82788213174	2155982.1897810218	137	136
109.0	107.0	87.0	119.0	122.0	106.0	17	0.040545580478448508	0.096945477697854096	DLR00012733-2009-11-13_22-11-15	404640.85331692273	1	107	2471.5	214.0	317063.36810907652	2398742.1897810218	137	136
108.0	107.0	88.0	121.0	127.0	111.0	18	0.042943150940380412	0.1161356788027101	DLR00012733-2009-11-13_22-11-15	444981.31016863137	1	107	2608.5	214.0	363740.77139259822	2541006.1313868617	137	136
108.0	107.0	87.0	121.0	126.0	110.0	19	0.036496350364963501	0.11211803964255385	DLR00012733-2009-11-13_22-11-15	398043.46615488821	1	107	2744.5	214.0	311138.40137469507	2289892.5547445258	137	136
107.0	106.0	87.0	120.0	125.0	110.0	20	0.036123394959774097	0.10871018358020704	DLR00012733-2009-11-13_22-11-15	398211.42022437381	1	107	2871.5	216.0	312597.67225999921	2195724.9635036495	137	136
106.0	105.0	87.0	118.0	122.0	108.0	21	0.020832223347008363	0.10091018980339944	DLR00012733-2009-11-13_22-11-15	318240.58530308685	1	107	3013.5	217.0	232988.80905925453	1837533.7226277376	137	136
103.0	102.0	85.0	125.0	129.0	116.0	22	0.014651819489583889	0.12836117019555629	DLR00012733-2009-11-13_22-11-15	236199.05032103218	1	107	3144.5	225.0	167134.56109320209	1194308.3211678832	137	136
100.0	100.0	85.0	118.0	122.0	111.0	23	0.013213277212424743	0.098161154398221748	DLR00012733-2009-11-13_22-11-15	184258.35580332571	1	107	3292.5	214.0	126411.82848511677	1052550.6569343067	137	136
98.0	99.0	86.0	119.0	126.0	116.0	24	0.010176354627310992	0.11749056951387737	DLR00012733-2009-11-13_22-11-15	201913.99902387915	1	107	3428.5	214.0	146241.18751143562	1064195.0364963503	137	136
97.0	97.0	81.0	128.0	136.0	124.0	1	0.017635462731099154	0.15297685814554099	DLR00012733-2009-11-13_22-11-15	193941.45937642179	2	107	282.5	350.0	183021.96328116854	1069764.0875912409	137	136
97.0	97.0	81.0	151.0	181.0	179.0	2	0.01225424902765198	0.33311021397810836	DLR00012733-2009-11-13_22-11-15	1324106.3301021783	2	107	411.5	353.0	1319383.7268573404	4124135.4744525542	137	136
103.0	101.0	83.0	138.0	147.0	135.0	3	0.071980393201555762	0.19558472282461573	DLR00012733-2009-11-13_22-11-15	292620.49360645207	2	107	556.5	350.0	234240.92820703489	1213040.5839416056	137	136
106.0	103.0	84.0	144.0	152.0	140.0	4	0.078267355746177214	0.2177729169499221	DLR00012733-2009-11-13_22-11-15	357428.04873411811	2	107	693.5	350.0	269472.81764757994	1267465.4014598543	137	136
106.0	104.0	84.0	149.0	161.0	150.0	5	0.090148649368639783	0.25302389111888657	DLR00012733-2009-11-13_22-11-15	520823.81562392699	2	107	821.5	362.0	447271.897457538	1976506.8613138685	137	136
107.0	105.0	84.0	142.0	152.0	138.0	6	0.090521604773829187	0.2137631166186568	DLR00012733-2009-11-13_22-11-15	424778.59758585517	2	107	958.5	358.0	335714.62428394472	1669702.7737226277	137	136
107.0	105.0	84.0	135.0	142.0	127.0	7	0.069369705365229906	0.17561216470957283	DLR00012733-2009-11-13_22-11-15	345066.41674269683	2	107	1103.5	350.0	245484.02446054498	1332775.182481752	137	136
107.0	104.0	83.0	119.0	118.0	99.0	8	0.00037295540518940808	0.080827828245495031	DLR00012733-2009-11-13_22-11-15	114789.96210384679	2	107	1240.5	350.0	3921.8800513341939	45311.824817518253	137	136
106.0	104.0	83.0	137.0	145.0	130.0	9	0.071394320421972399	0.18733372711383142	DLR00012733-2009-11-13_22-11-15	340741.95532671688	2	107	1368.5	351.0	251087.14341555911	1326446.7153284671	137	136
104.0	104.0	83.0	146.0	161.0	149.0	10	0.040865256540039425	0.25027491555209735	DLR00012733-2009-11-13_22-11-15	533492.99053821026	2	107	1513.5	350.0	467717.56311056489	2048651.3868613138	137	136
104.0	103.0	83.0	136.0	146.0	131.0	11	0.067451648995684371	0.18765529861352506	DLR00012733-2009-11-13_22-11-15	346448.68077855522	2	107	1644.5	354.0	274091.32479037729	1474279.7080291968	137	136
103.0	104.0	83.0	132.0	141.0	125.0	12	0.063349139538600885	0.16804745547627015	DLR00012733-2009-11-13_22-11-15	279522.83696885657	2	107	1780.5	353.0	194384.21699677524	1159881.4598540145	137	136
103.0	104.0	84.0	150.0	178.0	171.0	13	0.033193031061857316	0.31569449036444419	DLR00012733-2009-11-13_22-11-15	1005998.7676886078	2	107	1918.5	353.0	968021.31091682392	3259413.7226277376	137	136
103.0	103.0	83.0	128.0	134.0	118.0	14	0.052213756726517131	0.14396118766836574	DLR00012733-2009-11-13_22-11-15	227076.07821053444	2	107	2054.5	350.0	144784.3084676443	955345.40145985398	137	136
104.0	104.0	83.0	150.0	176.0	169.0	15	0.03553732218019074	0.3078513531095422	DLR00012733-2009-11-13_22-11-15	796439.54037141032	2	107	2188.5	353.0	745041.02837262466	2663018.9781021895	137	136
105.0	104.0	83.0	127.0	132.0	115.0	16	0.029516756353561723	0.13494548727199626	DLR00012733-2009-11-13_22-11-15	200396.54900231634	2	107	2334.5	350.0	102485.70172676952	709547.73722627736	137	136
103.0	104.0	84.0	153.0	184.0	180.0	17	0.038787362139698439	0.34063177973331671	DLR00012733-2009-11-13_22-11-15	1173839.4203584725	2	107	2593.5	350.0	1142130.9320109335	3572040.0	137	136
103.0	104.0	84.0	153.0	184.0	180.0	18	0.038947200170493898	0.34063177973331671	DLR00012733-2009-11-13_22-11-15	1174294.4903853994	2	107	2594.5	349.0	1143194.0699413531	3577355.9124087594	137	136
104.0	103.0	83.0	134.0	143.0	128.0	19	0.055676914060418775	0.17593373620926647	DLR00012733-2009-11-13_22-11-15	302154.63194241101	2	107	2727.5	357.0	222365.67293451042	1215571.9708029197	137	136
104.0	103.0	83.0	151.0	179.0	174.0	20	0.033406148436251268	0.32163961377513656	DLR00012733-2009-11-13_22-11-15	956804.80685936706	2	107	2875.5	348.0	915434.56910017633	3060699.8540145983	137	136
103.0	101.0	81.0	136.0	143.0	129.0	21	0.01736906601310672	0.17840428375445641	DLR00012733-2009-11-13_22-11-15	208884.68714804162	2	107	3018.5	350.0	151066.96999082336	748531.0948905109	137	136
100.0	98.0	80.0	133.0	141.0	128.0	22	0.058074484522350686	0.17145531153861696	DLR00012733-2009-11-13_22-11-15	216545.52534027828	2	107	3155.5	350.0	193083.96798313491	1086724.3795620438	137	136
97.0	95.0	77.0	139.0	151.0	141.0	23	0.07320581810432096	0.2151768284657003	DLR00012733-2009-11-13_22-11-15	293483.46617493627	2	107	3279.5	350.0	301148.73335807602	1473520.2919708032	137	136
95.0	95.0	80.0	129.0	136.0	124.0	24	0.025627364270872182	0.15500430242403362	DLR00012733-2009-11-13_22-11-15	114424.24800276542	2	107	3428.5	350.0	134611.44290107099	863456.0583941607	137	136
99.0	97.0	80.0	126.0	130.0	117.0	1	0.026852789173637381	0.13228273882300728	DLR00012733-2009-11-13_22-11-15	89877.06068408885	3	107	286.5	500.0	85085.000744192352	596901.02189781016	137	136
100.0	98.0	80.0	130.0	137.0	125.0	2	0.047631733177047261	0.15879644061720152	DLR00012733-2009-11-13_22-11-15	126145.35797207856	3	107	419.5	487.0	99941.725791882811	613608.17518248176	137	136
103.0	100.0	81.0	137.0	147.0	134.0	3	0.065000799190153974	0.19505138326808999	DLR00012733-2009-11-13_22-11-15	251688.47030928844	3	107	556.5	487.0	198504.30909487372	1027236.7883211679	137	136
106.0	103.0	83.0	133.0	139.0	124.0	4	0.058767115989131015	0.16271800924465249	DLR00012733-2009-11-13_22-11-15	258742.04135554685	3	107	691.5	491.0	174743.95069756245	1014326.7153284672	137	136
106.0	104.0	84.0	129.0	133.0	117.0	5	0.041238211945228836	0.13880036601548584	DLR00012733-2009-11-13_22-11-15	201481.77064146224	3	107	827.5	485.0	99481.062789530959	650313.28467153281	137	136
106.0	104.0	84.0	139.0	149.0	135.0	6	0.070595130267995104	0.20314937221952994	DLR00012733-2009-11-13_22-11-15	405995.34993682249	3	107	953.5	492.0	319299.46003359731	1640844.9635036497	137	136
106.0	105.0	84.0	139.0	149.0	136.0	7	0.077521444935798392	0.20306314510172971	DLR00012733-2009-11-13_22-11-15	372649.77214729309	3	107	1103.5	487.0	280312.86516109522	1421880.0	137	136
106.0	104.0	83.0	120.0	121.0	103.0	8	0.0030902019287122381	0.089843528641864512	DLR00012733-2009-11-13_22-11-15	118086.74288115847	3	107	1240.5	487.0	9057.6743456126824	82776.350364963495	137	136
104.0	104.0	84.0	127.0	134.0	117.0	9	0.052853108849698974	0.14031804706251402	DLR00012733-2009-11-13_22-11-15	237467.12861309916	3	107	1377.5	486.0	138676.49695709781	908008.46715328458	137	136
102.0	103.0	84.0	150.5	181.0	176.0	10	0.04416857584314561	0.32982783901640494	DLR00012733-2009-11-13_22-11-15	1062965.4668004347	3	107	1504.5	488.0	1030500.4755130179	3335861.6058394159	137	136
101.0	103.0	83.0	140.0	154.0	142.0	11	0.057861367147956734	0.22282393515994048	DLR00012733-2009-11-13_22-11-15	437183.6315828826	3	107	1650.5	487.0	378151.5183539748	1821332.8467153285	137	136
101.0	103.0	83.0	150.0	184.0	180.0	12	0.026053599019660079	0.33956899011551644	DLR00012733-2009-11-13_22-11-15	1193592.7949673131	3	107	1778.5	488.0	1172659.5389653444	3680889.635036496	137	136
102.0	103.0	83.0	133.0	144.0	130.0	13	0.074431243007086159	0.18256113692541232	DLR00012733-2009-11-13_22-11-15	319131.21133355639	3	107	1920.5	492.0	242110.13930092164	1318852.5547445256	137	136
104.0	103.0	82.0	123.0	128.0	109.0	14	0.004102509457083489	0.1169356881374987	DLR00012733-2009-11-13_22-11-15	112771.09337843907	3	107	2053.5	493.0	24660.391194323969	187828.90510948905	137	136
104.0	103.0	82.0	119.0	120.0	101.0	15	0.0026106878363258566	0.087819973858623085	DLR00012733-2009-11-13_22-11-15	101479.12913434832	3	107	2201.5	491.0	9816.3916726014377	93914.452554744523	137	136
105.0	104.0	83.0	135.0	144.0	129.0	16	0.067131972934093453	0.1798121613586231	DLR00012733-2009-11-13_22-11-15	306454.82095002395	3	107	2321.5	485.0	216666.34564460439	1175576.0583941606	137	136
104.0	104.0	83.0	140.0	151.0	137.0	17	0.083861686824018331	0.20992977969502014	DLR00012733-2009-11-13_22-11-15	371765.46645739092	3	107	2467.5	489.0	292841.92843109107	1474026.5693430656	137	136
104.0	103.0	83.0	134.0	144.0	130.0	18	0.058074484522350686	0.18332982086383143	DLR00012733-2009-11-13_22-11-15	302942.37720394443	3	107	2602.5	489.0	221423.6612768065	1217850.2189781023	137	136
103.0	103.0	83.0	151.0	176.0	169.0	19	0.032926634343864884	0.30887093941085964	DLR00012733-2009-11-13_22-11-15	796055.55194893328	3	107	2740.5	486.0	747930.21775034885	2640236.4963503648	137	136
104.0	102.0	82.0	134.0	142.0	127.0	20	0.061697479887047789	0.17561216470957283	DLR00012733-2009-11-13_22-11-15	297267.04557944695	3	107	2881.5	487.0	226235.20118266394	1301132.8467153287	137	136
103.0	100.0	80.0	133.0	142.0	127.0	21	0.010016516596515531	0.17469645785065741	DLR00012733-2009-11-13_22-11-15	130692.06727722226	3	107	3018.5	487.0	80376.787395262232	437423.64963503642	137	136
98.0	98.0	80.0	153.0	182.0	179.0	22	0.010176354627310992	0.33558076152329835	DLR00012733-2009-11-13_22-11-15	1231072.5808346001	3	107	3142.5	486.0	1223757.2492791663	3854289.635036496	137	136
96.0	94.0	76.0	144.0	165.0	159.0	23	0.032500399595076987	0.26914154057124562	DLR00012733-2009-11-13_22-11-15	561472.8622663694	3	107	3291.5	487.0	574644.42141176504	2324066.2773722624	137	136
94.0	93.0	78.0	138.0	152.0	142.0	24	0.048910437423410946	0.21542192650491598	DLR00012733-2009-11-13_22-11-15	138218.84737512798	3	107	3428.5	487.0	183003.01229056914	873834.74452554737	137	136
100.0	98.0	80.0	126.0	130.0	116.0	1	0.014012467366402047	0.13191802384521928	DLR00012733-2009-11-13_22-11-15	85571.125824193485	4	107	273.5	633.0	65007.377123592858	420463.35766423354	137	136
101.0	99.0	80.0	134.0	142.0	130.0	2	0.05855399861473707	0.176937644852802	DLR00012733-2009-11-13_22-11-15	195603.71179332485	4	107	419.5	623.0	162637.83997234816	907755.32846715336	137	136
104.0	101.0	82.0	133.5	140.0	127.0	3	0.04885715807981246	0.16874941961153364	DLR00012733-2009-11-13_22-11-15	193419.00098680542	4	107	556.5	623.0	133504.2094117013	781185.98540145997	137	136
106.0	103.0	83.0	142.0	152.0	140.0	4	0.071287761734775426	0.21619647460540617	DLR00012733-2009-11-13_22-11-15	364106.14234734583	4	107	693.5	623.0	287531.70856326335	1404160.2919708029	137	136
107.0	104.0	84.0	136.0	144.0	129.0	5	0.072140231232351221	0.18042783853769784	DLR00012733-2009-11-13_22-11-15	299640.0461274269	4	107	822.5	623.0	205206.53778159741	1145452.5547445256	137	136
107.0	104.0	84.0	131.0	136.0	120.0	6	0.058287601896744631	0.15154743872152138	DLR00012733-2009-11-13_22-11-15	254668.99628932597	4	107	966.5	623.0	152472.35082660036	947751.24087591236	137	136
106.0	104.0	84.0	138.0	148.0	133.0	7	0.07230006926314668	0.19558472282461573	DLR00012733-2009-11-13_22-11-15	340950.76233488932	4	107	1085.5	625.0	246988.61103872009	1266452.8467153287	137	136
104.0	104.0	83.0	157.0	187.0	182.0	8	0.015024774894773297	0.35277687825123949	DLR00012733-2009-11-13_22-11-15	437841.56201706087	4	107	1240.5	623.0	356848.06611255853	1136339.5620437956	137	136
104.0	104.0	84.0	136.0	146.0	131.0	9	0.072406627950343652	0.18772195857829221	DLR00012733-2009-11-13_22-11-15	332711.29258649674	4	107	1377.5	623.0	244162.13693344052	1281641.1678832115	137	136
102.0	103.0	83.0	133.0	143.0	129.0	10	0.067931163088070762	0.17863956829796132	DLR00012733-2009-11-13_22-11-15	281886.05732581869	4	107	1499.5	634.0	202418.74649908883	1140896.0583941606	137	136
101.0	102.0	83.0	152.0	184.0	180.0	11	0.045180883371516864	0.34046315515457898	DLR00012733-2009-11-13_22-11-15	1055049.6319254811	4	107	1640.5	618.0	1026153.5355795968	3225493.1386861312	137	136
101.0	102.0	83.0	133.0	143.0	129.0	12	0.064840961159358515	0.17847094371922359	DLR00012733-2009-11-13_22-11-15	277153.07970879163	4	107	1774.5	630.0	208756.37073528767	1183170.2189781021	137	136
102.0	103.0	83.0	150.0	180.0	174.0	13	0.044967765997122919	0.32292195044027139	DLR00012733-2009-11-13_22-11-15	877524.7783661962	4	107	1913.5	624.0	836772.1645475137	2799460.7299270071	137	136
104.0	104.0	83.0	136.0	146.0	132.0	14	0.073738611540305823	0.19145138614033264	DLR00012733-2009-11-13_22-11-15	323810.39854753762	4	107	2061.5	623.0	244099.69801464034	1283160.0	137	136
104.0	103.0	83.0	128.0	132.0	116.0	15	0.0077255048217805961	0.13588273595076464	DLR00012733-2009-11-13_22-11-15	124536.77181761418	4	107	2194.5	634.0	28770.828894858994	199220.14598540147	137	136
105.0	104.0	83.0	131.0	138.0	123.0	16	0.060845010389472001	0.15992589019976891	DLR00012733-2009-11-13_22-11-15	280172.23707791796	4	107	2324.5	622.0	191210.48420531274	1178360.5839416056	137	136
105.0	103.0	82.0	120.0	119.0	102.0	17	5.3279343598486864e-05	0.084792540351040363	DLR00012733-2009-11-13_22-11-15	91588.58633400187	4	107	2473.5	625.0	689.69350573614747	7341.0218978102184	137	136
105.0	104.0	83.0	134.0	143.0	128.0	18	0.069050029303638974	0.17650626991024687	DLR00012733-2009-11-13_22-11-15	327715.55186072196	4	107	2600.5	629.0	246281.44262779903	1385174.8905109488	137	136
105.0	103.0	82.0	132.0	140.0	124.0	19	0.055303958655229364	0.16384745882721991	DLR00012733-2009-11-13_22-11-15	288431.74638912064	4	107	2737.5	619.0	210384.1832668377	1217850.2189781023	137	136
105.0	102.0	82.0	138.0	148.0	135.0	20	0.060791731045873515	0.19901609537363535	DLR00012733-2009-11-13_22-11-15	354010.92245772597	4	107	2876.5	623.0	289341.7375217973	1486936.6423357667	137	136
104.0	101.0	81.0	127.0	131.0	114.0	21	0.039586552293675741	0.12902978938883908	DLR00012733-2009-11-13_22-11-15	166466.83024028753	4	107	3008.5	619.0	113006.47277766233	813081.45985401457	137	136
100.0	98.0	80.0	135.0	145.0	132.0	22	0.054025254408865686	0.18792588780623337	DLR00012733-2009-11-13_22-11-15	267181.51825396297	4	107	3155.5	623.0	244442.81092008561	1326446.7153284671	137	136
96.0	95.0	78.0	146.0	170.0	164.0	23	0.028557728168788959	0.28627883616331057	DLR00012733-2009-11-13_22-11-15	677141.41892615135	4	107	3282.5	626.0	682065.57561331044	2563788.6131386864	137	136
95.0	93.0	76.0	129.0	137.0	124.5	24	0.04267675422238798	0.15598469458089637	DLR00012733-2009-11-13_22-11-15	68956.686419183796	4	107	3415.5	627.0	120095.97993105641	741696.35036496341	137	136
100.0	99.0	81.0	135.0	144.0	132.0	1	0.066013106718525227	0.18640036793031425	DLR00012733-2009-11-13_22-11-15	271582.87656240701	5	107	282.5	759.0	246236.54896303921	1358089.0510948906	137	136
100.0	99.0	83.0	156.0	185.0	182.0	2	0.037721775267728699	0.34734546740565125	DLR00012733-2009-11-13_22-11-15	1185233.3109407036	5	107	410.5	765.0	1168964.7262237973	3581659.2700729929	137	136
104.0	101.0	81.0	130.0	135.0	120.0	3	0.036816026426554425	0.1480023433151948	DLR00012733-2009-11-13_22-11-15	155109.39111505941	5	107	556.5	759.0	95417.066434570923	600444.96350364969	137	136
106.0	103.0	83.0	151.0	165.0	154.0	4	0.057914646491555227	0.2657258456800079	DLR00012733-2009-11-13_22-11-15	544561.49321440142	5	107	692.5	766.0	477752.79847741075	2025362.6277372262	137	136
107.0	104.0	83.0	129.0	133.0	116.0	5	0.034631573339016467	0.13705526917303792	DLR00012733-2009-11-13_22-11-15	172412.09846173201	5	107	830.5	759.0	72473.72469487811	478178.97810218984	137	136
107.0	104.0	83.0	133.0	139.0	123.0	6	0.050135862326176145	0.16081999540044295	DLR00012733-2009-11-13_22-11-15	250290.1505100184	5	107	966.5	759.0	149902.81454455812	889276.20437956206	137	136
105.0	104.0	83.0	143.0	155.0	142.0	7	0.070435292237199632	0.2239533249041194	DLR00012733-2009-11-13_22-11-15	468947.74842154677	5	107	1103.5	759.0	394910.35396201705	1836521.1678832117	137	136
104.0	104.0	84.0	141.0	152.0	139.0	8	0.072140231232351221	0.21514942248377628	DLR00012733-2009-11-13_22-11-15	436449.53353591863	5	107	1240.5	759.0	360923.51375046355	1721089.9270072991	137	136
104.0	104.0	84.0	139.0	151.0	137.0	9	0.075070595130267995	0.20737294519364147	DLR00012733-2009-11-13_22-11-15	418927.81845248316	5	107	1371.5	762.0	342136.76614852407	1693750.9489051094	137	136
103.0	103.0	83.0	134.0	143.0	128.0	10	0.064041771005381221	0.17657292987501402	DLR00012733-2009-11-13_22-11-15	273077.4408680675	5	107	1513.5	759.0	189838.51419407781	1077105.1094890512	137	136
102.0	103.0	83.0	136.0	146.0	133.0	11	0.069689381426820823	0.19112981464063902	DLR00012733-2009-11-13_22-11-15	298123.9044407715	5	107	1650.5	759.0	225181.73712858252	1202661.8978102189	137	136
103.0	102.0	82.0	155.0	180.0	174.0	12	0.013905908679205072	0.32466707720191351	DLR00012733-2009-11-13_22-11-15	247917.78197261677	5	107	1787.5	759.0	179406.54969046437	625252.55474452558	137	136
103.0	103.0	83.0	133.0	143.0	128.0	13	0.059353188768714371	0.17593373620926647	DLR00012733-2009-11-13_22-11-15	285522.84069333767	5	107	1923.5	770.0	213769.12893617494	1172791.5328467153	137	136
104.0	103.0	83.0	133.0	141.0	126.0	14	0.060631893015078056	0.16901803413742211	DLR00012733-2009-11-13_22-11-15	242207.16680194996	5	107	2061.5	759.0	160845.86575865536	901173.72262773721	137	136
104.0	103.0	83.0	139.0	150.0	136.0	15	0.068037721775267734	0.20339647484475976	DLR00012733-2009-11-13_22-11-15	354064.12464893266	5	107	2192.5	766.0	275704.55744484218	1367455.182481752	137	136
104.0	103.0	83.0	133.0	142.0	127.0	16	0.064201609036176679	0.17273764820375176	DLR00012733-2009-11-13_22-11-15	291817.4110307864	5	107	2321.5	764.0	213251.75843685918	1187726.7153284671	137	136
104.0	103.0	83.0	138.0	149.0	136.0	17	0.059672864830305289	0.20338471660142335	DLR00012733-2009-11-13_22-11-15	362467.73761297791	5	107	2458.5	758.0	289097.56341516861	1402388.3211678832	137	136
105.0	103.0	82.0	132.0	139.0	123.0	18	0.053599019660077789	0.16299643726625176	DLR00012733-2009-11-13_22-11-15	267768.14695394092	5	107	2594.5	763.0	188544.62819470683	1082421.0218978103	137	136
105.0	102.0	81.0	128.0	131.0	114.0	19	0.017155948638712771	0.13196116732331364	DLR00012733-2009-11-13_22-11-15	123584.35375664318	5	107	2741.5	760.0	48643.966109349982	340724.6715328467	137	136
104.0	102.0	81.0	122.0	125.0	106.0	20	0.014012467366402047	0.10536117857293069	DLR00012733-2009-11-13_22-11-15	118773.6454730587	5	107	2881.5	759.0	49050.722404039007	412869.19708029192	137	136
104.0	101.0	81.0	143.0	155.0	142.0	21	0.03862752410890298	0.2239533249041194	DLR00012733-2009-11-13_22-11-15	475894.0265155391	5	107	3012.5	759.0	433382.54108049208	2060042.6277372262	137	136
102.0	98.0	78.0	135.0	143.0	128.0	22	0.056795780275987001	0.17682784140994048	DLR00012733-2009-11-13_22-11-15	216618.51829049498	5	107	3145.5	760.0	195405.16442948501	1091280.8759124088	137	136
98.0	95.0	76.0	131.0	139.0	126.0	23	0.051094890510948905	0.1648945109488498	DLR00012733-2009-11-13_22-11-15	146049.72382972497	5	107	3288.5	763.0	163840.15304931416	965217.81021897821	137	136
95.0	93.0	75.0	130.0	138.0	125.0	24	0.048803878736213967	0.16020431822136819	DLR00012733-2009-11-13_22-11-15	88211.645328712781	5	107	3411.5	762.0	134804.87415129642	836117.08029197087	137	136
101.0	99.0	81.0	129.0	134.0	120.0	1	0.04981618626458522	0.14533765011858019	DLR00012733-2009-11-13_22-11-15	164784.76913741344	6	107	278.5	898.0	136652.01208661389	871809.63503649633	137	136
100.0	99.0	81.0	151.0	175.0	170.0	2	0.026746230486440408	0.30874545831021621	DLR00012733-2009-11-13_22-11-15	877670.09679596208	6	107	411.5	899.0	852442.16439694946	2948053.1386861312	137	136
104.0	101.0	82.0	139.0	148.0	136.0	3	0.068836911929245029	0.20204349896202384	DLR00012733-2009-11-13_22-11-15	268746.8749545539	6	107	557.5	903.0	204855.41500704127	1034324.6715328466	137	136
106.0	102.0	82.0	118.0	119.0	102.0	4	0.00010655868719697373	0.085502343315194781	DLR00012733-2009-11-13_22-11-15	83525.402026541531	6	107	693.5	895.0	1860.8065190984526	20504.233576642335	137	136
106.0	103.0	82.0	128.0	130.0	111.0	5	0.0081517395705684899	0.12496902171018559	DLR00012733-2009-11-13_22-11-15	118249.60189930326	6	107	830.5	895.0	22461.715262805392	160489.92700729927	137	136
106.0	104.0	83.0	138.0	146.0	131.0	6	0.072832862699131543	0.18941409844693496	DLR00012733-2009-11-13_22-11-15	320558.44563192828	6	107	956.5	895.0	231219.19607231376	1222659.8540145985	137	136
105.0	104.0	83.0	143.0	155.0	142.0	7	0.074750919068677077	0.2264670757657922	DLR00012733-2009-11-13_22-11-15	378285.30863740639	6	107	1103.5	895.0	297161.74488267896	1400616.3503649635	137	136
104.0	104.0	83.0	135.0	144.0	129.0	8	0.065586871969737337	0.18232585238190741	DLR00012733-2009-11-13_22-11-15	291575.88755363581	6	107	1237.5	897.0	206138.08567612153	1113303.9416058394	137	136
104.0	104.0	83.0	127.0	133.0	116.0	9	0.033992221215834624	0.13677684115143865	DLR00012733-2009-11-13_22-11-15	188782.98906712947	6	107	1374.5	897.0	96739.056945793534	649300.72992700723	137	136
103.0	104.0	83.0	138.0	149.0	135.0	10	0.079066545900154508	0.20042391313941352	DLR00012733-2009-11-13_22-11-15	370402.08417683229	6	107	1505.5	902.0	295483.94064873119	1528957.6642335765	137	136
103.0	103.0	83.0	143.0	157.0	145.0	11	0.053385902285683844	0.2335258514244932	DLR00012733-2009-11-13_22-11-15	327361.88617700338	6	107	1641.5	899.0	255350.19805413988	1117354.1605839415	137	136
103.0	103.0	83.0	132.0	140.0	126.0	12	0.068197559806063193	0.16842784811184	DLR00012733-2009-11-13_22-11-15	271472.92929900956	6	107	1785.5	898.0	198256.39664716375	1162919.1240875912	137	136
103.0	103.0	82.0	138.0	149.0	136.0	13	0.046566146305077522	0.20293766400108632	DLR00012733-2009-11-13_22-11-15	309662.43510625965	6	107	1924.5	895.0	240592.96873757249	1125454.5985401459	137	136
103.0	102.0	82.0	135.0	143.0	128.0	14	0.020938782034205339	0.17872585525415005	DLR00012733-2009-11-13_22-11-15	148776.20570228357	6	107	2051.5	899.0	70538.367469125558	395149.48905109492	137	136
102.0	103.0	82.0	144.0	159.0	148.0	15	0.071127923703979967	0.2437141149623302	DLR00012733-2009-11-13_22-11-15	432926.28272553213	6	107	2189.5	899.0	372158.22169149981	1659324.0875912409	137	136
102.0	102.0	82.0	143.0	158.0	147.0	16	0.076029623315040762	0.23878863769134367	DLR00012733-2009-11-13_22-11-15	466909.09595795395	6	107	2326.5	896.0	413489.41179295414	1909425.1094890512	137	136
102.0	102.0	82.0	128.0	136.0	120.0	17	0.045713676807501734	0.1484827558171096	DLR00012733-2009-11-13_22-11-15	227081.09735819855	6	107	2471.5	895.0	158699.11754482656	997113.28467153292	137	136
103.0	102.0	82.0	139.0	152.0	139.0	18	0.066439341467313118	0.21521608244854343	DLR00012733-2009-11-13_22-11-15	379107.28804004594	6	107	2597.5	895.0	320210.13457386702	1593001.7518248179	137	136
102.0	102.0	82.0	154.0	185.0	181.0	19	0.023069955778144812	0.34645136220497724	DLR00012733-2009-11-13_22-11-15	1231220.8284101237	6	107	2868.5	893.0	1211084.7167120317	3740124.0875912406	137	136
102.0	102.0	82.0	154.0	185.0	181.0	20	0.025307688209281261	0.34645136220497724	DLR00012733-2009-11-13_22-11-15	1228781.4528385315	6	107	2872.5	893.0	1210321.3298459405	3734808.1751824818	137	136
103.0	100.0	80.0	134.0	142.0	127.0	21	0.048963716767009433	0.17543175196830446	DLR00012733-2009-11-13_22-11-15	256096.62881313407	6	107	3018.5	895.0	212909.93539909134	1224684.9635036495	137	136
102.0	99.0	78.0	127.0	131.0	115.0	22	0.032500399595076987	0.13208664842395704	DLR00012733-2009-11-13_22-11-15	140223.92789698305	6	107	3142.5	893.0	115571.77601576764	803715.32846715336	137	136
98.0	95.0	75.0	147.0	162.0	152.0	23	0.016196920453940007	0.25439251474021007	DLR00012733-2009-11-13_22-11-15	12159.747031549086	6	107	3291.5	903.0	62109.506179350181	257948.3211678832	137	136
96.0	93.0	75.0	126.0	132.0	118.0	24	0.042943150940380412	0.13616116397236389	DLR00012733-2009-11-13_22-11-15	35567.160385684867	6	107	3414.5	899.0	88624.570506238873	607532.8467153284	137	136
102.0	99.0	80.0	131.0	136.0	121.0	1	0.043529223719963768	0.15123173138389884	DLR00012733-2009-11-13_22-11-15	159881.404844851	7	107	282.5	1032.0	132249.80191332687	832826.27737226279	137	136
103.0	99.0	80.0	131.0	136.0	121.0	2	0.055676914060418775	0.15184746840136207	DLR00012733-2009-11-13_22-11-15	172332.41630119437	7	107	419.5	1032.0	134742.39896065017	840926.71532846708	137	136
104.0	101.0	81.0	141.0	152.0	140.0	3	0.077681282966593851	0.21611018764921744	DLR00012733-2009-11-13_22-11-15	375098.85892859299	7	107	554.5	1037.0	319685.77444055275	1561359.4160583944	137	136
106.0	103.0	83.0	139.0	147.0	133.0	4	0.079173104587351481	0.19549843586842702	DLR00012733-2009-11-13_22-11-15	321581.32207984262	7	107	693.5	1032.0	240062.04973354086	1247214.3065693432	137	136
105.0	104.0	84.0	152.0	174.0	168.0	5	0.048537482018221535	0.30479055970038166	DLR00012733-2009-11-13_22-11-15	845818.92170436482	7	107	830.5	1032.0	795871.82858092757	2855404.3795620441	137	136
105.0	103.0	83.0	131.0	138.0	122.0	6	0.044807927966327453	0.15784743369509674	DLR00012733-2009-11-13_22-11-15	206934.09445390524	7	107	966.5	1032.0	119313.95618495245	718407.59124087601	137	136
105.0	103.0	82.0	122.0	124.0	105.0	7	0.017528904043902178	0.10143960994547971	DLR00012733-2009-11-13_22-11-15	122567.52201943117	7	107	1102.5	1036.0	34029.542484527301	299463.0656934306	137	136
103.0	103.0	83.0	142.0	154.0	141.0	8	0.086472374660344187	0.22250236366024687	DLR00012733-2009-11-13_22-11-15	429333.56685754989	7	107	1233.5	1036.0	358908.96250534616	1723115.0364963503	137	136
103.0	103.0	83.0	141.0	153.0	140.0	9	0.073738611540305823	0.21872000904359551	DLR00012733-2009-11-13_22-11-15	348836.7646185843	7	107	1378.5	1041.0	276367.96726110298	1333534.5985401457	137	136
103.0	103.0	83.0	130.0	136.0	120.0	10	0.042730033565986467	0.15079251761245274	DLR00012733-2009-11-13_22-11-15	194310.16653776131	7	107	1513.5	1032.0	111169.47157675213	687524.67153284664	137	136
103.0	103.0	83.0	120.0	121.0	103.0	11	0.00031967606159092119	0.091808232370035464	DLR00012733-2009-11-13_22-11-15	89959.002929238137	7	107	1644.5	1046.0	5033.9540741700075	47843.211678832115	137	136
102.0	103.0	83.0	144.0	158.0	147.0	12	0.068890191272843515	0.23887686939515801	DLR00012733-2009-11-13_22-11-15	348505.39362908405	7	107	1777.5	1029.0	282276.70742338232	1225697.518248175	137	136
103.0	102.0	83.0	132.0	139.0	124.0	13	0.048803878736213967	0.16196311805477809	DLR00012733-2009-11-13_22-11-15	204152.3821669491	7	107	1925.5	1028.0	130326.09937170852	772579.27007299277	137	136
102.0	102.0	82.0	136.0	145.0	131.0	14	0.06057861367147957	0.18616119389155814	DLR00012733-2009-11-13_22-11-15	279382.64268103446	7	107	2064.5	1041.0	214946.83160190549	1080649.0510948903	137	136
102.0	102.0	82.0	134.0	143.0	130.0	15	0.073578773509510365	0.1798121613586231	DLR00012733-2009-11-13_22-11-15	304540.12133387721	7	107	2197.5	1032.0	246579.62748099078	1370492.8467153285	137	136
100.0	101.0	82.0	151.0	177.0	171.0	16	0.0559965901220097	0.31379647652023462	DLR00012733-2009-11-13_22-11-15	696154.20213373157	7	107	2323.5	1034.0	663595.81200099189	2306852.8467153283	137	136
99.0	101.0	82.0	149.0	183.0	179.0	17	0.015983803079546059	0.33654158652712801	DLR00012733-2009-11-13_22-11-15	1166151.3974939012	7	107	2469.5	1032.0	1149211.1505255948	3652791.2408759128	137	136
100.0	101.0	81.0	148.0	180.0	176.0	18	0.028557728168788959	0.32477688064477506	DLR00012733-2009-11-13_22-11-15	1022981.2421946238	7	107	2602.5	1036.0	1001904.4640273638	3293334.306569343	137	136
102.0	101.0	81.0	137.0	148.0	134.0	19	0.060738451702275029	0.19901609537363535	DLR00012733-2009-11-13_22-11-15	301508.26454952994	7	107	2744.5	1032.0	249333.66869476245	1317333.7226277376	137	136
103.0	100.0	80.0	140.0	152.0	139.0	20	0.036922585113751398	0.21465922640534491	DLR00012733-2009-11-13_22-11-15	360826.09147654794	7	107	2870.5	1036.0	320969.14504962729	1590723.5036496352	137	136
102.0	100.0	80.0	136.0	146.0	132.0	21	0.045873514838297193	0.19016898963680937	DLR00012733-2009-11-13_22-11-15	310622.15263644751	7	107	3018.5	1033.0	268654.72851102159	1415298.3941605841	137	136
101.0	98.0	79.0	150.0	172.0	165.0	22	0.015078054238371783	0.29665918092816967	DLR00012733-2009-11-13_22-11-15	770640.71373085678	7	107	3145.5	1031.0	755052.39094208425	2733138.3941605841	137	136
98.0	95.0	75.0	123.0	126.0	110.0	23	0.016729713889924877	0.11320431582783265	DLR00012733-2009-11-13_22-11-15	0.0	7	107	3295.5	1036.0	35028.659098409138	289843.795620438	137	136
95.0	93.0	74.0	131.0	141.0	128.0	24	0.052639991475305022	0.17196902410372114	DLR00012733-2009-11-13_22-11-15	134940.47404980796	7	107	3410.5	1031.0	180174.63717781706	1031287.00729927	137	136
102.0	99.0	81.0	134.0	141.0	127.0	1	0.050935052480153446	0.17160819862118437	DLR00012733-2009-11-13_22-11-15	221471.15024538417	8	107	274.5	1178.0	184940.51953858667	1066220.1459854015	137	136
103.0	100.0	80.0	134.0	141.0	127.0	2	0.073578773509510365	0.17064743345574318	DLR00012733-2009-11-13_22-11-15	204171.13869860183	8	107	410.5	1171.0	164267.24817493442	950282.6277372262	137	136
104.0	101.0	81.0	127.0	131.0	115.0	3	0.037775054611327186	0.13163959582362003	DLR00012733-2009-11-13_22-11-15	157937.1559470479	8	107	549.5	1167.0	101343.38734249942	698915.912408759	137	136
105.0	102.0	82.0	148.0	161.0	150.0	4	0.055517076029623316	0.25059648705179099	DLR00012733-2009-11-13_22-11-15	538361.43776106613	8	107	693.5	1168.0	483701.68005415157	2116745.693430657	137	136
105.0	103.0	82.0	130.0	134.0	117.0	5	0.035057808087804357	0.14368275964676647	DLR00012733-2009-11-13_22-11-15	158741.76229167468	8	107	830.5	1168.0	79803.462335288263	520453.13868613139	137	136
104.0	103.0	82.0	129.0	136.0	119.0	6	0.040332463104054556	0.14792589977391107	DLR00012733-2009-11-13_22-11-15	195704.98049146723	8	107	966.5	1168.0	119841.5873252958	769794.74452554737	137	136
103.0	103.0	82.0	131.0	138.0	122.0	7	0.058340881240343118	0.15903172516070643	DLR00012733-2009-11-13_22-11-15	225512.25573061814	8	107	1093.5	1173.0	152275.96869982284	933322.33576642338	137	136
101.0	103.0	83.0	153.0	186.0	182.0	8	0.047898129895039693	0.3474552708485128	DLR00012733-2009-11-13_22-11-15	1199833.1467222741	8	107	1232.5	1172.0	1175325.3448241481	3598872.700729927	137	136
102.0	102.0	82.0	126.5	132.0	115.0	9	0.033725824497842186	0.13309057202708968	DLR00012733-2009-11-13_22-11-15	159767.56980149375	8	107	1377.5	1168.0	92789.529025739423	657654.30656934297	137	136
103.0	102.0	82.0	116.0	117.0	98.0	10	0.00015983803079546059	0.075021948764796495	DLR00012733-2009-11-13_22-11-15	72665.832748520595	8	107	1514.5	1163.0	1958.613402293377	23288.759124087592	137	136
102.0	102.0	82.0	124.0	129.0	113.0	11	0.011561617560871649	0.1241180300684117	DLR00012733-2009-11-13_22-11-15	97246.348786955816	8	107	1636.5	1166.0	27461.694078678796	206561.16788321166	137	136
102.0	102.0	82.0	125.0	131.0	115.0	12	0.039213596888486336	0.12921213191813596	DLR00012733-2009-11-13_22-11-15	176826.52888744554	8	107	1775.5	1167.0	111571.07242739138	794602.33576642338	137	136
102.0	102.0	81.0	128.0	135.0	119.0	13	0.0025041291491288828	0.14513372089063903	DLR00012733-2009-11-13_22-11-15	83833.737469523112	8	107	1921.5	1162.0	21995.230990229506	151376.93430656931	137	136
102.0	102.0	82.0	135.0	145.0	130.0	14	0.07485747775587405	0.18377687346416843	DLR00012733-2009-11-13_22-11-15	262512.3772952744	8	107	2061.5	1168.0	201736.21846092335	1097356.2043795621	137	136
102.0	101.0	81.0	129.0	136.0	121.0	15	0.041930843412009165	0.15236118096646623	DLR00012733-2009-11-13_22-11-15	191984.31706293099	8	107	2190.5	1175.0	133663.24458646041	800930.80291970796	137	136
101.0	101.0	81.0	136.0	147.0	134.0	16	0.069156587990835947	0.1947572177503204	DLR00012733-2009-11-13_22-11-15	288266.1498323945	8	107	2321.5	1170.0	238189.6788135267	1275312.7007299268	137	136
100.0	100.0	80.0	132.0	143.0	129.0	17	0.065746710000532796	0.17863956829796132	DLR00012733-2009-11-13_22-11-15	280929.91606150888	8	107	2464.5	1176.0	238459.60084259062	1330243.7956204379	137	136
101.0	100.0	80.0	129.0	138.0	122.0	18	0.048004688582236665	0.15632589307201156	DLR00012733-2009-11-13_22-11-15	188927.1694340354	8	107	2608.5	1168.0	143293.46201930451	909527.29927007284	137	136
102.0	101.0	81.0	142.0	157.0	143.0	19	0.073045980073525488	0.23085921348025298	DLR00012733-2009-11-13_22-11-15	370348.05484609847	8	107	2738.5	1165.0	319125.8251655511	1505922.0437956203	137	136
103.0	100.0	79.0	121.0	123.0	104.0	20	0.0082050189141669779	0.096792530776898214	DLR00012733-2009-11-13_22-11-15	71680.458116959097	8	107	2879.5	1165.0	30571.051511906997	282502.77372262772	137	136
102.0	100.0	79.0	131.0	138.0	123.0	21	0.03660290905216048	0.15911801211689514	DLR00012733-2009-11-13_22-11-15	180274.74180925637	8	107	3018.5	1168.0	145470.52895727364	904464.52554744517	137	136
100.0	98.0	77.0	132.0	140.0	125.0	22	0.043316106345569823	0.16687486241560839	DLR00012733-2009-11-13_22-11-15	168100.50234784486	8	107	3145.5	1171.0	160703.31290673662	967749.19708029192	137	136
97.0	95.0	76.0	148.0	172.0	167.0	23	0.018754328946667377	0.29698075242786326	DLR00012733-2009-11-13_22-11-15	764906.45694303454	8	107	3281.5	1169.0	772287.26506090106	2782753.5766423354	137	136
94.0	93.0	75.0	130.0	139.0	126.0	24	0.051521125259736802	0.16367883424848215	DLR00012733-2009-11-13_22-11-15	107699.76663987266	8	107	3421.5	1160.0	160231.19584719089	935347.44525547454	137	136
101.0	99.0	81.0	139.0	149.0	137.0	1	0.066599179498108577	0.20427882180209736	DLR00012733-2009-11-13_22-11-15	342424.13762402674	9	107	286.5	1315.0	310885.72682730353	1584901.313868613	137	136
102.0	99.0	79.0	123.0	123.0	106.0	2	0.01630347914113698	0.10148272350437983	DLR00012733-2009-11-13_22-11-15	51858.7052166754	9	107	419.5	1304.0	25937.626976803862	230862.48175182482	137	136
103.0	100.0	79.0	126.0	128.0	110.0	3	0.00063935212318184237	0.1171474412347337	DLR00012733-2009-11-13_22-11-15	41792.896252259343	9	107	560.5	1300.0	8224.4944089057062	68853.722627737225	137	136
104.0	101.0	80.0	134.0	142.0	127.0	4	0.056476104214396076	0.17258470128279588	DLR00012733-2009-11-13_22-11-15	234708.39880370707	9	107	693.5	1304.0	177617.04749394432	977115.32846715325	137	136
104.0	102.0	81.0	135.0	144.0	129.0	5	0.073418935478714906	0.18322001742096991	DLR00012733-2009-11-13_22-11-15	286970.8189394279	9	107	830.5	1304.0	219819.0889891847	1214053.1386861312	137	136
101.0	103.0	83.0	151.0	183.0	179.0	6	0.020565826629015932	0.33860822495007531	DLR00012733-2009-11-13_22-11-15	1238258.8161558679	9	107	961.5	1312.0	1218627.0606751575	3817078.2481751824	137	136
102.0	101.0	81.0	131.0	139.0	123.0	7	0.060152378922691672	0.16024746169946255	DLR00012733-2009-11-13_22-11-15	210902.14246852515	9	107	1102.5	1307.0	152605.44581444626	930284.67153284664	137	136
102.0	102.0	81.0	135.0	145.0	130.0	8	0.071927113857957276	0.18384353342893558	DLR00012733-2009-11-13_22-11-15	283273.2403016435	9	107	1229.5	1312.0	225865.93945036593	1232025.9854014597	137	136
102.0	102.0	82.0	134.0	143.0	129.0	9	0.064894240502957001	0.17957684689592396	DLR00012733-2009-11-13_22-11-15	303829.89242575597	9	107	1377.5	1304.0	245593.44446119334	1377580.7299270076	137	136
101.0	101.0	81.0	132.0	141.0	127.0	10	0.069849219457616282	0.17156511498147847	DLR00012733-2009-11-13_22-11-15	233825.38366565178	9	107	1510.5	1312.0	178310.56370177038	1017870.6569343065	137	136
99.0	101.0	82.0	152.0	185.0	183.0	11	0.031807768128296658	0.3474552708485128	DLR00012733-2009-11-13_22-11-15	1295297.1658467718	9	107	1650.5	1304.0	1283391.022807512	3908208.1751824818	137	136
99.0	101.0	81.0	147.0	172.0	166.0	12	0.045607118120304761	0.29414548990488537	DLR00012733-2009-11-13_22-11-15	690919.47649299609	9	107	1787.5	1304.0	665346.30277186597	2400514.1605839417	137	136
101.0	101.0	81.0	146.0	162.0	152.0	13	0.093292130640950502	0.25358074716208512	DLR00012733-2009-11-13_22-11-15	450719.98099534138	9	107	1918.5	1312.0	408389.50114206749	1750454.01459854	137	136
101.0	101.0	81.0	120.0	121.5	104.0	14	0.00021311737439394746	0.09638862165465556	DLR00012733-2009-11-13_22-11-15	55518.153844676359	9	107	2061.5	1304.0	2861.4120591184887	28351.53284671533	137	136
101.0	101.0	81.0	127.0	133.0	117.0	15	0.028451169481591987	0.13761215513543068	DLR00012733-2009-11-13_22-11-15	114833.85006112041	9	107	2192.5	1308.0	65449.451103733962	459193.5766423358	137	136
101.0	100.0	80.0	131.0	139.0	123.0	16	0.048963716767009433	0.16020431822136819	DLR00012733-2009-11-13_22-11-15	190031.7840611774	9	107	2318.5	1317.0	144717.88670400932	859658.97810218984	137	136
100.0	100.0	80.0	134.0	145.0	131.0	17	0.064947519846555488	0.18450235408610471	DLR00012733-2009-11-13_22-11-15	272959.64425413759	9	107	2464.5	1307.0	235641.1850253981	1316068.0291970803	137	136
99.0	100.0	80.0	148.0	177.0	172.0	18	0.037988171985721138	0.31318079934115983	DLR00012733-2009-11-13_22-11-15	820052.54977037897	9	107	2597.5	1306.0	800932.02720788226	2730100.7299270071	137	136
102.0	100.0	79.0	132.0	140.0	124.0	19	0.055676914060418775	0.16572390093238226	DLR00012733-2009-11-13_22-11-15	221667.9391613107	9	107	2743.5	1312.0	182516.24910216624	1078877.0802919709	137	136
102.0	99.0	78.0	117.0	116.0	96.0	20	0.0	0.069788617944675474	DLR00012733-2009-11-13_22-11-15	24360.843231420069	9	107	2881.5	1304.0	1341.1873722253661	18225.985401459857	137	136
101.0	99.0	79.0	145.0	166.0	157.0	21	0.023656028557728168	0.26937682511475053	DLR00012733-2009-11-13_22-11-15	648366.32137236919	9	107	3009.5	1308.0	629459.34822521103	2550119.1240875917	137	136
99.0	96.0	76.0	134.0	145.0	130.0	22	0.039799669668069693	0.18373372998607407	DLR00012733-2009-11-13_22-11-15	197097.33220321379	9	107	3155.5	1304.0	204213.11280174725	1129504.817518248	137	136
96.0	93.0	74.0	123.0	127.0	111.0	23	0.010815706750492834	0.11376117187103117	DLR00012733-2009-11-13_22-11-15	0.0	9	107	3292.5	1304.0	20650.477347621465	161249.34306569342	137	136
94.0	92.0	74.0	131.0	141.0	129.0	24	0.053652299003676275	0.17216511450277136	DLR00012733-2009-11-13_22-11-15	131298.17507822803	9	107	3416.5	1310.0	186370.68062246029	1059638.5401459853	137	136
101.0	98.0	79.0	125.0	128.0	113.0	1	0.027651979327614682	0.12051803294065434	DLR00012733-2009-11-13_22-11-15	96223.106756276073	10	107	281.5	1450.0	75614.930695151663	537666.56934306561	137	136
100.0	98.0	79.0	139.0	151.0	140.0	2	0.052320315413714104	0.2112513703429981	DLR00012733-2009-11-13_22-11-15	263816.11756128079	10	107	414.5	1447.0	242378.61900218908	1192030.0729927006	137	136
100.0	100.0	80.0	154.0	184.0	180.0	3	0.034684852682614953	0.34252979357752628	DLR00012733-2009-11-13_22-11-15	979538.16225505329	10	107	556.5	1441.0	958585.03944312001	3017413.1386861312	137	136
102.0	101.0	80.0	133.0	142.0	127.0	4	0.050508817731365549	0.17432192937715862	DLR00012733-2009-11-13_22-11-15	209269.46823453865	10	107	693.5	1441.0	160884.36572454742	942182.18978102191	137	136
103.0	102.0	81.0	144.0	162.0	152.0	5	0.031061857317917843	0.25358074716208512	DLR00012733-2009-11-13_22-11-15	575065.97233013099	10	107	830.5	1441.0	531106.35621034028	2274957.3722627736	137	136
102.0	101.0	81.0	135.0	145.0	131.0	6	0.052959667536895946	0.18725138949128239	DLR00012733-2009-11-13_22-11-15	219197.62191259733	10	107	966.5	1441.0	162651.30919264519	873581.60583941615	137	136
102.0	101.0	81.0	133.0	142.0	127.0	7	0.060845010389472001	0.17258470128279588	DLR00012733-2009-11-13_22-11-15	213785.23677140567	10	107	1103.5	1441.0	158555.08127512957	891048.17518248165	137	136
102.0	101.0	81.0	133.0	143.0	128.0	8	0.059992540891896214	0.17589059273117211	DLR00012733-2009-11-13_22-11-15	236892.76623356564	10	107	1229.5	1447.0	187205.32378051899	1064954.4525547447	137	136
101.0	101.0	81.0	147.0	165.0	156.0	9	0.084181362885609248	0.26662784954796132	DLR00012733-2009-11-13_22-11-15	542530.07686597889	10	107	1362.5	1445.0	503906.4127047002	2081053.1386861312	137	136
101.0	101.0	81.0	137.0	149.0	136.0	10	0.0661196654057222	0.20321609202268559	DLR00012733-2009-11-13_22-11-15	295239.35008651461	10	107	1513.5	1441.0	250171.35650610487	1240632.7007299268	137	136
100.0	101.0	81.0	132.0	143.0	129.0	11	0.064787681815760029	0.17689450137470764	DLR00012733-2009-11-13_22-11-15	249791.01216559476	10	107	1650.5	1441.0	204420.95921107242	1163425.4014598543	137	136
100.0	101.0	81.0	137.0	149.0	137.0	12	0.066279503436517659	0.20321609202268559	DLR00012733-2009-11-13_22-11-15	288429.66021950881	10	107	1787.5	1441.0	244422.3075772505	1231519.7080291968	137	136
101.0	101.0	81.0	127.0	134.0	119.0	13	0.035484042836592254	0.1431101661073976	DLR00012733-2009-11-13_22-11-15	146763.75618459497	10	107	1918.5	1448.0	100272.15656630338	679677.3722627738	137	136
101.0	101.0	81.0	136.0	148.0	135.0	14	0.06462784378496457	0.19840035835617212	DLR00012733-2009-11-13_22-11-15	293373.06130067765	10	107	2043.5	1440.0	248841.22547576041	1283666.2773722624	137	136
101.0	100.0	80.0	136.0	147.0	133.0	15	0.071074644360381481	0.19409055826426033	DLR00012733-2009-11-13_22-11-15	269999.77757808549	10	107	2193.5	1449.0	227816.01996227776	1202408.7591240874	137	136
100.0	100.0	80.0	130.0	138.0	123.0	16	0.049176834141403378	0.15992589019976891	DLR00012733-2009-11-13_22-11-15	171208.84808972938	10	107	2318.5	1442.0	135662.2927588452	822447.59124087601	137	136
99.0	99.0	80.0	148.0	173.0	166.0	17	0.037828333954925672	0.29721609680975669	DLR00012733-2009-11-13_22-11-15	796313.41234059178	10	107	2460.5	1447.0	777960.31942643784	2812370.8029197082	137	136
100.0	99.0	79.0	127.0	134.0	119.0	18	0.039266876232084823	0.14402587296631303	DLR00012733-2009-11-13_22-11-15	161582.24775283315	10	107	2600.5	1443.0	129290.41842970607	847002.04379562044	137	136
101.0	99.0	79.0	131.0	138.0	123.0	19	0.049389951515797323	0.15879644061720152	DLR00012733-2009-11-13_22-11-15	216621.38575599453	10	107	2733.5	1442.0	183649.05600662978	1129757.9562043797	137	136
101.0	99.0	79.0	132.0	140.0	125.0	20	0.046512866961479035	0.16506313552758756	DLR00012733-2009-11-13_22-11-15	211262.54654620824	10	107	2866.5	1443.0	181774.05898898092	1087230.6569343067	137	136
100.0	98.0	78.0	126.0	131.0	115.0	21	0.032873355000266398	0.13223959534491292	DLR00012733-2009-11-13_22-11-15	113242.50501557125	10	107	3006.5	1445.0	101762.76061892037	741949.48905109486	137	136
97.0	96.0	77.0	151.0	180.0	176.0	22	0.025733922958069158	0.32745919624679709	DLR00012733-2009-11-13_22-11-15	993766.01795903349	10	107	3146.5	1441.0	993422.17096705455	3245491.0948905107	137	136
96.0	94.0	74.0	130.0	138.0	125.0	23	0.055410517342426344	0.16081999540044295	DLR00012733-2009-11-13_22-11-15	156928.46567061654	10	107	3283.5	1445.0	193029.86518975458	1173550.9489051094	137	136
93.0	92.0	74.0	131.0	142.0	130.0	24	0.056103148809206672	0.17552976724863534	DLR00012733-2009-11-13_22-11-15	130290.21042337519	10	107	3413.5	1443.0	192303.6542284489	1102165.8394160585	137	136
100.0	98.0	80.0	131.0	137.0	124.0	1	0.043902179125153179	0.15666314222948707	DLR00012733-2009-11-13_22-11-15	164170.8910629345	11	107	282.5	1577.0	144213.35352870356	890541.89781021897	137	136
98.0	97.0	78.0	148.0	171.0	166.0	2	0.028238052107198038	0.29322780837915002	DLR00012733-2009-11-13_22-11-15	703081.67854921252	11	107	412.5	1582.0	692966.60071579134	2543790.6569343065	137	136
99.0	98.0	79.0	147.0	169.0	163.0	3	0.024135542650114552	0.28510624310264882	DLR00012733-2009-11-13_22-11-15	680038.21601633378	11	107	558.5	1582.0	663695.35650089174	2508098.1021897811	137	136
101.0	100.0	80.0	137.0	149.0	137.0	4	0.049070275454206405	0.20314937221952994	DLR00012733-2009-11-13_22-11-15	302196.55744655244	11	107	693.5	1577.0	260663.07503824157	1321637.0802919711	137	136
101.0	101.0	81.0	153.0	182.0	177.0	5	0.034311897277425542	0.33240035117556549	DLR00012733-2009-11-13_22-11-15	891007.34825144988	11	107	829.5	1587.0	861130.72787338379	2776678.2481751824	137	136
102.0	101.0	80.0	122.0	125.0	107.0	6	0.017155948638712771	0.10540429213183081	DLR00012733-2009-11-13_22-11-15	86612.615054829759	11	107	966.5	1577.0	38639.431899625626	322245.54744525545	137	136
100.0	101.0	81.0	149.0	177.0	172.0	7	0.04320954765837285	0.31569449036444419	DLR00012733-2009-11-13_22-11-15	835866.09724860243	11	107	1101.5	1584.0	809475.10348363628	2766299.5620437954	137	136
100.0	100.0	80.0	135.0	147.0	133.0	8	0.070222174862805686	0.19168667068383755	DLR00012733-2009-11-13_22-11-15	274780.54264886846	11	107	1240.5	1577.0	234988.76579888305	1267465.4014598543	137	136
100.0	100.0	80.0	150.0	174.0	166.0	9	0.03553732218019074	0.30058074955562064	DLR00012733-2009-11-13_22-11-15	698735.60831378622	11	107	1381.5	1583.0	675067.72420599347	2449369.9270072989	137	136
100.0	100.0	80.0	131.0	138.0	123.0	10	0.061217965794661412	0.15992589019976891	DLR00012733-2009-11-13_22-11-15	163571.9522059047	11	107	1513.5	1577.0	124300.02249013672	732077.08029197087	137	136
101.0	100.0	80.0	132.0	140.0	125.0	11	0.054877723906441474	0.16764354635402751	DLR00012733-2009-11-13_22-11-15	187982.3413317565	11	107	1654.5	1587.0	147388.03471888506	863456.0583941607	137	136
101.0	100.0	79.0	115.0	117.5	97.0	12	0.00031967606159092119	0.074051370103644543	DLR00012733-2009-11-13_22-11-15	29935.17012413363	11	107	1781.5	1581.0	1493.6443754081047	18225.985401459857	137	136
100.0	100.0	80.0	138.0	151.0	139.0	13	0.066492620810911604	0.21040040862041842	DLR00012733-2009-11-13_22-11-15	306324.5743835856	11	107	1918.5	1589.0	274614.90474484029	1348722.9197080291	137	136
100.0	99.0	79.0	138.0	150.0	138.0	14	0.061431083169055357	0.20730628522887432	DLR00012733-2009-11-13_22-11-15	275649.21866445779	11	107	2054.5	1584.0	247758.07466108326	1196080.2919708029	137	136
100.0	99.0	79.0	136.0	148.0	134.0	15	0.064361447066972138	0.19807878685647848	DLR00012733-2009-11-13_22-11-15	273418.44564885774	11	107	2197.5	1577.0	244562.75859489504	1286450.802919708	137	136
99.0	99.0	79.0	130.0	139.0	124.0	16	0.048644040705418508	0.16024746169946255	DLR00012733-2009-11-13_22-11-15	141796.91376533959	11	107	2334.5	1577.0	120227.2989770459	717141.89781021897	137	136
99.0	99.0	79.0	129.0	137.0	121.0	17	0.048590761361820022	0.15236118096646623	DLR00012733-2009-11-13_22-11-15	157807.43459436632	11	107	2470.5	1578.0	137573.26970288719	881428.9051094891	137	136
100.0	98.0	78.0	132.0	142.0	127.0	18	0.047685012520645748	0.17169059608212187	DLR00012733-2009-11-13_22-11-15	177154.15985240688	11	107	2593.5	1589.0	158670.1828934268	923956.20437956206	137	136
100.0	98.0	78.0	125.0	132.0	115.0	19	0.025147850178485802	0.13149646239837492	DLR00012733-2009-11-13_22-11-15	98745.142969280758	11	107	2744.5	1577.0	84237.078134898169	609051.67883211677	137	136
98.0	98.0	79.0	149.0	180.0	175.0	20	0.03260695828227396	0.32405134018445031	DLR00012733-2009-11-13_22-11-15	913076.05568455206	11	107	2870.5	1581.0	904889.16962275957	2969316.7883211682	137	136
99.0	97.0	77.0	147.0	171.0	164.0	21	0.039426714262880282	0.28913761517296133	DLR00012733-2009-11-13_22-11-15	688591.22897093429	11	107	3011.5	1584.0	684797.90358003264	2548853.4306569342	137	136
98.0	95.0	75.0	131.0	140.0	126.0	22	0.040758697852842453	0.16768662999373338	DLR00012733-2009-11-13_22-11-15	126385.85952914332	11	107	3147.5	1581.0	148822.08851520115	902439.41605839413	137	136
96.0	93.0	74.0	126.0	133.0	120.0	23	0.039479993606478768	0.14129843921937676	DLR00012733-2009-11-13_22-11-15	69828.054175157245	11	107	3283.5	1586.0	119700.30891421094	762200.58394160587	137	136
92.0	91.0	73.0	134.0	147.0	136.0	24	0.062816346102616022	0.19541606832668373	DLR00012733-2009-11-13_22-11-15	161678.04641032702	11	107	3411.5	1583.0	232069.0397227185	1233291.6788321168	137	136
99.0	98.0	80.0	130.0	137.0	124.0	1	0.050455538387767063	0.15636903655010592	DLR00012733-2009-11-13_22-11-15	154326.4618895555	12	107	282.5	1713.0	142745.73227698731	878644.37956204382	137	136
97.0	97.0	79.0	150.0	180.0	177.0	2	0.028611007512387446	0.32745919624679709	DLR00012733-2009-11-13_22-11-15	1021209.7543441842	12	107	412.5	1723.0	1014815.4911124143	3312825.9854014595	137	136
99.0	97.0	78.0	130.0	138.0	125.0	3	0.037775054611327186	0.16097294232139883	DLR00012733-2009-11-13_22-11-15	171664.15431023651	12	107	556.5	1713.0	162813.32002747353	1023186.5693430656	137	136
101.0	99.0	79.0	129.0	135.0	120.0	4	0.044861207309925939	0.14792589977391107	DLR00012733-2009-11-13_22-11-15	143690.74864073872	12	107	693.5	1713.0	118223.30867080556	760681.7518248175	137	136
102.0	100.0	80.0	130.0	137.0	122.0	5	0.04928339282860035	0.15408665081749257	DLR00012733-2009-11-13_22-11-15	158855.33211143833	12	107	824.5	1720.0	117536.56973421919	752834.45255474444	137	136
102.0	101.0	80.0	131.0	139.0	124.0	6	0.04470136927913048	0.16271800924465249	DLR00012733-2009-11-13_22-11-15	194834.55455607007	12	107	966.5	1713.0	145702.76559380611	886744.81751824822	137	136
100.0	100.0	80.0	151.0	180.0	176.0	7	0.037934892642122651	0.32745919624679709	DLR00012733-2009-11-13_22-11-15	853995.08758945449	12	107	1101.5	1721.0	830248.44380168186	2729847.5912408764	137	136
100.0	99.0	79.0	129.0	136.5	121.0	8	0.05088177313655496	0.15240432444456059	DLR00012733-2009-11-13_22-11-15	156766.22536362312	12	107	1240.5	1713.0	123725.5784002281	785236.20437956206	137	136
101.0	99.0	79.0	125.0	130.0	114.0	9	0.024188821993713038	0.12836117019555629	DLR00012733-2009-11-13_22-11-15	111387.04515932908	12	107	1372.5	1722.0	79708.296445836531	591585.10948905104	137	136
101.0	100.0	80.0	136.0	146.0	132.0	10	0.057541691086365816	0.18859254729229344	DLR00012733-2009-11-13_22-11-15	233873.8452700834	12	107	1513.5	1713.0	199999.57840633849	1058372.8467153285	137	136
100.0	99.0	79.0	130.0	139.0	124.0	11	0.061804038574244768	0.16097294232139883	DLR00012733-2009-11-13_22-11-15	188023.27098450653	12	107	1637.5	1719.0	156061.0034004231	956104.81751824822	137	136
100.0	99.0	79.0	133.0	142.0	128.0	12	0.05077521444935798	0.17589059273117211	DLR00012733-2009-11-13_22-11-15	189926.14578179858	12	107	1779.5	1722.0	165944.48625200792	933069.19708029204	137	136
99.0	99.0	79.0	132.0	141.0	127.0	13	0.047045660397463905	0.17062780646432163	DLR00012733-2009-11-13_22-11-15	194722.87835960279	12	107	1924.5	1713.0	174739.97309095468	957370.51094890514	137	136
98.0	98.0	78.0	129.0	137.0	123.0	14	0.053918695721668707	0.15587884047167455	DLR00012733-2009-11-13_22-11-15	142293.1325826119	12	107	2061.5	1713.0	131485.9891848476	816119.12408759107	137	136
98.0	97.0	78.0	137.0	151.0	139.0	15	0.069050029303638974	0.21044349226012432	DLR00012733-2009-11-13_22-11-15	268390.74981599959	12	107	2185.5	1718.0	264293.86236922664	1309739.5620437958	137	136
97.0	97.0	78.0	146.0	176.0	171.0	16	0.041291491288827323	0.30836506567464639	DLR00012733-2009-11-13_22-11-15	815433.9861989225	12	107	2326.5	1716.0	811914.68604450766	2798701.3138686134	137	136
98.0	97.0	77.0	130.0	140.0	127.0	17	0.042410357504395549	0.16776902745467087	DLR00012733-2009-11-13_22-11-15	183812.13387147838	12	107	2461.5	1716.0	179614.43029038905	1035590.3649635038	137	136
99.0	97.0	77.0	131.0	140.0	126.0	18	0.041451329319622782	0.16760040287593314	DLR00012733-2009-11-13_22-11-15	152434.17944959269	12	107	2600.5	1714.0	151923.87507127097	917121.45985401457	137	136
98.0	97.0	78.0	145.0	168.0	160.0	19	0.033672545154243699	0.27705133779091473	DLR00012733-2009-11-13_22-11-15	631249.8874574051	12	107	2736.5	1719.0	625618.70017473598	2462026.8613138688	137	136
99.0	97.0	77.0	130.0	138.0	123.0	20	0.045820235494698706	0.15670628570758141	DLR00012733-2009-11-13_22-11-15	148823.1002237323	12	107	2873.5	1725.0	148787.50162302039	944207.29927007295	137	136
99.0	95.0	75.0	141.0	154.0	141.0	21	0.0039959507698865146	0.22160819862118436	DLR00012733-2009-11-13_22-11-15	0.0	12	107	3018.5	1713.0	26282.378824252093	129353.86861313868	137	136
98.0	95.0	75.0	130.0	138.0	124.0	22	0.045287442058713837	0.15879644061720152	DLR00012733-2009-11-13_22-11-15	100483.44256947821	12	107	3140.5	1714.0	132292.76983237138	806752.99270072998	137	136
94.0	91.0	73.0	130.0	140.0	129.0	23	0.043262827001971337	0.17160819862118437	DLR00012733-2009-11-13_22-11-15	124019.27447019315	12	107	3285.5	1717.0	187368.35407682951	1106975.4744525547	137	136
92.0	90.0	73.0	134.0	147.0	137.0	24	0.050242421013373117	0.1956513827893829	DLR00012733-2009-11-13_22-11-15	165235.65059466567	12	107	3408.5	1715.0	243887.58571712562	1282147.4452554744	137	136
98.0	96.0	79.0	129.0	136.0	123.0	1	0.043422665032766795	0.15280628881917763	DLR00012733-2009-11-13_22-11-15	126369.09756313411	13	107	295.5	1858.0	135360.95229969427	863709.19708029192	137	136
97.0	95.0	76.0	131.0	140.0	129.0	2	0.054344930470456604	0.17149839517832285	DLR00012733-2009-11-13_22-11-15	106502.83738852901	13	107	420.5	1864.0	136497.74454238749	807765.54744525545	137	136
97.0	96.0	78.0	150.0	180.0	177.0	3	0.013746070648409612	0.32767488371807468	DLR00012733-2009-11-13_22-11-15	1086739.4434801044	13	107	554.5	1860.0	1083920.8560266774	3542929.051094891	137	136
98.0	98.0	80.0	150.0	179.0	175.0	4	0.031328254035910275	0.32292195044027139	DLR00012733-2009-11-13_22-11-15	835075.23839886102	13	107	689.5	1862.0	820982.84169518587	2765793.2846715329	137	136
101.0	99.0	79.0	130.0	138.0	123.0	5	0.040225904416857583	0.15879644061720152	DLR00012733-2009-11-13_22-11-15	187757.19859814778	13	107	837.5	1861.0	158296.60855332494	980912.40875912399	137	136
102.0	100.0	79.0	132.0	142.0	128.0	6	0.036656188395758967	0.17297293274725667	DLR00012733-2009-11-13_22-11-15	225523.51309716055	13	107	966.5	1849.0	189241.36158925478	1107481.7518248176	137	136
101.0	99.0	79.0	132.0	142.0	127.0	7	0.05184080132132772	0.17448271512700544	DLR00012733-2009-11-13_22-11-15	202368.51114893614	13	107	1108.5	1862.0	175601.17510845041	1017111.2408759125	137	136
100.0	99.0	78.0	127.0	135.0	120.5	8	0.048111247269433638	0.14796898341361697	DLR00012733-2009-11-13_22-11-15	152953.66050953724	13	107	1240.5	1849.0	133526.36162328019	883960.29197080282	137	136
99.0	98.0	78.0	134.0	144.0	131.0	9	0.054664606532047529	0.18450235408610471	DLR00012733-2009-11-13_22-11-15	188450.78556834481	13	107	1378.5	1857.0	177099.78857418007	973318.2481751825	137	136
99.0	97.0	77.0	117.0	120.0	100.0	10	0.0	0.085796448994575905	DLR00012733-2009-11-13_22-11-15	0.0	13	107	1518.5	1848.0	2302.7431213687778	26073.284671532845	137	136
99.0	98.0	78.0	139.0	153.0	141.0	11	0.071181203047578454	0.21890236653248951	DLR00012733-2009-11-13_22-11-15	273558.22204233048	13	107	1650.5	1849.0	262401.07931784651	1273287.5912408759	137	136
98.0	98.0	78.0	129.0	137.0	123.0	12	0.050082582982577652	0.15587884047167455	DLR00012733-2009-11-13_22-11-15	114074.00664881857	13	107	1787.5	1849.0	110478.92923852573	672083.21167883207	137	136
96.0	96.0	77.0	146.0	173.0	168.0	13	0.052586712131706535	0.2981102020104307	DLR00012733-2009-11-13_22-11-15	663419.6415498791	13	107	1921.5	1861.0	670467.08003664797	2408108.321167883	137	136
95.0	96.0	77.0	145.0	178.0	175.0	14	0.032873355000266398	0.31608272182890496	DLR00012733-2009-11-13_22-11-15	987903.76519195805	13	107	2055.5	1859.0	993273.60448121757	3320167.00729927	137	136
96.0	96.0	76.0	133.0	145.0	133.0	15	0.054131813096062659	0.18776510205638658	DLR00012733-2009-11-13_22-11-15	190890.07787461835	13	107	2195.5	1860.0	205018.14409595411	1119632.4087591241	137	136
97.0	96.0	76.0	125.0	133.0	117.0	16	0.033832383185039158	0.13671802001556244	DLR00012733-2009-11-13_22-11-15	49351.645915452202	13	107	2327.5	1862.0	73534.382880135032	509568.17518248176	137	136
97.0	96.0	77.0	145.0	169.0	162.0	17	0.029037242261175343	0.28101604989646012	DLR00012733-2009-11-13_22-11-15	664516.48062467529	13	107	2468.5	1858.0	671330.78242893366	2553663.0656934306	137	136
97.0	95.0	75.0	126.5	134.0	118.0	18	0.033938941872236131	0.14031804706251402	DLR00012733-2009-11-13_22-11-15	75200.549646972344	13	107	2598.5	1857.0	100366.98765136312	685499.56204379559	137	136
96.0	96.0	77.0	146.0	177.0	173.0	19	0.024028983962917576	0.31379647652023462	DLR00012733-2009-11-13_22-11-15	932547.22011281725	13	107	2744.5	1855.0	935302.86403041496	3184231.5328467158	137	136
98.0	96.0	76.0	130.0	138.0	124.0	20	0.038947200170493898	0.15996900375866904	DLR00012733-2009-11-13_22-11-15	137984.56133854613	13	107	2881.5	1849.0	151735.29319132352	963952.11678832106	137	136
99.0	95.0	75.0	133.0	143.0	130.0	21	0.041238211945228836	0.17936510875828607	DLR00012733-2009-11-13_22-11-15	189445.99405062769	13	107	3006.5	1859.0	205798.8946844945	1154565.5474452553	137	136
96.0	93.0	73.0	126.0	132.0	118.0	22	0.024082263306516062	0.13616116397236389	DLR00012733-2009-11-13_22-11-15	30966.66984925267	13	107	3141.5	1857.0	93259.135914102284	660438.83211678825	137	136
91.0	89.0	72.0	139.0	163.0	158.0	23	0.010815706750492834	0.26168663478080445	DLR00012733-2009-11-13_22-11-15	539839.58722636243	13	107	3291.5	1855.0	597848.23919338838	2443547.7372262776	137	136
91.0	91.0	75.0	128.0	139.0	129.0	24	0.039852949011668179	0.16734938083625789	DLR00012733-2009-11-13_22-11-15	127382.45319672358	13	107	3428.5	1849.0	204336.75602764988	1212787.4452554747	137	136
98.0	97.0	81.0	134.0	145.0	134.0	1	0.042410357504395549	0.18774158556971376	DLR00012733-2009-11-13_22-11-15	180312.45052409655	14	107	282.5	1986.0	179405.85282489768	974077.66423357662	137	136
97.0	93.0	75.0	133.0	142.0	131.0	2	0.060258937609888645	0.1794944793541807	DLR00012733-2009-11-13_22-11-15	105105.40040309547	14	107	424.5	1996.0	146978.62476310754	830801.16788321175	137	136
97.0	96.0	78.0	150.0	180.0	177.0	3	0.015610847674356653	0.32773762426839637	DLR00012733-2009-11-13_22-11-15	1078513.5548625821	14	107	553.5	1864.0	1077288.277443805	3515083.7956204377	137	136
99.0	97.0	78.0	147.0	169.0	163.0	4	0.049496510202994302	0.28493761852391108	DLR00012733-2009-11-13_22-11-15	589449.90261016239	14	107	688.5	1998.0	582097.17403070314	2255971.9708029199	137	136
100.0	98.0	78.0	132.0	140.0	127.0	5	0.04672598433587298	0.16760040287593314	DLR00012733-2009-11-13_22-11-15	176759.51156058937	14	107	830.5	1986.0	159213.11820708858	911046.13138686144	137	136
99.0	98.0	79.0	148.0	175.0	171.0	6	0.039693110980872713	0.30836506567464639	DLR00012733-2009-11-13_22-11-15	837226.00790159823	14	107	965.5	1995.0	826963.96096911025	2857176.350364964	137	136
99.0	97.0	77.0	130.0	139.0	124.0	7	0.044115296499547124	0.16029844400644783	DLR00012733-2009-11-13_22-11-15	102075.67942642607	14	107	1103.5	1986.0	103416.02327215516	617658.39416058385	137	136
96.0	97.0	78.0	149.0	180.0	176.0	8	0.047578453833448775	0.32684351906772235	DLR00012733-2009-11-13_22-11-15	944534.21330762026	14	107	1235.5	1995.0	945756.69941925316	3093607.8832116788	137	136
95.0	96.0	77.0	146.0	178.0	175.0	9	0.032393840907880014	0.31996114697826156	DLR00012733-2009-11-13_22-11-15	926812.15640726162	14	107	1372.5	1998.0	935200.42790310015	3114618.3941605841	137	136
97.0	96.0	76.0	123.0	128.0	113.0	10	0.028184772763599552	0.121368994663234	DLR00012733-2009-11-13_22-11-15	26905.484562111211	14	107	1513.5	1986.0	54806.341681257618	416919.41605839418	137	136
96.0	96.0	76.0	147.0	171.0	165.0	11	0.044648089935531994	0.29216507859973828	DLR00012733-2009-11-13_22-11-15	614262.377747469	14	107	1640.5	1996.0	627263.54980583081	2335710.6569343065	137	136
96.0	95.0	76.0	142.0	163.0	155.0	12	0.053279343598486864	0.25827093988956673	DLR00012733-2009-11-13_22-11-15	479906.92705942015	14	107	1780.5	1992.0	495466.13460756844	2066371.0948905109	137	136
96.0	95.0	75.0	117.0	121.0	104.0	13	0.00047951409238638181	0.09023176010632529	DLR00012733-2009-11-13_22-11-15	0.0	14	107	1924.5	1986.0	5890.9093842272277	62018.978102189787	137	136
95.0	95.0	75.0	130.0	141.0	128.0	14	0.05642282487079759	0.17156511498147847	DLR00012733-2009-11-13_22-11-15	145076.08603328123	14	107	2051.5	1997.0	177051.04287431439	1015086.1313868614	137	136
95.0	95.0	75.0	128.0	138.0	124.0	15	0.04885715807981246	0.15804154942732712	DLR00012733-2009-11-13_22-11-15	122658.47483079064	14	107	2197.5	1986.0	154840.54809168953	959901.89781021897	137	136
96.0	94.0	75.0	130.0	141.0	128.0	16	0.056316266183600618	0.17199059584276832	DLR00012733-2009-11-13_22-11-15	122986.86222716454	14	107	2326.5	1994.0	160083.77166391438	939650.80291970796	137	136
96.0	95.0	75.0	133.0	145.0	133.0	17	0.065320475251744892	0.18780824553448094	DLR00012733-2009-11-13_22-11-15	226454.75962172073	14	107	2462.5	1994.0	249942.48691133645	1350494.8905109488	137	136
97.0	95.0	75.0	132.0	144.0	131.0	18	0.055303958655229364	0.18081607000215863	DLR00012733-2009-11-13_22-11-15	219947.27431337291	14	107	2607.5	1991.0	241651.507564631	1349988.6131386862	137	136
96.0	95.0	75.0	136.0	151.0	139.0	19	0.042090681442804624	0.21000427848867825	DLR00012733-2009-11-13_22-11-15	202278.02312073702	14	107	2738.5	1984.0	231511.83380829167	1093559.1240875912	137	136
97.0	94.0	75.0	125.0	131.0	117.0	20	0.029463477009963237	0.13251802336651219	DLR00012733-2009-11-13_22-11-15	37479.177365041607	14	107	2865.5	1993.0	77087.311370930067	548804.67153284664	137	136
96.0	92.0	73.0	148.0	174.0	169.0	21	0.0098033992221215841	0.30141609345880693	DLR00012733-2009-11-13_22-11-15	88600.055969679946	14	107	3018.5	1986.0	169320.48442869226	606014.01459854003	137	136
94.0	91.0	73.0	127.0	134.0	122.0	22	0.034951249400607384	0.14796898341361697	DLR00012733-2009-11-13_22-11-15	62892.277554027838	14	107	3142.5	1992.0	136059.99085201247	900667.44525547442	137	136
89.0	87.0	70.0	137.0	160.0	155.0	23	0.0076722254781821089	0.24960035739875788	DLR00012733-2009-11-13_22-11-15	453000.80965317372	14	107	3281.5	1987.0	531382.05236075528	2317484.671532847	137	136
89.0	88.0	74.0	127.0	139.0	130.0	24	0.050562097074964035	0.16809059895436451	DLR00012733-2009-11-13_22-11-15	74505.527050599179	14	107	3408.5	1994.0	182101.24803753916	1057866.5693430658	137	136
97.0	95.0	79.0	136.0	146.0	136.0	1	0.034844690713410412	0.19424350518521621	DLR00012733-2009-11-13_22-11-15	188382.51330120506	15	107	306.5	2118.0	205351.77482223001	1028755.6204379563	137	136
98.0	94.0	76.0	130.0	137.0	126.0	2	0.056582662901593049	0.15974547745850054	DLR00012733-2009-11-13_22-11-15	113154.58081544362	15	107	421.5	2130.0	142970.24459910646	867759.41605839424	137	136
99.0	96.0	77.0	143.0	158.0	150.0	3	0.035697160210986199	0.24194547171401526	DLR00012733-2009-11-13_22-11-15	210419.02185993781	15	107	556.5	2122.0	222383.54530996364	1001669.7810218978	137	136
102.0	98.0	78.0	138.0	148.0	137.0	4	0.060205658266290159	0.20225526701885593	DLR00012733-2009-11-13_22-11-15	263678.70937463973	15	107	692.5	2129.0	245225.56512990186	1269490.5109489053	137	136
102.0	98.0	78.0	133.0	141.0	127.0	5	0.052000639352123179	0.17100822901908572	DLR00012733-2009-11-13_22-11-15	176731.1828876095	15	107	830.5	2122.0	161646.3298919446	928512.70072992716	137	136
101.0	97.0	77.0	138.0	149.0	137.5	6	0.056742500932388515	0.20600821106756917	DLR00012733-2009-11-13_22-11-15	238620.8122407081	15	107	966.5	2133.0	233008.72775464298	1178107.4452554744	137	136
100.0	97.0	77.0	134.0	143.0	129.0	7	0.049709627577388248	0.17940825223638043	DLR00012733-2009-11-13_22-11-15	153271.54136623914	15	107	1103.5	2122.0	156052.27933641835	876366.13138686121	137	136
99.0	96.0	76.0	134.0	144.0	130.0	8	0.07230006926314668	0.18256113692541232	DLR00012733-2009-11-13_22-11-15	185437.80509380315	15	107	1232.5	2125.0	192946.56122473913	1083180.4379562044	137	136
98.0	95.0	75.0	132.0	141.0	127.0	9	0.065160637220949433	0.1691278375802836	DLR00012733-2009-11-13_22-11-15	140811.97200891707	15	107	1377.5	2122.0	162771.13593985891	942688.4671532847	137	136
97.0	95.0	75.0	140.0	155.0	144.0	10	0.083328893388033454	0.22702393180899075	DLR00012733-2009-11-13_22-11-15	274419.84299218009	15	107	1513.5	2122.0	296493.966904742	1405679.1240875912	137	136
96.0	94.0	74.0	131.0	139.0	125.0	11	0.051521125259736802	0.16376509128547664	DLR00012733-2009-11-13_22-11-15	59201.835066074491	15	107	1647.5	2123.0	106251.29717325365	631834.16058394162	137	136
96.0	94.0	75.0	135.0	147.0	134.0	12	0.079066545900154508	0.19543569531810534	DLR00012733-2009-11-13_22-11-15	215463.77095109317	15	107	1787.5	2122.0	245125.70021341112	1266705.98540146	137	136
96.0	94.0	74.0	131.0	141.0	128.0	13	0.068304118493260166	0.17156511498147847	DLR00012733-2009-11-13_22-11-15	125816.62209436628	15	107	1924.5	2122.0	167566.77220486428	960155.03649635043	137	136
95.0	93.0	74.0	133.0	144.0	131.0	14	0.068091001118866221	0.18360824888543067	DLR00012733-2009-11-13_22-11-15	137492.6498845194	15	107	2061.5	2132.0	189352.55915597538	1030780.7299270073	137	136
93.0	93.0	74.0	143.0	175.0	172.0	15	0.034897970057008898	0.30646705183043682	DLR00012733-2009-11-13_22-11-15	942948.27259325027	15	107	2196.5	2129.0	962995.19300149614	3319407.5912408759	137	136
95.0	93.0	73.0	133.0	145.0	132.0	16	0.05589003143481272	0.18640036793031425	DLR00012733-2009-11-13_22-11-15	122028.43649848495	15	107	2334.5	2122.0	177255.40694994916	981418.68613138678	137	136
97.0	94.0	74.0	133.0	144.0	132.0	17	0.060258937609888645	0.18378863170750481	DLR00012733-2009-11-13_22-11-15	160590.1037281304	15	107	2471.5	2124.0	199773.62652247571	1097609.3430656933	137	136
97.0	94.0	74.0	125.0	130.0	115.0	18	0.017688742074697641	0.12831802671746192	DLR00012733-2009-11-13_22-11-15	0.0	15	107	2592.5	2122.0	36662.621816824336	259973.43065693433	137	136
97.0	94.0	74.0	128.0	135.0	121.0	19	0.040492301134850021	0.14920823643904588	DLR00012733-2009-11-13_22-11-15	99846.008392552874	15	107	2742.5	2126.0	138666.61080214384	902945.69343065692	137	136
96.0	93.0	74.0	135.0	147.0	135.0	20	0.060898289733070488	0.19509452674618435	DLR00012733-2009-11-13_22-11-15	213316.97417499687	15	107	2866.5	2123.0	252522.30097992194	1306448.7591240876	137	136
95.0	92.0	74.0	145.0	169.0	165.0	21	0.040918535883637912	0.28611021158457284	DLR00012733-2009-11-13_22-11-15	618736.60184361401	15	107	3009.5	2121.0	651051.93360552914	2458229.7810218981	137	136
94.0	91.0	72.0	133.0	146.0	135.0	22	0.050295700356971604	0.19164352720574318	DLR00012733-2009-11-13_22-11-15	178753.04316610796	15	107	3142.5	2123.0	246847.13334224105	1327965.5474452558	137	136
91.0	87.0	70.0	131.0	145.0	135.0	23	0.044328413873941076	0.18780824553448094	DLR00012733-2009-11-13_22-11-15	124540.99615032617	15	107	3282.5	2125.0	230470.17921670424	1273034.4525547447	137	136
90.0	89.0	74.0	133.0	148.0	140.0	24	0.04011934572966061	0.20372980458778975	DLR00012733-2009-11-13_22-11-15	216096.30042661855	15	107	3407.5	2122.0	304090.12572822446	1593001.7518248179	137	136
100.0	99.0	86.0	129.0	134.0	122.0	1	0.0068730353242048058	0.14801212689171134	DLR00012733-2009-11-13_22-11-15	371972.81678448588	16	107	282.5	2258.0	327048.48728974478	2139781.3138686134	137	136
103.0	101.0	85.0	136.0	140.0	129.0	2	0.01070914806329586	0.1725748877870851	DLR00012733-2009-11-13_22-11-15	443380.36258847482	16	107	415.5	2269.0	394391.16240880411	2292423.9416058394	137	136
105.0	103.0	87.0	135.0	141.0	129.0	3	0.051521125259736802	0.17270431822136817	DLR00012733-2009-11-13_22-11-15	514177.85495217482	16	107	557.5	2275.0	460175.26193073508	2648843.2116788318	137	136
106.0	105.0	87.0	130.0	134.0	120.0	4	0.039213596888486336	0.14489843634713412	DLR00012733-2009-11-13_22-11-15	536409.24884032819	16	107	690.5	2272.0	485259.76406717638	3002731.0948905107	137	136
105.0	102.0	83.0	123.0	124.0	110.0	5	0.022750279716553891	0.10585137465136206	DLR00012733-2009-11-13_22-11-15	406402.31691368442	16	107	830.5	2258.0	362439.02744957624	2581002.0437956206	137	136
104.0	101.0	82.0	123.0	124.0	110.0	6	0.016676434546326391	0.10843175555860778	DLR00012733-2009-11-13_22-11-15	394139.1141246006	16	107	964.5	2260.0	358892.54077316	2591380.7299270076	137	136
104.0	100.0	81.0	122.0	123.0	109.0	7	0.011455058873674677	0.10444352696638963	DLR00012733-2009-11-13_22-11-15	325408.35767224897	16	107	1098.5	2261.0	286481.47233421175	2296980.4379562042	137	136
103.0	99.0	80.0	122.0	125.0	110.0	8	0.017635462731099154	0.10960428878088106	DLR00012733-2009-11-13_22-11-15	341179.45645475347	16	107	1236.5	2257.0	309813.96714205696	2305587.1532846717	137	136
102.0	98.0	79.0	124.0	129.0	117.0	9	0.022856838403750867	0.12774549301648155	DLR00012733-2009-11-13_22-11-15	366614.72244863753	16	107	1372.5	2254.0	345014.54643629899	2237492.8467153283	137	136
101.0	98.0	79.0	118.0	122.0	108.0	10	0.029516756353561723	0.097363119730252995	DLR00012733-2009-11-13_22-11-15	251055.91072828363	16	107	1510.5	2254.0	230280.64420836579	1831205.2554744524	137	136
100.0	97.0	78.0	123.0	129.0	116.0	11	0.026639671799243432	0.12751017855378241	DLR00012733-2009-11-13_22-11-15	280590.41828149569	16	107	1647.5	2250.0	263908.0360530052	1774502.189781022	137	136
100.0	98.0	79.0	123.0	128.0	115.0	12	0.032926634343864884	0.12350235288933693	DLR00012733-2009-11-13_22-11-15	335089.58851790207	16	107	1782.5	2258.0	312892.46148046624	2083837.6642335767	137	136
100.0	97.0	78.0	122.0	126.0	111.0	13	0.036816026426554425	0.11263175220765802	DLR00012733-2009-11-13_22-11-15	299516.78319911152	16	107	1919.5	2261.0	279541.96830451873	1979544.5255474455	137	136
99.0	98.0	79.0	124.0	128.0	114.0	14	0.026639671799243432	0.12104745308273461	DLR00012733-2009-11-13_22-11-15	349380.62771628326	16	107	2061.5	2258.0	330519.71970648493	2142565.8394160583	137	136
99.0	98.0	79.0	124.0	129.0	115.0	15	0.019180563695455271	0.12471802958970458	DLR00012733-2009-11-13_22-11-15	357247.53777897585	16	107	2197.5	2258.0	339472.73168095108	2223570.2189781019	137	136
101.0	99.0	81.0	126.0	129.0	114.0	16	0.020832223347008363	0.12501213526908572	DLR00012733-2009-11-13_22-11-15	353857.32316555554	16	107	2329.5	2264.0	326203.16448225529	2362290.2189781023	137	136
102.0	100.0	81.0	133.0	138.0	124.0	17	0.04065213916564548	0.16309840188022234	DLR00012733-2009-11-13_22-11-15	466110.60861450696	16	107	2465.5	2264.0	438403.96577235759	2595430.9489051094	137	136
101.0	100.0	82.0	137.0	142.0	128.0	18	0.011455058873674677	0.17541996380577382	DLR00012733-2009-11-13_22-11-15	472133.87459680752	16	107	2598.5	2261.0	438922.88026498078	2328116.4963503648	137	136
101.0	99.0	81.0	127.0	131.0	118.0	19	0.020992061377803826	0.13345527204528057	DLR00012733-2009-11-13_22-11-15	296864.9842506983	16	107	2734.5	2254.0	267744.8148382855	1795512.700729927	137	136
101.0	99.0	81.0	132.0	140.0	128.0	20	0.038467686078107514	0.16809059895436451	DLR00012733-2009-11-13_22-11-15	337213.47915181244	16	107	2866.5	2259.0	314439.0244370643	1814751.2408759126	137	136
100.0	98.0	80.0	142.0	150.0	141.0	21	0.045980073525494165	0.21327881462149073	DLR00012733-2009-11-13_22-11-15	421525.57149132114	16	107	3018.5	2258.0	408380.57582230383	1953977.5182481753	137	136
98.0	95.0	79.0	140.0	145.0	134.0	22	0.045447280089509295	0.19032193655776525	DLR00012733-2009-11-13_22-11-15	344803.82429225557	16	107	3155.5	2258.0	350256.03354553808	1800069.197080292	137	136
95.0	93.0	78.0	139.0	148.0	139.0	23	0.031701209441099686	0.20240821393981182	DLR00012733-2009-11-13_22-11-15	271088.64475222013	16	107	3280.5	2251.0	307885.06026305672	1543892.8467153285	137	136
94.0	93.0	79.0	136.0	146.0	137.0	24	0.04629974958708509	0.19526704082017335	DLR00012733-2009-11-13_22-11-15	307886.47040819214	16	107	3418.5	2256.0	325401.67694557528	1705395.3284671532	137	136
