x0_HIS3_C01	r_HIS3_C01	K_HIS3_C01	x0_RAD52_C01	r_RAD52_C01	K_RAD52_C01	x0_C01
2.58969950654	2.58969950654	0.103435902576	2.70716424745	2.70716424745	0.0917226080121	0.00350533106316
2.666326834	2.666326834	0.104972610533	2.28917756788	2.28917756788	0.101628569571	0.00280893208757
2.84710549673	2.84710549673	0.102450719555	2.67327125298	2.67327125298	0.1056849515	0.00263334646143
2.68079078613	2.68079078613	0.099772302486	2.47745338041	2.47745338041	0.100687967378	0.00251928218021
2.64048307838	2.64048307838	0.105487534892	2.45258448392	2.45258448392	0.124628234987	0.00246049674309
2.74202207254	2.74202207254	0.103527965269	2.67729645296	2.67729645296	0.10445030229	0.00346943464908
2.21819564594	2.21819564594	0.102246129996	3.20986919541	3.20986919541	0.101253881676	0.00267077824343
2.65253393671	2.65253393671	0.114367664386	2.50617349339	2.50617349339	0.108275071292	0.00233366126529
2.87331531642	2.87331531642	0.1079759152	2.84619385633	2.84619385633	0.107303887076	0.00232270164756
2.74182987177	2.74182987177	0.0997979292672	2.51644356102	2.51644356102	0.111826510157	0.00243159588464
2.36470498182	2.36470498182	0.115254069786	3.02835195277	3.02835195277	0.106845508408	0.00200253127956
2.45633905603	2.45633905603	0.0917295614633	2.61941869312	2.61941869312	0.11873981857	0.00252646979512
2.72751929427	2.72751929427	0.110788774888	2.91721052375	2.91721052375	0.10498633096	0.00422846668728
2.66189332702	2.66189332702	0.116698109566	2.59403583856	2.59403583856	0.107847454863	0.00375098377969
2.78591635269	2.78591635269	0.100779786916	2.66229081438	2.66229081438	0.115427683011	0.00150291713241
2.31727716754	2.31727716754	0.111570089987	2.66461136275	2.66461136275	0.10644411972	0.00310160579271
2.55398304161	2.55398304161	0.108131554686	2.7605742444	2.7605742444	0.111801937728	0.00134524739026
2.50213957655	2.50213957655	0.100667568965	2.50891763087	2.50891763087	0.104034801852	0.00224607697094
2.72502273796	2.72502273796	0.0872646160576	2.99507075431	2.99507075431	0.113640890841	0.00169532389824
2.54211478759	2.54211478759	0.10608345966	2.84591713868	2.84591713868	0.0998976327332	0.000244683667632
2.61515741606	2.61515741606	0.0989421221585	2.91194687268	2.91194687268	0.0993909883292	0.000625961026965
2.57159385937	2.57159385937	0.126181678202	3.0555847344	3.0555847344	0.115195374405	0.0140202178397
3.10402666363	3.10402666363	0.109437099393	2.55629975916	2.55629975916	0.125133925806	0.00112865504419
2.61928716522	2.61928716522	0.133069390573	2.58860624542	2.58860624542	0.117157562994	0.00215982130474
2.68629844107	2.68629844107	0.100978319902	2.73065928915	2.73065928915	0.111552147723	0.00261469433586
2.98152678961	2.98152678961	0.103938026457	2.90162170605	2.90162170605	0.0850628633774	0.00284876615057
2.6386878529	2.6386878529	0.136218357438	2.79357761947	2.79357761947	0.113169769517	0.00114713164572
2.58456261452	2.58456261452	0.111000568855	2.79774960514	2.79774960514	0.104987270089	0.0025806142348
2.84636190398	2.84636190398	0.10697946083	2.92034245996	2.92034245996	0.0994849740422	0.00330819511639
2.70320493676	2.70320493676	0.118151083515	2.61512705479	2.61512705479	0.0942949784256	0.000859314603326
2.64027462355	2.64027462355	0.113633572766	2.55258980684	2.55258980684	0.107288938648	0.00262910228787
2.47655721589	2.47655721589	0.0925648962389	2.48203755217	2.48203755217	0.101530355001	0.00404142572278
3.21161104688	3.21161104688	0.104800233049	2.75585621254	2.75585621254	0.0858928583417	0.00197234250954
2.78832608036	2.78832608036	0.0824206986118	2.56449247712	2.56449247712	0.115247243956	0.00209665047435
2.97001158595	2.97001158595	0.110275831206	2.27511283566	2.27511283566	0.108426201373	0.00388232431022
2.93340420157	2.93340420157	0.0985309190058	2.87548295663	2.87548295663	0.108066533706	0.00287452475053
3.63832789224	3.63832789224	0.0780071573759	2.75009656792	2.75009656792	0.109257765598	0.00225727222423
2.40472922507	2.40472922507	0.0939063730304	2.37958961929	2.37958961929	0.0952651554876	0.00285888054901
2.40219074572	2.40219074572	0.0932564561489	2.56807826878	2.56807826878	0.108844733148	0.00244069076006
2.58005964195	2.58005964195	0.100631439635	2.64752865158	2.64752865158	0.104749634459	0.0019313692202
2.62787458847	2.62787458847	0.114333628011	2.78038387315	2.78038387315	0.113424683022	0.00549342232406
2.46509154675	2.46509154675	0.103431169455	2.54454086895	2.54454086895	0.114321394461	0.00456005049613
2.73473762803	2.73473762803	0.139139631555	3.02595126769	3.02595126769	0.124310588188	0.00295665121134
2.58268787434	2.58268787434	0.104586445292	2.87123931268	2.87123931268	0.106833200744	0.00695880489351
2.55058445073	2.55058445073	0.106188932698	3.17281872623	3.17281872623	0.110329354679	0.00139626513992
2.67572718287	2.67572718287	0.0946812918253	2.99635538632	2.99635538632	0.104724421654	0.00133531948065
2.50718310136	2.50718310136	0.105336464395	2.28765021739	2.28765021739	0.117684498663	0.00235655500915
2.71939706966	2.71939706966	0.11183377621	2.83700316711	2.83700316711	0.0995510554065	0.00119662682471
3.01903238362	3.01903238362	0.101990578411	3.11839292487	3.11839292487	0.0992400482459	0.00193246346764
3.0049669135	3.0049669135	0.103439064913	3.01291098937	3.01291098937	0.107730506142	0.00180333032287
2.70745097594	2.70745097594	0.107228586067	2.83152694541	2.83152694541	0.114042474019	0.00330921617515
2.70180106374	2.70180106374	0.101653166978	2.68628270044	2.68628270044	0.11904443706	0.00156610070346
2.77133452457	2.77133452457	0.096427639704	2.83148175996	2.83148175996	0.0962528273824	0.00136563042153
3.17163337599	3.17163337599	0.0970355533498	2.92773949821	2.92773949821	0.106081286048	0.00158615752194
2.41183640532	2.41183640532	0.0989478772288	2.98022428913	2.98022428913	0.10777364374	0.000674064951086
2.75485903709	2.75485903709	0.09566121206	2.64492545707	2.64492545707	0.114376587313	6.76432922254e-05
2.63266592296	2.63266592296	0.105806462111	2.79538227808	2.79538227808	0.105025688894	0.00306123669251
2.5450369	2.5450369	0.100841476168	2.55854068627	2.55854068627	0.0747660347428	3.16405745877e-05
2.70512224954	2.70512224954	0.0975323603423	2.53400488789	2.53400488789	0.106143233833	0.00297185778943
2.46784301016	2.46784301016	0.10338214454	2.30304308629	2.30304308629	0.113006676465	0.00344325851791
2.35991830556	2.35991830556	0.106741984472	2.40397911781	2.40397911781	0.116687809896	0.00308065537168
2.66709750863	2.66709750863	0.0997489101892	2.54392604414	2.54392604414	0.106442734585	0.00121225402527
2.49058558928	2.49058558928	0.0736284986253	2.48937526361	2.48937526361	0.103079108501	0.00160145451396
2.56133919848	2.56133919848	0.168083497143	2.67902863933	2.67902863933	0.112982423924	0.000769097857622
2.89869177203	2.89869177203	0.102631544071	2.96807752027	2.96807752027	0.108037400433	0.0024285694627
2.89761864311	2.89761864311	0.099875531182	3.0813891781	3.0813891781	0.0836940313015	0.00252948281569
2.56898763686	2.56898763686	0.10142888576	3.18527242088	3.18527242088	0.112617749174	0.00208995595014
2.6397774286	2.6397774286	0.100110773588	2.60600409212	2.60600409212	0.111664900185	0.00176888878075
2.55512645371	2.55512645371	0.106832380008	2.69780484589	2.69780484589	0.110592476201	0.00296026481032
2.87963480257	2.87963480257	0.104183647696	2.67117305015	2.67117305015	0.106915417563	0.00212274086419
2.53618319073	2.53618319073	0.103805461646	2.51401862291	2.51401862291	0.103958702776	0.00253025038698
2.52913120483	2.52913120483	0.098139642401	2.98210141707	2.98210141707	0.103596242993	0.00292635753409
2.61301328395	2.61301328395	0.0735921922762	2.60345526695	2.60345526695	0.106608772252	0.0025180144952
2.76095756677	2.76095756677	0.0976549634822	2.40369705146	2.40369705146	0.10661012007	0.00251310518294
2.52020120386	2.52020120386	0.108368375982	2.45332072642	2.45332072642	0.0978232682311	0.00231092380019
2.70946205304	2.70946205304	0.100924513224	3.06728833135	3.06728833135	0.101703851159	0.00713849795585
2.36574228072	2.36574228072	0.0661191731336	2.65070122898	2.65070122898	0.118989420414	0.00748786228289
2.48774043966	2.48774043966	0.0981029521478	3.04352828501	3.04352828501	0.120362376364	0.00152895400192
2.76139198414	2.76139198414	0.0994365836356	2.94649559403	2.94649559403	0.101551910714	0.00143150191776
2.19687282586	2.19687282586	0.101499443813	2.6293721805	2.6293721805	0.102218979139	0.00278818535201
2.41271948295	2.41271948295	0.125793026996	2.91533668478	2.91533668478	0.111474497893	0.000254047763305
2.99632653254	2.99632653254	0.106859942804	2.78660683785	2.78660683785	0.106885977095	0.00204973287849
2.59356519637	2.59356519637	0.11155224381	2.89588111448	2.89588111448	0.110906621509	0.00345024521024
2.49437676938	2.49437676938	0.133295731562	2.77886263132	2.77886263132	0.11071262151	0.00389539783354
2.90666576643	2.90666576643	0.103082274303	2.77134406049	2.77134406049	0.105068294179	0.00117176593739
3.00511016178	3.00511016178	0.0865882505209	2.82530331191	2.82530331191	0.106370155753	0.0034606537859
2.66147738763	2.66147738763	0.105038228974	2.704504224	2.704504224	0.105652343849	0.00516280293288
2.66942084668	2.66942084668	0.112043980044	2.57602452902	2.57602452902	0.104158801274	0.00266745286584
2.63011310385	2.63011310385	0.104083739874	2.61512090888	2.61512090888	0.0846440764955	0.00161935395378
2.78634856035	2.78634856035	0.108002263144	2.79695717686	2.79695717686	0.0978211382651	0.00130216736979
2.66695756056	2.66695756056	0.0940759302935	2.69954155775	2.69954155775	0.105211488397	0.00220306955166
2.38820866662	2.38820866662	0.111763258283	2.36477694257	2.36477694257	0.0907233938039	0.00311657080732
2.51217586119	2.51217586119	0.103840941648	2.23266637216	2.23266637216	0.115726912457	0.00521309783908
2.61579176112	2.61579176112	0.109621735424	2.36504440486	2.36504440486	0.108007351891	0.00133522668991
2.49015895594	2.49015895594	0.107808203522	2.61864675807	2.61864675807	0.109380833278	0.00251642050541
2.41447108791	2.41447108791	0.109258165538	2.85013599474	2.85013599474	0.113405371543	0.00312740750542
2.8664345328	2.8664345328	0.112955906888	2.82387453712	2.82387453712	0.10809392871	0.00207708276227
2.74361132327	2.74361132327	0.0979284604064	2.8082812719	2.8082812719	0.144711609282	0.00148211402128
2.63199580474	2.63199580474	0.101873274862	2.68289753322	2.68289753322	0.103318909646	0.00392052159853
2.56152174863	2.56152174863	0.10457757326	2.63051333268	2.63051333268	0.0976245705871	0.00335260839834
2.73119311971	2.73119311971	0.0985189738756	2.55410286976	2.55410286976	0.107538811183	0.0029954249402
2.50625274096	2.50625274096	0.108314382742	2.60793377637	2.60793377637	0.111053801491	0.0089559339477
2.8294648171	2.8294648171	0.0965474891316	2.72972057265	2.72972057265	0.105547494042	0.00408767230844
2.88704231471	2.88704231471	0.0865084711419	2.88467170147	2.88467170147	0.115940481719	0.003057451826
2.76024965949	2.76024965949	0.108933595723	2.98527081499	2.98527081499	0.100165086649	0.00128398030801
2.74652184732	2.74652184732	0.100062090949	2.66838194928	2.66838194928	0.0951236760084	0.00378187204561
2.62294983601	2.62294983601	0.119018940867	3.34268110615	3.34268110615	0.106784707031	0.0017574653419
2.54584126619	2.54584126619	0.0979419397004	2.79321136872	2.79321136872	0.112298421348	0.00215349366263
2.72541834347	2.72541834347	0.131035958795	2.88790125535	2.88790125535	0.119082490416	0.00260497528606
2.52638815213	2.52638815213	0.111251043869	2.75256488415	2.75256488415	0.102068096712	0.00284395753895
2.29348572693	2.29348572693	0.101749539708	2.53073802761	2.53073802761	0.118780569659	0.00234284755977
2.53374292566	2.53374292566	0.103303672963	2.75557269553	2.75557269553	0.106427948546	0.00257532820549
2.51754664826	2.51754664826	0.0934056768167	2.52126660166	2.52126660166	0.0984147134082	0.0025598754333
2.39658860704	2.39658860704	0.107804462078	2.51813543792	2.51813543792	0.11231725898	0.00257058198985
2.74777643255	2.74777643255	0.110045101395	2.78152499098	2.78152499098	0.0998403190096	0.00246041369498
2.85132376191	2.85132376191	0.0970775752676	2.86227274728	2.86227274728	0.104591139946	0.000945045377964
2.88502198564	2.88502198564	0.11876083854	2.86589893429	2.86589893429	0.0823176473787	0.00199009076067
2.64560712659	2.64560712659	0.091475794287	2.86729992158	2.86729992158	0.0936802420531	0.00247982004258
2.86906502246	2.86906502246	0.101108073461	2.87193792774	2.87193792774	0.102115214922	0.001579450732
2.86025003521	2.86025003521	0.10374178066	2.85970903966	2.85970903966	0.108067037506	0.00328700607443
2.84450546954	2.84450546954	0.102970053724	2.89502651492	2.89502651492	0.0975041795362	0.00168003561139
2.73369268558	2.73369268558	0.135078993355	2.75885163821	2.75885163821	0.129452514217	0.00178216450667
2.78765239495	2.78765239495	0.0981932204838	2.76309161601	2.76309161601	0.107055478154	0.00126260920333
2.68050023007	2.68050023007	0.109894683091	2.84997954567	2.84997954567	0.103240577797	0.00171805071995
2.73594795661	2.73594795661	0.104411987602	3.03941114899	3.03941114899	0.110718759696	0.00208369161047
2.82665899865	2.82665899865	0.115133574017	2.74542692744	2.74542692744	0.109908555537	0.00202788495085
2.70544421544	2.70544421544	0.0748429674382	2.98560048706	2.98560048706	0.0975701390397	0.00236187551173
2.534706376	2.534706376	0.0883867473355	2.52419956324	2.52419956324	0.12372496356	0.00137166956079
2.62905067954	2.62905067954	0.092796308222	2.31636674687	2.31636674687	0.0700200629445	0.00275837020107
2.64328328949	2.64328328949	0.106420270205	2.58848583681	2.58848583681	0.104896532184	0.00341550241516
2.77376368999	2.77376368999	0.106296035491	2.63516976826	2.63516976826	0.108853311052	0.00231237962717
2.65375650969	2.65375650969	0.0999324253918	2.95396617648	2.95396617648	0.111790070882	0.00284410698926
2.70200946662	2.70200946662	0.0986533113505	2.89177433165	2.89177433165	0.104219746862	0.00275406777931
2.83726173854	2.83726173854	0.0966820753608	2.90295880062	2.90295880062	0.102552954391	0.00241096895865
2.7211675493	2.7211675493	0.0900134379661	2.65343681014	2.65343681014	0.105987216099	0.00186630851315
2.79727704331	2.79727704331	0.108917102973	3.03913757633	3.03913757633	0.10564214301	0.00213439005558
2.4122584904	2.4122584904	0.1040481434	2.48815266259	2.48815266259	0.0981440218297	0.0030848347415
2.81806584259	2.81806584259	0.102604209881	2.64987970808	2.64987970808	0.110307192319	0.00109407346993
2.60388513928	2.60388513928	0.111510121002	2.35082248654	2.35082248654	0.108763871211	0.00317973232219
2.71359101596	2.71359101596	0.0961527612751	2.68609772517	2.68609772517	0.116567342112	0.00169350122705
2.50793016005	2.50793016005	0.103626059848	2.50667022998	2.50667022998	0.108164561141	0.00169154592836
2.66476157589	2.66476157589	0.0892019219835	2.75486064631	2.75486064631	0.152273295188	0.00128728564575
2.57956737662	2.57956737662	0.104253399285	2.62488222808	2.62488222808	0.0948056265776	0.00164436114698
2.35789277017	2.35789277017	0.110869673641	2.8693175757	2.8693175757	0.105736812917	0.00301875586702
2.89230603383	2.89230603383	0.0960170599671	2.77205014684	2.77205014684	0.111329336766	0.00139167914307
2.92514220126	2.92514220126	0.127440408608	3.08150901528	3.08150901528	0.105473449914	0.00245438543451
2.69391313206	2.69391313206	0.107932249783	2.79469914443	2.79469914443	0.11081317222	0.00268412305134
2.69713627358	2.69713627358	0.106947048694	3.12796520226	3.12796520226	0.109988053868	0.00611360372431
2.74476580768	2.74476580768	0.10326518364	2.77047673899	2.77047673899	0.10430318314	0.000788392069035
2.61243264375	2.61243264375	0.101451923082	2.89130573748	2.89130573748	0.109418942005	0.00159813171078
2.16342779823	2.16342779823	0.120312422057	2.60000090537	2.60000090537	0.124709615745	0.00172000503569
2.62903986969	2.62903986969	0.0965038733646	2.53509244452	2.53509244452	0.0945772996824	0.000476305565763
2.71342022683	2.71342022683	0.102076554342	2.72351963284	2.72351963284	0.107871062842	0.00340974465292
2.6902660303	2.6902660303	0.0946351722504	2.66507170078	2.66507170078	0.121461703952	0.00266914707345
2.7335354444	2.7335354444	0.081805319998	2.83484475589	2.83484475589	0.107748603724	0.000398775285943
2.36953918396	2.36953918396	0.0968642092354	2.72845774437	2.72845774437	0.110703649066	0.00207511398421
3.06733553924	3.06733553924	0.101924579896	2.74757819736	2.74757819736	0.096307950835	0.00247660440017
2.78037975994	2.78037975994	0.108178606951	3.05906893449	3.05906893449	0.102186821217	0.00205847219368
2.39404087835	2.39404087835	0.110722158461	2.87305076373	2.87305076373	0.101400802381	0.00330974997803
2.64223860096	2.64223860096	0.0973880355279	2.87324426988	2.87324426988	0.110492482389	0.000361001600807
2.73458387688	2.73458387688	0.103217109279	2.86006995283	2.86006995283	0.108906457483	0.00358092674547
2.77148624911	2.77148624911	0.102922961434	2.75124935095	2.75124935095	0.115285530674	0.00126745135021
2.70337692059	2.70337692059	0.102327543304	2.71512859713	2.71512859713	0.106294678576	0.00321189952509
2.86401661549	2.86401661549	0.105013805041	2.74718189392	2.74718189392	0.101033435379	0.00291414390349
2.70059264207	2.70059264207	0.111512104496	2.87897291531	2.87897291531	0.105586478298	0.00378804361804
2.86165095139	2.86165095139	0.102081567597	2.88645888842	2.88645888842	0.104646776231	0.000625052433674
2.79992347327	2.79992347327	0.0975339727994	2.61586304028	2.61586304028	0.122824470503	0.00231301686852
2.30736223417	2.30736223417	0.104263463323	2.88758980521	2.88758980521	0.105910926289	0.000758154380936
2.86965222567	2.86965222567	0.108455889773	2.84540633886	2.84540633886	0.10981174214	0.00258246721363
2.78651183243	2.78651183243	0.0929456520041	2.90239783252	2.90239783252	0.106062036764	0.00240315859468
2.90034664334	2.90034664334	0.108465050626	2.77276681997	2.77276681997	0.104652248813	0.00169728606632
2.77966803262	2.77966803262	0.101132315534	2.76380068401	2.76380068401	0.101899780284	0.00161613416305
3.05171568282	3.05171568282	0.0990191008558	3.25661620848	3.25661620848	0.112356287918	0.00175544969484
2.79108907245	2.79108907245	0.0834527781572	2.87163063316	2.87163063316	0.108706432954	0.00302403103967
2.43892982486	2.43892982486	0.112444441293	3.06480323286	3.06480323286	0.105618292978	0.00258451604545
2.647115556	2.647115556	0.102399577296	2.69426851071	2.69426851071	0.102987628635	0.000943390035802
2.6377726444	2.6377726444	0.096403738168	2.71548591158	2.71548591158	0.1039766719	0.00597552691425
2.63364610001	2.63364610001	0.10542994118	2.6347917121	2.6347917121	0.108458438015	0.00108244125209
2.64022786592	2.64022786592	0.109314234583	2.63399491165	2.63399491165	0.107001116588	0.00457806047174
2.64129175077	2.64129175077	0.114448761172	2.74211791045	2.74211791045	0.110633840903	0.00200871047851
2.51309689526	2.51309689526	0.0877395987188	2.72750663727	2.72750663727	0.0960127710828	0.00177724771071
2.71910707474	2.71910707474	0.10934183314	2.87742665701	2.87742665701	0.110949341579	0.00346604612605
2.88380286792	2.88380286792	0.119218379825	2.96248304498	2.96248304498	0.109577928156	0.00110908217648
2.79320554714	2.79320554714	0.106506542449	3.03833217252	3.03833217252	0.103498838632	0.00566241163081
2.60657757775	2.60657757775	0.163755391849	2.64989705995	2.64989705995	0.113889348775	0.000462734999381
2.61297217888	2.61297217888	0.103255641332	2.66174278375	2.66174278375	0.109246432764	0.00678871416075
2.63133172201	2.63133172201	0.103062555415	2.63802121893	2.63802121893	0.126428969862	0.00102010823159
2.64649931419	2.64649931419	0.097374979678	2.89922162253	2.89922162253	0.139075706962	0.000702178348399
2.75720330244	2.75720330244	0.104788275957	3.022877382	3.022877382	0.110298960485	0.000774577676599
2.90024950842	2.90024950842	0.10076080029	2.75911929794	2.75911929794	0.105772792199	0.0029390604714
2.85128741847	2.85128741847	0.0898621949296	2.75007441789	2.75007441789	0.107755316581	0.00154447358663
2.67292641099	2.67292641099	0.102476886819	2.60472583516	2.60472583516	0.110804446238	0.00262178138474
2.91606389493	2.91606389493	0.107689071803	2.2647727994	2.2647727994	0.107856088548	0.00217167241793
2.54511598185	2.54511598185	0.105443308135	2.41812387463	2.41812387463	0.0994222462091	0.0051732597755
2.48229480106	2.48229480106	0.104386309748	2.42351474632	2.42351474632	0.10082552702	0.00189608376974
2.72923127525	2.72923127525	0.10543184402	2.54244727136	2.54244727136	0.112462602671	0.00192822680739
2.77222959606	2.77222959606	0.106582741737	2.77038674021	2.77038674021	0.113008899038	0.00114843111809
2.96734005217	2.96734005217	0.118376601106	2.8030651821	2.8030651821	0.107794228008	0.00114828698169
2.78664601081	2.78664601081	0.0984170253092	2.72186590097	2.72186590097	0.104928789445	0.00275633801849
3.00206452732	3.00206452732	0.105154867584	2.85461321607	2.85461321607	0.103251836008	0.00142880021297
2.77887727112	2.77887727112	0.111417102482	2.747969363	2.747969363	0.0761879232739	0.0032716887668
2.75053772385	2.75053772385	0.11742192609	2.72363450795	2.72363450795	0.0995426086732	0.00248343041593
2.87278068955	2.87278068955	0.111881019662	2.91732609233	2.91732609233	0.105418876796	0.000548085290289
2.8377052356	2.8377052356	0.108294217548	2.84329189858	2.84329189858	0.107076530579	0.00339193383968
2.32436297747	2.32436297747	0.107958622998	2.50524840719	2.50524840719	0.111131496953	0.00470194147076
2.66351666795	2.66351666795	0.106572380262	2.81296599129	2.81296599129	0.102797171001	0.0029591844108
2.79228175056	2.79228175056	0.102143177469	2.86276499666	2.86276499666	0.110281274564	0.00283363674408
2.79323128801	2.79323128801	0.109330600355	3.1402653115	3.1402653115	0.115653851569	0.00379837184999
2.74460223129	2.74460223129	0.116827414521	2.76272554051	2.76272554051	0.106866897172	0.00208131363038
2.75385889431	2.75385889431	0.104959355014	2.69200681906	2.69200681906	0.0888682039007	0.015939685331
2.76482424874	2.76482424874	0.113813475316	2.74769898451	2.74769898451	0.103988347408	0.00378198133471
2.54315426574	2.54315426574	0.102298746764	2.84172921247	2.84172921247	0.111534993708	0.00244040581705
2.76857376048	2.76857376048	0.10127462137	2.53249821554	2.53249821554	0.107968364217	0.0021939876195
2.90522819617	2.90522819617	0.0906160148533	3.0061313039	3.0061313039	0.103988882196	0.00196544284975
2.75664476515	2.75664476515	0.0899632386089	2.75736667715	2.75736667715	0.110906830546	0.000877443613587
2.48060603651	2.48060603651	0.109844038505	2.80729662618	2.80729662618	0.107471534159	0.00225034271508
2.36854415393	2.36854415393	0.118112268698	2.84026978386	2.84026978386	0.0984608524043	0.000281181067344
2.78796889667	2.78796889667	0.102339740213	2.79477997926	2.79477997926	0.101325604816	0.000438871857709
2.86118531366	2.86118531366	0.101601309564	2.88512419356	2.88512419356	0.104940444679	0.00193041396828
2.82048684727	2.82048684727	0.0985671875146	2.88057760984	2.88057760984	0.103952367115	0.00399028443302
2.77649159896	2.77649159896	0.104196590217	2.64352816554	2.64352816554	0.109844885826	0.00284657227837
2.73497515865	2.73497515865	0.113934114006	2.66895918561	2.66895918561	0.109082993989	0.00222555300845
2.83191389022	2.83191389022	0.0925269327393	2.80422819989	2.80422819989	0.100225668632	0.000150250397163
2.76339658185	2.76339658185	0.102926584493	2.56174280039	2.56174280039	0.116024075216	0.00180464846378
2.97956847954	2.97956847954	0.100726607778	2.83620035796	2.83620035796	0.0986769068717	0.00252608446171
3.00047542448	3.00047542448	0.102576931952	2.76412767822	2.76412767822	0.118224148155	0.00179856729037
2.47398652977	2.47398652977	0.0986105375445	2.83306968802	2.83306968802	0.117959707539	0.00241926671861
2.53520539695	2.53520539695	0.107007712318	2.8634090917	2.8634090917	0.101878671319	0.00417680163348
2.7328416541	2.7328416541	0.103532320532	2.5405400214	2.5405400214	0.109455688789	0.00313766301342
2.64288434309	2.64288434309	0.0983092691572	2.62173167161	2.62173167161	0.101085927311	0.00353415315567
2.55614678945	2.55614678945	0.103401076514	2.57414715046	2.57414715046	0.101151096599	0.00497050289207
2.51309388166	2.51309388166	0.104955970474	2.99368230734	2.99368230734	0.0832728085707	0.00682952986133
2.47671720793	2.47671720793	0.100338804505	2.56707047973	2.56707047973	0.105164711279	0.002787098902
2.60887508996	2.60887508996	0.110340452531	3.11039485198	3.11039485198	0.104852223057	0.00222266933182
2.79041294836	2.79041294836	0.105133244965	2.60036814797	2.60036814797	0.116442176075	0.0020278246262
2.49106875698	2.49106875698	0.107675911334	2.77718465771	2.77718465771	0.10650901167	0.0027815011165
2.8920739874	2.8920739874	0.0945613317614	2.86278014364	2.86278014364	0.102738517318	0.0005375488956
2.71370710092	2.71370710092	0.1036175346	2.76786572376	2.76786572376	0.105062997953	0.00304370110329
2.78217177815	2.78217177815	0.0805107118143	2.71326191264	2.71326191264	0.137491362554	0.0020945420251
2.76064414301	2.76064414301	0.101567675084	2.74404797195	2.74404797195	0.104453669775	0.00203420120372
2.73177739953	2.73177739953	0.103930296446	2.68635862806	2.68635862806	0.103413612461	0.00328337032128
2.23409729007	2.23409729007	0.10403560542	2.52048448887	2.52048448887	0.101854239461	0.00413397746817
2.78524558815	2.78524558815	0.126411532509	2.86773323807	2.86773323807	0.103266720094	0.00547342414122
2.65368812533	2.65368812533	0.10002105582	2.56572573701	2.56572573701	0.107220464506	0.00176709121193
2.67872585203	2.67872585203	0.103152099704	2.84735781331	2.84735781331	0.0981592436917	0.000350018645061
2.82051837661	2.82051837661	0.102440226078	2.68084503206	2.68084503206	0.0932938654846	0.000755884874739
2.45444426281	2.45444426281	0.138091135293	2.59236549595	2.59236549595	0.089757979893	0.000826667743916
2.07174221598	2.07174221598	0.115911083234	2.81906461489	2.81906461489	0.106663747653	0.0030181044435
2.5044972381	2.5044972381	0.100985683579	2.66473505507	2.66473505507	0.08733537001	0.00452186185591
2.38223761721	2.38223761721	0.0966369630502	2.72595591569	2.72595591569	0.104217172244	0.0026167330228
2.64727487759	2.64727487759	0.0858576138302	2.58032007995	2.58032007995	0.0830946987025	0.00217611316161
2.47076364959	2.47076364959	0.087021439293	3.11437935848	3.11437935848	0.0969499615443	0.00177774484519
2.8989665047	2.8989665047	0.10344873862	2.6926655056	2.6926655056	0.117477669678	0.00231364295385
2.76984408263	2.76984408263	0.129700862539	2.77960902638	2.77960902638	0.107503817197	0.00103157891508
2.77995540634	2.77995540634	0.0999756099895	2.81797365765	2.81797365765	0.107178526396	0.00263017187467
2.81651465761	2.81651465761	0.096927431966	2.81879754968	2.81879754968	0.111875939372	6.88778179945e-05
2.82203301532	2.82203301532	0.0920356142768	2.82155796839	2.82155796839	0.117658719358	0.00323496465156
2.82863130832	2.82863130832	0.112094965265	2.82951110728	2.82951110728	0.106555581258	0.00238177197004
2.82704336867	2.82704336867	0.105883391126	2.82889830955	2.82889830955	0.102133304731	0.00153113957718
2.83298291727	2.83298291727	0.103142760291	2.84378547158	2.84378547158	0.107213360124	0.000327519841368
2.79939388515	2.79939388515	0.118666309739	2.76054965397	2.76054965397	0.111432779518	0.00431186405272
2.82198864611	2.82198864611	0.101333919131	2.8413368043	2.8413368043	0.112486627563	0.00207763384174
2.74419802087	2.74419802087	0.0976685130186	2.71323774131	2.71323774131	0.101477950949	0.00301338387005
2.74841474543	2.74841474543	0.10145911012	2.82585234465	2.82585234465	0.117328595894	0.000303182037257
2.81169324203	2.81169324203	0.116043491337	2.80994916173	2.80994916173	0.109299356146	0.00263417237953
2.73117884386	2.73117884386	0.114948882029	2.75115272486	2.75115272486	0.096183348272	0.00123646196269
2.53992642861	2.53992642861	0.105949962224	2.38815855292	2.38815855292	0.110897304704	0.000888280770549
2.89806430321	2.89806430321	0.10251466521	2.67668412631	2.67668412631	0.103526877304	0.000784086631905
2.54949462401	2.54949462401	0.107665782892	2.91016605416	2.91016605416	0.106550188392	0.00078869412478
2.9266847401	2.9266847401	0.104098303235	2.82687762105	2.82687762105	0.117442929841	0.00136199226073
3.20359717021	3.20359717021	0.102402886878	3.02930226694	3.02930226694	0.106638521347	0.00152563888334
2.63984317841	2.63984317841	0.0982861836012	2.67629735547	2.67629735547	0.0719201037133	0.00157158261946
2.57954501105	2.57954501105	0.10217998898	2.64881252989	2.64881252989	0.106063079375	0.000174923955466
2.76916012273	2.76916012273	0.102560418529	2.60039128204	2.60039128204	0.111597491878	0.000662473632177
2.44168387643	2.44168387643	0.10912983147	2.70293390139	2.70293390139	0.0960676999242	0.00401728030727
2.59266245462	2.59266245462	0.111930641699	2.55865194051	2.55865194051	0.144172464071	0.00203765885511
2.60406916197	2.60406916197	0.106673593295	2.87804539492	2.87804539492	0.105355266876	0.00176987266387
2.55307367991	2.55307367991	0.0873160562203	2.66683548479	2.66683548479	0.0938840433615	0.00433660590148
2.59376610987	2.59376610987	0.0915107925292	2.59056986388	2.59056986388	0.102435766842	0.00248221675916
2.51969167813	2.51969167813	0.100536333038	2.45816637289	2.45816637289	0.122345701601	0.00470460560683
2.72549808167	2.72549808167	0.101215991346	2.80175627983	2.80175627983	0.111182581099	0.000225757041102
2.95114227534	2.95114227534	0.102696784441	2.89844286421	2.89844286421	0.12641057009	0.000943716345762
2.77370349263	2.77370349263	0.097301004979	2.61094145538	2.61094145538	0.100350601241	0.000259552943651
2.74353423875	2.74353423875	0.114185375445	2.79360565598	2.79360565598	0.124085797045	0.00121749045531
2.73362704613	2.73362704613	0.107053598756	2.77546525588	2.77546525588	0.106879628724	0.00438523362067
2.88482985126	2.88482985126	0.0931969825427	2.45427294586	2.45427294586	0.0948289172958	0.00141079740832
2.48846374332	2.48846374332	0.107260195594	2.51223675867	2.51223675867	0.106099462035	0.00247698536041
2.56409539275	2.56409539275	0.10546651777	2.84695525825	2.84695525825	0.104687653808	0.00255783959143
2.59751972238	2.59751972238	0.120390430571	2.80722434918	2.80722434918	0.108471521264	0.00282478415795
2.61828733624	2.61828733624	0.117234708438	2.60012040574	2.60012040574	0.107960346924	0.00455676599272
2.83770701293	2.83770701293	0.102086122213	2.74235126996	2.74235126996	0.105406822638	0.000780723031607
2.49782807883	2.49782807883	0.102030943266	2.53989548054	2.53989548054	0.111753464926	0.00229333734067
2.73680607069	2.73680607069	0.107778772406	2.88437829196	2.88437829196	0.117879748532	0.00204500034828
2.62219466014	2.62219466014	0.104172153252	2.64216103606	2.64216103606	0.107116935924	0.00515358900068
2.48356587083	2.48356587083	0.1064999691	2.67064393832	2.67064393832	0.104945028615	0.000199133064036
2.72961777738	2.72961777738	0.125922325798	2.86138999118	2.86138999118	0.11624572085	0.00260049367771
2.6289590211	2.6289590211	0.102901923846	2.60920977945	2.60920977945	0.105516212465	0.00297386426092
2.74689918711	2.74689918711	0.111918361107	2.71730879327	2.71730879327	0.108731962746	0.00124626863536
2.80789347987	2.80789347987	0.117716760923	2.85073095203	2.85073095203	0.098710444065	0.00184746470141
2.52965752667	2.52965752667	0.103759010285	2.51697174104	2.51697174104	0.139302055721	0.00438207600728
2.73269574701	2.73269574701	0.105623477175	2.78109178562	2.78109178562	0.102271275312	0.00280482584364
2.65106676432	2.65106676432	0.0967129223199	3.08426699079	3.08426699079	0.100946325675	0.00193477966768
2.86987360022	2.86987360022	0.103845230218	2.91838894023	2.91838894023	0.0923720265052	0.00343102585314
2.89208660735	2.89208660735	0.102466050419	2.7004243175	2.7004243175	0.1206192084	0.00192967094437
3.01905903731	3.01905903731	0.0914205911698	2.94590747171	2.94590747171	0.0722463722076	0.00299712950302
2.78692448893	2.78692448893	0.1037486872	2.49081715112	2.49081715112	0.104863594198	0.00211972929343
2.62001522094	2.62001522094	0.104792285147	2.68849775872	2.68849775872	0.0964632560342	0.00138228727923
2.91495696277	2.91495696277	0.0984627323235	2.55161434146	2.55161434146	0.127070612215	0.00269958602401
2.82782636863	2.82782636863	0.105501090793	3.06568145402	3.06568145402	0.104472451212	0.000870092607282
2.8029609923	2.8029609923	0.106652163067	2.76845360895	2.76845360895	0.107038195712	0.001901279068
2.60928734677	2.60928734677	0.102807386906	2.62414349472	2.62414349472	0.106432046466	0.00569211007873
2.78707040525	2.78707040525	0.0896116765262	2.74867776457	2.74867776457	0.110981399552	0.000232598642227
2.82897371286	2.82897371286	0.0858740833364	2.59285000682	2.59285000682	0.103415628384	0.0024111391127
2.50333656148	2.50333656148	0.102715094212	2.59395320563	2.59395320563	0.107480043336	0.00270161052613
2.70102071389	2.70102071389	0.112078344479	2.79674935672	2.79674935672	0.1069756119	0.000904569985763
2.86456537084	2.86456537084	0.07868279876	2.675839063	2.675839063	0.0988928306652	0.00111006030505
2.46635688277	2.46635688277	0.0978153034439	2.7866890825	2.7866890825	0.10838907355	0.0031364687282
2.25127778117	2.25127778117	0.100926477399	2.7796766945	2.7796766945	0.107228424221	0.00208380961197
2.52710942168	2.52710942168	0.104352829856	2.59716828712	2.59716828712	0.105378719451	0.00136164240225
2.72564121253	2.72564121253	0.10765492653	2.71901012493	2.71901012493	0.104062999385	0.00160282325045
3.24075423144	3.24075423144	0.112762079164	2.55171334003	2.55171334003	0.100797310765	0.00231671318094
2.21867138015	2.21867138015	0.105540380428	2.97355807179	2.97355807179	0.0851290230951	0.00216024993404
2.6915830337	2.6915830337	0.105613546248	2.70064378141	2.70064378141	0.100758818828	0.00694099016999
2.75671602896	2.75671602896	0.106275813063	2.5961316347	2.5961316347	0.108825179896	0.00228331854808
2.49291526011	2.49291526011	0.117086137963	2.53960695055	2.53960695055	0.106189853306	0.00452408287302
2.61450350406	2.61450350406	0.115977773339	3.41408412973	3.41408412973	0.106304001823	0.00256774006081
2.6919074801	2.6919074801	0.102996704276	2.8680919815	2.8680919815	0.0978489657517	0.00256917009988
2.6361359618	2.6361359618	0.131042531972	2.7377628763	2.7377628763	0.0990423810436	0.000676558758817
2.84561977337	2.84561977337	0.101370672553	2.83881525445	2.83881525445	0.100006837297	0.00233525317182
3.02079979827	3.02079979827	0.102326063692	2.74622584799	2.74622584799	0.0710449183905	0.00105665471365
2.84278342259	2.84278342259	0.115365580154	2.7240769481	2.7240769481	0.108256524668	0.000748141317947
2.48282943248	2.48282943248	0.102511491517	2.58682038968	2.58682038968	0.109010318239	0.00426799568918
2.9738882935	2.9738882935	0.110694900004	2.69089685283	2.69089685283	0.101311229874	0.00125855235024
2.91015696405	2.91015696405	0.0915620841021	2.57941105747	2.57941105747	0.112841376682	0.00137207775168
2.61723841557	2.61723841557	0.119270896574	2.89483551321	2.89483551321	0.0559879075762	0.00390978529074
2.74726368615	2.74726368615	0.103408464639	2.59540255918	2.59540255918	0.0961854359297	0.00186400497459
2.46978808526	2.46978808526	0.106059111899	2.76356885977	2.76356885977	0.10898338188	0.00325408913563
2.4592141099	2.4592141099	0.106910851394	2.74371153584	2.74371153584	0.101923112316	0.00318503340223
2.71341164783	2.71341164783	0.100391002677	2.96407970071	2.96407970071	0.106633461524	0.00437925574834
2.531786659	2.531786659	0.106512102246	2.73448718236	2.73448718236	0.117725234965	0.00440320144669
2.62018655199	2.62018655199	0.107175495622	2.75185486482	2.75185486482	0.105282884052	0.00354106561763
2.69933968905	2.69933968905	0.100502544786	2.82843606169	2.82843606169	0.108092651277	0.00173936483239
2.44089593828	2.44089593828	0.102483050464	2.48002010207	2.48002010207	0.104026379902	0.00125629557156
2.61834700752	2.61834700752	0.0882569265793	2.43678225631	2.43678225631	0.104405617993	0.00349242023587
2.75637225767	2.75637225767	0.10432437341	2.7534738191	2.7534738191	0.108164275377	0.001825302668
2.61217472527	2.61217472527	0.0967824002147	2.47469690357	2.47469690357	0.119558891351	0.00162797396957
2.55460390566	2.55460390566	0.0910626254257	2.64685600436	2.64685600436	0.0988092577141	0.00220897158938
2.61728705244	2.61728705244	0.10402588481	2.45459144424	2.45459144424	0.106476224698	0.00170771983303
2.7664758867	2.7664758867	0.129934562721	2.55551927143	2.55551927143	0.100197527333	0.00287802123778
2.5818644608	2.5818644608	0.102551995655	2.58075521695	2.58075521695	0.110366266945	0.00189369514256
2.53173710181	2.53173710181	0.109280179892	2.75952893258	2.75952893258	0.0844389470394	0.00309716320093
2.73294114678	2.73294114678	0.112423729136	2.78378105806	2.78378105806	0.117581359468	0.00278133372098
2.58336522374	2.58336522374	0.105003138909	2.77868300625	2.77868300625	0.107375013593	0.00119851859832
2.36015287042	2.36015287042	0.084686376946	2.39269665018	2.39269665018	0.112451261654	0.00304572444357
2.41243297326	2.41243297326	0.0936144622592	2.67453801986	2.67453801986	0.0977602289837	0.00474200732723
2.89543697083	2.89543697083	0.0970918343915	2.7742072157	2.7742072157	0.0997567952286	0.00235275605495
2.46269197689	2.46269197689	0.102364028575	2.70150714385	2.70150714385	0.0757278741455	0.00253277367891
2.76650291287	2.76650291287	0.0981990286078	2.43885055471	2.43885055471	0.107279842065	0.00252937377723
3.02317606476	3.02317606476	0.10313903703	2.60546999844	2.60546999844	0.103638705626	0.00225628872009
2.75972439198	2.75972439198	0.105047612936	2.39840176948	2.39840176948	0.105257547842	0.00318352238132
2.91246139055	2.91246139055	0.0926867860562	2.73695612542	2.73695612542	0.110100751713	0.00130349908355
2.78267227976	2.78267227976	0.102403435456	2.54030583899	2.54030583899	0.107002385838	0.0083608616008
2.64295985604	2.64295985604	0.0859228677978	1.98288557024	1.98288557024	0.100370311713	0.00318384749361
2.78569779891	2.78569779891	0.106141511788	2.55975718402	2.55975718402	0.105406794767	0.00194538027782
2.57056144178	2.57056144178	0.106900385233	2.86354591098	2.86354591098	0.106732375282	0.0056099478747
2.84198533443	2.84198533443	0.0908926478004	2.86367132295	2.86367132295	0.0692292453265	0.00172139781815
2.56260388252	2.56260388252	0.106312866214	2.85235763152	2.85235763152	0.0797976966437	0.00221842016596
2.97837035098	2.97837035098	0.0963598589865	2.74924180433	2.74924180433	0.110520985888	0.00206590126482
2.7033022775	2.7033022775	0.0950409994802	2.75262499075	2.75262499075	0.102036947016	0.00203207451974
2.78635685595	2.78635685595	0.112687855941	2.6748553246	2.6748553246	0.109885208159	0.000945923832308
2.3110605599	2.3110605599	0.110359182958	2.67179582027	2.67179582027	0.100774955348	0.00441593405832
2.60651233026	2.60651233026	0.0957533176261	2.70054740062	2.70054740062	0.111443053769	0.00207418871294
2.65045172601	2.65045172601	0.116243423738	2.70386749099	2.70386749099	0.12190518573	0.00174258293573
2.5122402259	2.5122402259	0.107859247495	2.50505705613	2.50505705613	0.106911756437	0.00456711044747
2.61965659918	2.61965659918	0.0932188264818	2.6612238652	2.6612238652	0.110382085678	0.00309820449813
2.49274519926	2.49274519926	0.116277095595	2.68649862571	2.68649862571	0.0949293916782	0.00297208555132
2.7870495491	2.7870495491	0.0993831572757	2.94750464546	2.94750464546	0.0798035191274	0.00234069998556
2.8341315584	2.8341315584	0.0837566871664	2.86778341829	2.86778341829	0.103908211433	0.00392749539661
2.7400799447	2.7400799447	0.10120873642	1.55002435717	1.55002435717	0.114668767988	0.00227418927092
2.62226055431	2.62226055431	0.116784341182	2.54176369665	2.54176369665	0.117638649819	0.00222627419552
2.61063625047	2.61063625047	0.0911943657648	2.94920149258	2.94920149258	0.089749201356	0.00242398924428
2.55160139662	2.55160139662	0.106942188081	2.61686926569	2.61686926569	0.125793364473	0.00330866705775
2.75486516	2.75486516	0.100313065877	2.92867758886	2.92867758886	0.106132586335	0.0005888976278
2.52242585679	2.52242585679	0.146433338037	2.91093464672	2.91093464672	0.11199130006	0.001145935739
2.89932279536	2.89932279536	0.129861462545	2.89309069632	2.89309069632	0.104721762907	0.00275654003438
2.88046123491	2.88046123491	0.111109232636	2.88755576667	2.88755576667	0.104803555606	0.00134765084334
2.89252312497	2.89252312497	0.104409228632	2.89336170283	2.89336170283	0.101125859024	0.000748897674153
2.62151527841	2.62151527841	0.0967124692585	2.75481689745	2.75481689745	0.103016446383	0.00327130983537
2.74659295706	2.74659295706	0.098090780756	2.97495308079	2.97495308079	0.106891639372	5.69490322756e-05
2.8721809407	2.8721809407	0.105300354901	2.94797174107	2.94797174107	0.11006960558	0.000348227094764
2.22940417955	2.22940417955	0.106609093969	2.47759877624	2.47759877624	0.104339704324	0.00135052068646
2.20750517602	2.20750517602	0.117503905636	2.56591510358	2.56591510358	0.111043468991	0.00252199091294
2.70465002894	2.70465002894	0.0839078105971	2.95868388556	2.95868388556	0.143287824837	0.00179464642836
2.54974702955	2.54974702955	0.0493258428668	2.64572646033	2.64572646033	0.119510177235	0.00272072936007
2.53342617563	2.53342617563	0.0938052296964	2.89883198226	2.89883198226	0.102728844529	0.00257090930063
2.79596666388	2.79596666388	0.0970149995135	2.95491236797	2.95491236797	0.106860616612	0.00253200166588
2.61493588494	2.61493588494	0.12954518416	2.97799915048	2.97799915048	0.104423246776	2.53280970138e-07
2.88379796048	2.88379796048	0.100799353805	2.50260384779	2.50260384779	0.105837406946	0.00649447487008
2.80209568885	2.80209568885	0.0841239656399	2.79257602594	2.79257602594	0.0902626661848	0.00307872005572
2.71101502443	2.71101502443	0.106580565805	2.78738834738	2.78738834738	0.108219553916	0.00585240775793
2.56059416229	2.56059416229	0.111427483431	2.58046531785	2.58046531785	0.100779005041	0.00340501138471
2.61648073638	2.61648073638	0.099932262866	2.78269945561	2.78269945561	0.0919279329724	0.00229275648041
2.74672718072	2.74672718072	0.100753534472	2.76019220617	2.76019220617	0.116283972214	0.00343868090174
2.88530713202	2.88530713202	0.104921343149	2.80009786394	2.80009786394	0.102518598508	0.000579137993639
2.45054292989	2.45054292989	0.0965037331663	2.59635640327	2.59635640327	0.111872580057	0.0026547596519
2.86186380106	2.86186380106	0.0715234371016	2.67812307724	2.67812307724	0.0993325620918	0.00236775083491
2.53105280003	2.53105280003	0.108813716216	2.54008142239	2.54008142239	0.100179925555	0.00196069847828
2.41596568203	2.41596568203	0.106883174579	2.51974864275	2.51974864275	0.110682454162	0.00349109255947
2.76722596053	2.76722596053	0.101222539486	2.77138086395	2.77138086395	0.0971668869006	0.000626562508705
2.69096586833	2.69096586833	0.100401738834	2.71850272753	2.71850272753	0.115770622145	0.00327169665525
2.69488377305	2.69488377305	0.10719021681	2.67972499566	2.67972499566	0.103140588429	0.00305388865399
2.68452974627	2.68452974627	0.101874609397	2.68893291985	2.68893291985	0.0974202453324	0.00242354326782
2.50964708026	2.50964708026	0.108521385224	2.66758263575	2.66758263575	0.100476410423	0.00318653874615
2.86815671289	2.86815671289	0.0511042593501	2.86909072812	2.86909072812	0.106055491946	0.00210220947674
3.43201647115	3.43201647115	0.109306206261	3.10498627505	3.10498627505	0.14125759961	0.0013129962686
2.86597587145	2.86597587145	0.107365118013	2.89952067902	2.89952067902	0.105487370077	0.00223746524844
3.03825507512	3.03825507512	0.0922006923763	2.73709434514	2.73709434514	0.0944761884671	0.00202212665826
2.28318969141	2.28318969141	0.112526309054	2.63010536665	2.63010536665	0.100335202968	0.00221083287973
2.8909216912	2.8909216912	0.105581825751	2.54423521519	2.54423521519	0.105619046666	0.00442548336727
3.20428522508	3.20428522508	0.103677379049	2.7851778221	2.7851778221	0.106517783315	0.000117881600438
2.63069972995	2.63069972995	0.101112033196	2.750547432	2.750547432	0.0473567188267	0.00659821664916
2.44207053862	2.44207053862	0.104292076036	2.63334194946	2.63334194946	0.107592080639	0.00262946592376
2.53347034976	2.53347034976	0.0442403246836	2.54363895574	2.54363895574	0.10166443876	0.00403402335592
2.57790172523	2.57790172523	0.0996974003766	2.6760599944	2.6760599944	0.101629994628	0.00563077266343
2.78847919006	2.78847919006	0.10221564187	2.82702671132	2.82702671132	0.10501762855	0.00626122285917
2.544596438	2.544596438	0.115282828098	2.5859771929	2.5859771929	0.101466057561	0.00148024785548
2.76941515013	2.76941515013	0.134076859849	2.81416960636	2.81416960636	0.101984117898	0.000112184883891
2.68757204486	2.68757204486	0.100079391014	2.78075799081	2.78075799081	0.108533919239	0.00581120989786
2.85208072963	2.85208072963	0.0990910545506	2.86061609079	2.86061609079	0.107518101644	0.000938947055807
3.04114672675	3.04114672675	0.103892874044	2.7602532735	2.7602532735	0.112321229631	0.00178255974583
2.40291849984	2.40291849984	0.101609219928	2.78269296459	2.78269296459	0.108058414049	0.00244975572247
2.25953033718	2.25953033718	0.102945006162	2.53773942418	2.53773942418	0.109470168143	0.00256578627618
2.49631367467	2.49631367467	0.0856851462957	2.91359738231	2.91359738231	0.105972069907	0.00472071642982
2.94600082681	2.94600082681	0.108896582261	3.07068184027	3.07068184027	0.115355240298	0.00206711748647
2.8447301235	2.8447301235	0.0983863987063	3.15919140793	3.15919140793	0.104453621719	0.00173140028034
2.86873810706	2.86873810706	0.0926938173186	3.21744216445	3.21744216445	0.105215935971	0.00209713870857
2.54086910983	2.54086910983	0.100760562159	2.74169620348	2.74169620348	0.1227777248	0.0025417242417
2.5067340551	2.5067340551	0.101814217099	2.693758761	2.693758761	0.107584439418	0.00312416785227
2.9198155429	2.9198155429	0.0893391819548	2.93897627903	2.93897627903	0.105020819973	0.00160855255856
2.68041259623	2.68041259623	0.124801349324	2.66661957552	2.66661957552	0.109677391222	0.00720033145851
2.79825314554	2.79825314554	0.0968770161202	2.8905855279	2.8905855279	0.0908741398341	0.00724736577745
2.57724888777	2.57724888777	0.105058232536	2.62951915701	2.62951915701	0.106095390827	0.00172114173392
2.8608630731	2.8608630731	0.139438245329	3.01955485754	3.01955485754	0.106756526427	0.00156596574665
2.68502686968	2.68502686968	0.0949543042656	2.52415983802	2.52415983802	0.118972752639	0.00335973837845
2.80481302215	2.80481302215	0.0993745861895	3.02520746984	3.02520746984	0.0997973639588	0.00241168966777
2.67298816502	2.67298816502	0.097042326764	2.6346726094	2.6346726094	0.103771844343	0.00305720455396
2.711871492	2.711871492	0.129488006687	2.59797629185	2.59797629185	0.11779619401	0.00307595477407
2.75689090689	2.75689090689	0.117406921268	2.65092356886	2.65092356886	0.11032366878	0.0017475439496
2.47962426132	2.47962426132	0.111933574267	2.34814927169	2.34814927169	0.104466805166	0.00277568783198
2.68770641366	2.68770641366	0.105553456004	2.5412019964	2.5412019964	0.108775427608	0.00232547534775
2.70297454402	2.70297454402	0.108190662031	2.63493542317	2.63493542317	0.107666768183	0.00213917510732
2.30236067635	2.30236067635	0.106751031015	2.52089981662	2.52089981662	0.147725297527	0.00362369366345
2.48490905923	2.48490905923	0.109956210305	2.44902001197	2.44902001197	0.103299810143	0.00269032264969
2.37734232212	2.37734232212	0.115334937139	2.27984517621	2.27984517621	0.111132268684	0.0036148061345
2.32448718673	2.32448718673	0.106528068338	2.92778667769	2.92778667769	0.0776288396853	0.00199240931559
2.68502102771	2.68502102771	0.0918300866833	2.87501540019	2.87501540019	0.0850471824326	0.002870370092
2.81680696538	2.81680696538	0.10677822763	2.69644210139	2.69644210139	0.119432768895	0.00263787941025
2.57468535893	2.57468535893	0.106269859663	2.49691954757	2.49691954757	0.119327460612	0.00270039907971
2.65377445427	2.65377445427	0.0942611631758	2.66154252115	2.66154252115	0.113513976948	0.00441592386439
2.71840138557	2.71840138557	0.119360475517	2.83348062435	2.83348062435	0.106800552983	0.0008121116371
2.65955267844	2.65955267844	0.0970303821949	2.8852242118	2.8852242118	0.108575483475	0.00259409942822
2.64907566557	2.64907566557	0.103923762169	2.62471500386	2.62471500386	0.121234759875	0.00126673798463
3.6985726765	3.6985726765	0.086616835591	2.66218894615	2.66218894615	0.0980504312689	0.00198183964002
2.58197382642	2.58197382642	0.111765785952	2.70016705744	2.70016705744	0.10546458392	0.00204324235176
2.62086784664	2.62086784664	0.104138605324	2.53425298076	2.53425298076	0.104678767318	0.00413331580866
2.67846115408	2.67846115408	0.0994900099462	2.45666173448	2.45666173448	0.0994110294318	0.00361219292179
2.62982764909	2.62982764909	0.10220674881	2.47273470068	2.47273470068	0.110008901215	0.0016897606143
2.53514739947	2.53514739947	0.101786433688	2.59081876206	2.59081876206	0.105796699501	0.00238124533302
2.54842716684	2.54842716684	0.102871336956	2.70401213556	2.70401213556	0.109446941188	0.0023589980792
3.06984314003	3.06984314003	0.091078889084	2.5295351794	2.5295351794	0.104401019212	0.00216091828104
3.01406473787	3.01406473787	0.101824626347	2.72161169535	2.72161169535	0.110245840891	0.00237904443703
2.81913735749	2.81913735749	0.100070179237	2.71886935096	2.71886935096	0.12058982354	0.00106495516589
2.47914434269	2.47914434269	0.114162239908	2.70997785314	2.70997785314	0.099477640772	0.00159418656944
1.79500594279	1.79500594279	0.105372408988	2.6520435314	2.6520435314	0.106847254549	0.00264876848845
2.66134181452	2.66134181452	0.103903014287	2.84568453346	2.84568453346	0.0988580019956	0.0022265193398
2.72361587838	2.72361587838	0.11459920258	2.78285036232	2.78285036232	0.105930165751	0.000823593722967
2.69765013752	2.69765013752	0.122013998098	2.55498144823	2.55498144823	0.106128557016	0.00237889674802
2.94463060688	2.94463060688	0.125249718666	2.45116908708	2.45116908708	0.106838077456	0.00235336910492
2.70729893002	2.70729893002	0.0283666996526	2.85820735812	2.85820735812	0.116719751867	0.00116028059438
2.45212948808	2.45212948808	0.104521462557	2.90708989948	2.90708989948	0.0989962457694	0.00417489488368
3.02222354885	3.02222354885	0.116098733927	2.80411496938	2.80411496938	0.104928752288	0.00231696923419
2.8147545232	2.8147545232	0.099758405303	2.55811580487	2.55811580487	0.0986022117957	0.00232645999994
2.76526721938	2.76526721938	0.100776593958	2.79166198221	2.79166198221	0.111960862873	0.00258814394442
2.66874888601	2.66874888601	0.118896065294	2.72149788918	2.72149788918	0.113427778771	0.00283443305894
2.5177619598	2.5177619598	0.102828696208	2.76552406221	2.76552406221	0.117121902137	0.00323123686182
2.53078894285	2.53078894285	0.0999826266785	2.64198820042	2.64198820042	0.10413937336	0.00274668056046
2.45754595646	2.45754595646	0.105883192399	2.46570822599	2.46570822599	0.109267498856	0.00544620271655
2.85275966997	2.85275966997	0.105438958655	2.56198505685	2.56198505685	0.107572913858	0.00175034936786
2.29896550946	2.29896550946	0.104829285145	2.97923661505	2.97923661505	0.106407240276	0.00263898285623
2.69689692337	2.69689692337	0.114061454017	2.70594207744	2.70594207744	0.0845696773849	0.00366589377226
2.72471974642	2.72471974642	0.103189308588	2.62427088935	2.62427088935	0.106562810253	0.0011198692856
2.59240487096	2.59240487096	0.107479357292	2.64542059789	2.64542059789	0.0966987496211	0.00331308076689
2.54667143212	2.54667143212	0.117535121121	2.59603634252	2.59603634252	0.0990248940413	0.00394217317249
2.53615046182	2.53615046182	0.101160671818	2.68061306315	2.68061306315	0.103671652057	0.00267845775715
3.09855811763	3.09855811763	0.0939890146285	3.02259903167	3.02259903167	0.108805915719	0.00196956111535
2.6508058632	2.6508058632	0.118182896237	2.75270650397	2.75270650397	0.110606031413	0.00259331119911
2.86601903137	2.86601903137	0.0984406689572	2.91826527547	2.91826527547	0.100948519315	0.00188433576913
2.50976693945	2.50976693945	0.105817479276	2.70745189944	2.70745189944	0.0988782475842	0.00301494232869
2.35354117378	2.35354117378	0.102833388739	3.01189027639	3.01189027639	0.106930019196	0.00327494705394
2.68950225063	2.68950225063	0.100234810085	2.97161163885	2.97161163885	0.093952209049	0.000762144478494
2.9760512058	2.9760512058	0.0827042133135	2.96118410426	2.96118410426	0.107957254205	0.00158400395302
2.92377477212	2.92377477212	0.100593915266	2.88072814984	2.88072814984	0.104506719989	0.00184967653009
2.83172538026	2.83172538026	0.0982433209027	2.96803778466	2.96803778466	0.112445888303	0.00106405497547
2.74108609001	2.74108609001	0.102416187937	2.72884348256	2.72884348256	0.10823512783	0.00194793669727
2.63534383987	2.63534383987	0.0999363299945	2.73146386481	2.73146386481	0.0963319740143	0.00131167603829
2.71281720797	2.71281720797	0.105213170667	2.87194563933	2.87194563933	0.109097574633	0.00214931631338
3.08990317324	3.08990317324	0.0978086333357	2.68184849081	2.68184849081	0.105760534522	0.00238876475214
2.46470200731	2.46470200731	0.107024146113	2.4588467181	2.4588467181	0.101888149335	0.00267540394396
2.80278027119	2.80278027119	0.0991704684353	2.60410220447	2.60410220447	0.0999358281706	0.00239422547679
2.74257186937	2.74257186937	0.105491822352	2.84117941626	2.84117941626	0.112113179561	0.000773717382515
2.37065137965	2.37065137965	0.0912394328968	2.73039951276	2.73039951276	0.12123881606	0.000713653154746
2.52769510128	2.52769510128	0.103263287689	2.61272462253	2.61272462253	0.108765946492	0.0199658349114
2.58814062072	2.58814062072	0.10268983993	2.65641234278	2.65641234278	0.114578943272	0.00280803786541
2.66799446096	2.66799446096	0.101571432159	2.86878804978	2.86878804978	0.0869038349184	0.00135098213267
2.63807993713	2.63807993713	0.105040947218	2.6291905179	2.6291905179	0.105429402212	0.00141493779957
2.73880567289	2.73880567289	0.103102787193	2.64336303422	2.64336303422	0.105065017449	0.0153689075151
2.69460845504	2.69460845504	0.106595268617	2.84967954353	2.84967954353	0.104261644354	0.00154732223992
2.84372332488	2.84372332488	0.123147351531	2.8703079242	2.8703079242	0.106464965942	0.00309656644238
2.93995020123	2.93995020123	0.102482805333	2.73885185075	2.73885185075	0.102805677512	0.00250539639888
2.88626592949	2.88626592949	0.0988491066056	2.88091899516	2.88091899516	0.0943657480056	0.00151782460242
2.36867942821	2.36867942821	0.112197782402	2.72691771045	2.72691771045	0.108995665722	0.0027716374655
2.22493089209	2.22493089209	0.113955385646	2.25123688599	2.25123688599	0.104316290765	0.00307133436067
2.71832029405	2.71832029405	0.100479145689	2.75874600754	2.75874600754	0.0933116857388	0.000669973549122
2.46514420831	2.46514420831	0.108206800797	2.58715369857	2.58715369857	0.103057960576	0.00317410153622
2.49376414057	2.49376414057	0.104650498682	2.84628601915	2.84628601915	0.106389526308	0.00148974929939
2.46017017125	2.46017017125	0.110785066091	2.50070410279	2.50070410279	0.0985456550567	0.00711060232924
2.51774384756	2.51774384756	0.140519539336	2.50443188903	2.50443188903	0.150089474877	0.00256609378292
2.50920666726	2.50920666726	0.126891968244	2.50671127833	2.50671127833	0.0964607788731	0.00320098905067
2.50799896076	2.50799896076	0.0916596984966	2.51178004535	2.51178004535	0.116863407293	0.00233275694266
2.53076252125	2.53076252125	0.086115414971	2.51659787068	2.51659787068	0.127291118496	0.00116642121335
2.52841325378	2.52841325378	0.10683778318	2.41690255696	2.41690255696	0.108047311383	0.00496832528624
2.78245443491	2.78245443491	0.0735821295119	2.66094037944	2.66094037944	0.10309312147	0.00132418715465
2.65814555137	2.65814555137	0.102025011737	2.35345044	2.35345044	0.132222096234	0.00436548373215
2.73229078843	2.73229078843	0.095620137716	2.42819510807	2.42819510807	0.103288637452	0.00420022506037
2.50692266444	2.50692266444	0.101112866378	2.64514924937	2.64514924937	0.088692988809	0.00166947307546
2.5340833458	2.5340833458	0.0971165959425	2.48553929829	2.48553929829	0.0833655026917	0.00329295487992
2.5543232369	2.5543232369	0.102608012655	2.55457155583	2.55457155583	0.0968111811338	0.000361669963222
2.54190820035	2.54190820035	0.110679933285	2.54368218236	2.54368218236	0.0991826930783	0.00508574885659
2.71209715202	2.71209715202	0.108211448842	2.67309077692	2.67309077692	0.0948678225091	0.000811627346268
2.69092653082	2.69092653082	0.0948734610277	2.75006111612	2.75006111612	0.10923120354	2.27439869565e-05
2.55950011307	2.55950011307	0.112156689312	2.68460366516	2.68460366516	0.102278944837	0.00173909882631
2.42952732681	2.42952732681	0.115021562339	2.91127168361	2.91127168361	0.104759297098	0.00374130862656
2.59971797332	2.59971797332	0.0989093235128	2.84913031911	2.84913031911	0.102221747523	0.00215514682293
2.70242535062	2.70242535062	0.106912429198	2.53352941841	2.53352941841	0.106466330326	0.0024067841364
2.455671274	2.455671274	0.108428047386	2.7023459537	2.7023459537	0.108470905176	0.00164051645162
2.9574209333	2.9574209333	0.102954149518	2.86369584007	2.86369584007	0.101367188264	0.00156408484991
2.60600123988	2.60600123988	0.107575453924	2.71193684367	2.71193684367	0.108836014864	0.000130118452442
2.94391398144	2.94391398144	0.0986111205605	2.9872599806	2.9872599806	0.0971767194279	0.000895154652217
2.68966434131	2.68966434131	0.0908419024648	2.61075073113	2.61075073113	0.106208075803	0.0025836809687
2.70148343414	2.70148343414	0.112502050429	2.54116718607	2.54116718607	0.099104652502	0.000764954448663
2.85671103322	2.85671103322	0.0906075703132	2.86611421254	2.86611421254	0.113839203577	0.00100809020938
2.85747447122	2.85747447122	0.0993826420596	2.83831180447	2.83831180447	0.102596329036	0.00248082447291
2.80287293009	2.80287293009	0.103939239248	2.77024243007	2.77024243007	0.0931446136081	0.00115573353864
2.84334861731	2.84334861731	0.0856798812948	2.80239883688	2.80239883688	0.0856255792032	0.000548484026495
2.45853979664	2.45853979664	0.104473727497	2.77543006866	2.77543006866	0.106700698196	0.00639817229222
2.69475765456	2.69475765456	0.0995394200524	2.87090441562	2.87090441562	0.102429009499	0.00316975474073
2.84640067102	2.84640067102	0.10656737277	2.81099657032	2.81099657032	0.107619056202	0.0031318742254
2.9321044852	2.9321044852	0.0971480232988	2.74852480897	2.74852480897	0.105393801982	0.00125271473295
2.92876414955	2.92876414955	0.117893597038	3.00104979355	3.00104979355	0.100438472734	0.00176324208231
2.67938393774	2.67938393774	0.0991372886469	2.59997989542	2.59997989542	0.114548370055	0.0016490295892
2.72452224536	2.72452224536	0.104780372672	2.42201627874	2.42201627874	0.109416292263	0.0025389173573
2.99412460586	2.99412460586	0.0928589950378	2.7950883291	2.7950883291	0.116504360281	0.00153956176911
4.84321933314	4.84321933314	0.0815965680366	2.89180130097	2.89180130097	0.0990010668356	0.0015522995239
2.85129378812	2.85129378812	0.112500580722	2.68701258991	2.68701258991	0.1059043483	0.00293690168592
2.81834734263	2.81834734263	0.0953791628586	2.67815638085	2.67815638085	0.102518258956	0.0019655946583
2.52276548568	2.52276548568	0.0974573579685	2.72503113467	2.72503113467	0.102402096146	0.00202185475703
2.7339104281	2.7339104281	0.0880205366801	2.88383861837	2.88383861837	0.128101520003	0.00169722588151
2.51529989957	2.51529989957	0.101951020289	2.62872270213	2.62872270213	0.107526634715	0.0187106850521
2.86349134581	2.86349134581	0.104517450141	2.62256066079	2.62256066079	0.114802365421	0.00195758416955
2.99691804723	2.99691804723	0.104810883075	3.09871622385	3.09871622385	0.0957350170268	0.00130974932494
2.96274612634	2.96274612634	0.103479803564	3.21928055058	3.21928055058	0.0878105616711	0.000841566712825
2.55577621837	2.55577621837	0.101049156027	2.95017830127	2.95017830127	0.0988716972062	0.00131390770309
2.58771455628	2.58771455628	0.112285383176	3.02071145648	3.02071145648	0.106486534654	0.00186891354861
2.60799691458	2.60799691458	0.0941755928555	2.74576836085	2.74576836085	0.1162030422	0.000902500682456
2.44969465923	2.44969465923	0.110812195587	2.44635953007	2.44635953007	0.101835274386	0.00299345237001
2.38016186468	2.38016186468	0.111031272626	2.63779827161	2.63779827161	0.088576967554	0.00289719889418
2.48826202922	2.48826202922	0.11615522861	2.65756990886	2.65756990886	0.13626751686	0.0014099845357
2.58280953192	2.58280953192	0.131884688062	2.93147661325	2.93147661325	0.101244545532	0.000996868423647
2.58564990992	2.58564990992	0.103531905606	2.59336575166	2.59336575166	0.114129501059	0.00580995650821
2.49606952742	2.49606952742	0.0979621075674	3.02629249634	3.02629249634	0.0936992046933	0.00306271761021
2.77772109438	2.77772109438	0.104210789889	2.48130573398	2.48130573398	0.099985740518	0.00186718615322
2.7168452071	2.7168452071	0.102686749229	2.72095155998	2.72095155998	0.101671528232	0.00106754994757
2.88664213582	2.88664213582	0.103237751179	2.96980912403	2.96980912403	0.101293238816	0.000990957313642
1.76745925144	1.76745925144	0.103708638312	3.00159736958	3.00159736958	0.110037640845	0.00128050170612
2.55019378972	2.55019378972	0.100683597271	2.68179827383	2.68179827383	0.103359952887	0.000790457822501
2.66138565423	2.66138565423	0.108956252056	2.77708601257	2.77708601257	0.107775416757	0.00345711383015
2.47755837469	2.47755837469	0.10291883389	2.59700118756	2.59700118756	0.104512949956	0.000780257012932
2.73937979544	2.73937979544	0.0979403246027	3.00329789542	3.00329789542	0.0923371584764	0.00189349730837
2.59789552848	2.59789552848	0.0846374598906	2.62038014675	2.62038014675	0.106824217248	0.00637990056722
2.60427894999	2.60427894999	0.106940775913	2.57747985304	2.57747985304	0.0933207604495	0.000513021258222
2.65954011748	2.65954011748	0.0866916685283	2.57620585027	2.57620585027	0.102465478356	0.00242552655662
3.0312036272	3.0312036272	0.105123519857	2.72250726467	2.72250726467	0.117425751589	0.00170870042839
2.90567200389	2.90567200389	0.0939542158803	2.70339999693	2.70339999693	0.106036376046	0.00482538991285
2.8828831497	2.8828831497	0.101215467711	2.62598269881	2.62598269881	0.103059122129	0.00233044259203
2.66779052254	2.66779052254	0.0921573651506	2.72703117719	2.72703117719	0.102881032563	0.00157869504726
2.76983513116	2.76983513116	0.102085206443	2.77227706284	2.77227706284	0.103364732112	0.00278006549652
2.99928589987	2.99928589987	0.123985052622	2.70907121323	2.70907121323	0.0950599863361	0.00149175583449
2.85453393446	2.85453393446	0.103838779833	2.60251183854	2.60251183854	0.103286476177	0.000371953147684
2.77076574078	2.77076574078	0.103433516854	3.1249599374	3.1249599374	0.110684340418	8.11927818046e-05
2.8759400163	2.8759400163	0.103766695642	2.67377558843	2.67377558843	0.104636300893	0.00249364978769
2.77956409368	2.77956409368	0.110814990717	2.81141914655	2.81141914655	0.107963158946	0.00339308910706
2.84814389044	2.84814389044	0.0959570403178	2.84426620112	2.84426620112	0.104999567089	0.00183080063529
2.71366990139	2.71366990139	0.09615706401	2.71537684983	2.71537684983	0.103718951846	0.00384709764405
2.43582843757	2.43582843757	0.0980929399965	2.45769960806	2.45769960806	0.118937670897	0.0011154998553
2.73902025721	2.73902025721	0.108981778524	2.85929593881	2.85929593881	0.112754402169	0.00208382469875
2.59154962555	2.59154962555	0.107907491814	2.99831175864	2.99831175864	0.104748645522	0.00258704957457
2.81707020163	2.81707020163	0.102692068155	2.846761034	2.846761034	0.17202946684	0.000452262775518
2.80121421512	2.80121421512	0.0980446541986	2.78530239558	2.78530239558	0.151838539694	0.0017809291634
2.81961466412	2.81961466412	0.102611581514	2.84811138218	2.84811138218	0.106656825316	0.00197156557732
3.31841979686	3.31841979686	0.100718956253	2.71688822702	2.71688822702	0.108347193588	0.000662181038241
2.92302958711	2.92302958711	0.0965031933536	2.9913183229	2.9913183229	0.101445646814	0.00213163019538
2.29401058211	2.29401058211	0.0849311893152	2.6609218205	2.6609218205	0.105800292708	0.000675313706836
2.69956804843	2.69956804843	0.0845844665311	2.73396260727	2.73396260727	0.125001765917	0.0178847999241
2.68056083043	2.68056083043	0.110497167878	2.65512456343	2.65512456343	0.108784633952	0.00215789549868
2.8104587936	2.8104587936	0.118148129377	2.75530814041	2.75530814041	0.110106590037	0.00240968363582
2.63813582015	2.63813582015	0.114570767961	2.73721947957	2.73721947957	0.107043228803	0.00174754905102
2.59348890911	2.59348890911	0.112286732239	2.5484112953	2.5484112953	0.121225626533	0.00111611769267
2.97614120551	2.97614120551	0.0996033244477	3.09617559652	3.09617559652	0.110809461679	0.00164093959787
2.6481185389	2.6481185389	0.113700558167	2.83405139454	2.83405139454	0.109763207897	0.00158093894709
2.50260908123	2.50260908123	0.0864445360178	2.58931366411	2.58931366411	0.114709862476	0.00332088269295
2.56115348947	2.56115348947	0.108140762464	2.31144406254	2.31144406254	0.103917533242	0.00338503388559
2.55730381088	2.55730381088	0.0875613237069	2.62519055966	2.62519055966	0.107698037541	0.0015417464863
2.68156192487	2.68156192487	0.113006289745	2.58214028544	2.58214028544	0.116477203743	0.000679922362126
2.67980460419	2.67980460419	0.0875853190621	2.63240477426	2.63240477426	0.104164986549	0.00206611995104
2.75852561103	2.75852561103	0.103187828635	2.72007307693	2.72007307693	0.108387761357	0.000743420244758
2.66182042862	2.66182042862	0.108529720637	2.5341867864	2.5341867864	0.110484325206	0.00447252950243
2.89985752475	2.89985752475	0.101280171985	2.81860451053	2.81860451053	0.106123196079	0.000173823413337
2.10412345299	2.10412345299	0.0938409436757	2.40630875348	2.40630875348	0.108079375574	0.00316534112279
2.50157181852	2.50157181852	0.117918842991	2.50850896308	2.50850896308	0.111928388062	0.00262968433216
2.48704444569	2.48704444569	0.103181989969	2.87861731393	2.87861731393	0.108242077924	0.00196300841889
2.59640285831	2.59640285831	0.102942954533	2.89818991538	2.89818991538	0.107874186002	0.00336536787576
2.75498988407	2.75498988407	0.100845002475	2.71732107921	2.71732107921	0.107545238608	0.00210208904463
2.76909413387	2.76909413387	0.0974270965408	2.43394962014	2.43394962014	0.113565055502	0.00312321811995
2.45128941477	2.45128941477	0.135637764988	2.49757876895	2.49757876895	0.116607284304	0.0010781433059
2.35651458864	2.35651458864	0.111517968847	2.63497381676	2.63497381676	0.117437908685	0.000297873960164
2.47221084773	2.47221084773	0.100857375686	2.51804526274	2.51804526274	0.101722983717	0.00765431399545
2.88576999431	2.88576999431	0.10125057315	3.01437402568	3.01437402568	0.103628856274	0.00164613765072
2.38025346167	2.38025346167	0.0981604445039	2.44782954977	2.44782954977	0.108669066472	0.00583406907591
2.73534200594	2.73534200594	0.128367067689	2.7521134702	2.7521134702	0.104561823915	0.00261496716051
2.71913160212	2.71913160212	0.103883214812	2.55804032852	2.55804032852	0.0929772785196	0.00154093461395
2.53200987639	2.53200987639	0.116372490569	2.69479533077	2.69479533077	0.113990709586	0.00674015403095
2.68681683466	2.68681683466	0.101605237124	2.65235827952	2.65235827952	0.107966550955	0.00188151521066
2.7572546201	2.7572546201	0.100997319453	2.6931929888	2.6931929888	0.095490567401	0.00207510019386
2.65146205161	2.65146205161	0.101935223351	2.77654110295	2.77654110295	0.108849890212	0.00231240742409
2.77952759592	2.77952759592	0.111966012238	3.29383254796	3.29383254796	0.105062654405	0.00125012266416
2.43245486924	2.43245486924	0.117488111928	2.51043775944	2.51043775944	0.0928061125048	0.00346498757966
2.60836106286	2.60836106286	0.123387823196	2.70901552942	2.70901552942	0.10944591553	0.00352015974776
2.91258906518	2.91258906518	0.0556632554645	2.87039196535	2.87039196535	0.114404948272	0.00116037460117
2.56646464821	2.56646464821	0.110753623598	2.73236071722	2.73236071722	0.103650858393	0.00216760242381
2.60329370177	2.60329370177	0.109383324271	2.70630818103	2.70630818103	0.107684765532	0.00150662683505
2.48391702712	2.48391702712	0.0938005787489	2.97218144077	2.97218144077	0.0988775635196	0.00314748437427
2.74698879746	2.74698879746	0.105300867268	3.0131195336	3.0131195336	0.111266929661	0.00200418615063
2.58271631806	2.58271631806	0.108970856812	2.67162980821	2.67162980821	0.100103782815	0.00133510530563
2.81595086802	2.81595086802	0.0942872119867	3.04517554046	3.04517554046	0.119437377599	0.000423362112623
2.61494828738	2.61494828738	0.101925427955	2.81381447822	2.81381447822	0.110148180134	0.00203109754222
2.80991717056	2.80991717056	0.0965535744066	2.79491718293	2.79491718293	0.0779750715151	0.00135420700232
2.32885362497	2.32885362497	0.11561459403	2.63973241167	2.63973241167	0.0750894270272	0.00345748570095
2.86063996094	2.86063996094	0.102214427875	2.76507364525	2.76507364525	0.0980482854059	0.00214658998705
2.69174059914	2.69174059914	0.108256989428	2.78793770276	2.78793770276	0.111474526782	0.00356503246577
3.056399886	3.056399886	0.0977374193428	2.61280775333	2.61280775333	0.103531783117	0.000922717803192
2.54145797692	2.54145797692	0.108293825481	2.54043653324	2.54043653324	0.104099229334	0.00308107027237
2.3673486506	2.3673486506	0.106351579344	2.51361708818	2.51361708818	0.0935028974723	0.00539940656672
2.66458655379	2.66458655379	0.101767940773	2.66814355726	2.66814355726	0.108056300945	0.00171205471043
2.59243774011	2.59243774011	0.10998769881	2.62737337546	2.62737337546	0.10586545706	0.00260065944804
2.87649258739	2.87649258739	0.117242446321	2.86367215634	2.86367215634	0.11650832434	0.00304213414938
2.58069765542	2.58069765542	0.103852020867	2.57550073044	2.57550073044	0.104174732877	0.00230120088207
2.82051047867	2.82051047867	0.103986627204	2.5958808658	2.5958808658	0.117465391415	0.00226586419502
2.59892111966	2.59892111966	0.101724311829	2.69644778682	2.69644778682	0.112046761111	0.00221784493918
2.73210220401	2.73210220401	0.105832127003	2.57905501975	2.57905501975	0.0962608602983	0.00246557572649
2.83593079948	2.83593079948	0.116482188058	2.5949520819	2.5949520819	0.105040014038	0.0144964337941
2.98020921161	2.98020921161	0.102344604857	2.62131611941	2.62131611941	0.100466971922	0.00191997443116
3.07960275005	3.07960275005	0.0998176231213	3.02568031266	3.02568031266	0.121148748208	0.00253224852453
2.59522184546	2.59522184546	0.0647638972158	2.50431899763	2.50431899763	0.11669129293	0.00207001526895
2.61255261109	2.61255261109	0.098511324609	2.55372187413	2.55372187413	0.104556221298	0.000363284969115
2.65177158986	2.65177158986	0.102396656363	2.70277858902	2.70277858902	0.10981099551	0.00140667698636
2.97537941154	2.97537941154	0.102944459617	3.01245241516	3.01245241516	0.136741077229	0.00165990953041
2.85628334331	2.85628334331	0.0993771479826	2.83478910397	2.83478910397	0.102481243574	0.00105921595144
2.99222703071	2.99222703071	0.108845748316	2.95898111049	2.95898111049	0.0849103454095	0.00162224101583
2.94630768817	2.94630768817	0.102475577375	2.86319436385	2.86319436385	0.106194982305	0.00179557075932
2.87868420614	2.87868420614	0.100553529536	2.75610372244	2.75610372244	0.081262127353	0.00179256495118
2.81446799692	2.81446799692	0.103434402329	2.89880974125	2.89880974125	0.0938233833424	0.0012684589479
2.5304022507	2.5304022507	0.0930811932676	2.86209230849	2.86209230849	0.102579644423	0.00225100253961
2.01846702924	2.01846702924	0.0906619911481	2.81141986821	2.81141986821	0.113566014734	0.00336419370168
2.63623474287	2.63623474287	0.0927038880878	2.66008443458	2.66008443458	0.113285198765	0.000375435850394
2.6786059343	2.6786059343	0.110221642251	2.77220116793	2.77220116793	0.106984309727	0.00257517132281
2.57068977301	2.57068977301	0.0913048233332	2.46314319584	2.46314319584	0.109042440653	0.00149603280174
2.5601784259	2.5601784259	0.102308565926	2.55915506413	2.55915506413	0.108088228782	0.00403020233502
2.53638593353	2.53638593353	0.10524365233	2.71163331652	2.71163331652	0.10907136538	0.00380876478784
2.50395085921	2.50395085921	0.102615864384	2.64822949362	2.64822949362	0.107248576557	0.0104182936455
2.72161242755	2.72161242755	0.0982990585452	2.98902879088	2.98902879088	0.106599443107	0.000985009121848
2.45683596551	2.45683596551	0.102869517537	2.75850918639	2.75850918639	0.110009499059	0.00108810638618
2.77253577501	2.77253577501	0.103812208897	2.83177191375	2.83177191375	0.105929433172	0.00319963812319
2.48832172675	2.48832172675	0.106546388379	2.91088285192	2.91088285192	0.10307489731	0.00731896346936
2.96024501519	2.96024501519	0.0998480533273	2.77017373539	2.77017373539	0.107984523335	0.00170819956753
2.78630458526	2.78630458526	0.0981830657837	2.66935831429	2.66935831429	0.108378458896	0.00198508470808
2.43127502665	2.43127502665	0.11101900209	2.64560174606	2.64560174606	0.109754192179	0.00210834682567
2.58980762642	2.58980762642	0.0958757137262	2.87751625727	2.87751625727	0.101592660975	0.0038427953112
2.70311117179	2.70311117179	0.102398736808	2.64277254535	2.64277254535	0.12391455004	0.00402249362679
2.7625442327	2.7625442327	0.0999007339016	2.53576680797	2.53576680797	0.119075113993	0.00151339728253
2.89902485357	2.89902485357	0.0926866457534	2.85293085989	2.85293085989	0.116442744737	0.00278574141407
