x0_HIS3_C02	r_HIS3_C02	K_HIS3_C02	x0_RAD52_C02	r_RAD52_C02	K_RAD52_C02	x0_C02
3.78288388342	3.78288388342	0.109323356357	3.50435788987	3.50435788987	0.0930521880719	0.0029070422129
3.54524441336	3.54524441336	0.107027871906	3.50670293322	3.50670293322	0.0852028431481	0.000613214488201
3.56113972174	3.56113972174	0.100653143735	3.50943029435	3.50943029435	0.0832747879638	0.000978350143402
3.4693187826	3.4693187826	0.105417838242	3.4557216649	3.4557216649	0.0727286243788	0.000731405233057
3.52752823843	3.52752823843	0.106716957745	3.4331244019	3.4331244019	0.0921125772539	0.00117560313575
3.82478950155	3.82478950155	0.10454805889	3.55150156635	3.55150156635	0.0859182681061	0.000596401001168
3.58459583003	3.58459583003	0.106966796948	3.39306557586	3.39306557586	0.0861710410961	0.000442905066569
3.49126362715	3.49126362715	0.103948039717	3.44861828889	3.44861828889	0.0897007473041	0.000766405287266
4.3360937639	4.3360937639	0.110628537828	3.18655063528	3.18655063528	0.074153346219	0.000846880626514
3.8679237553	3.8679237553	0.10386529828	3.67524411779	3.67524411779	0.0783261336555	0.000598709502554
3.71388105205	3.71388105205	0.10814829571	3.35377749855	3.35377749855	0.0828518983101	0.00101658848775
3.48700591195	3.48700591195	0.10659093787	3.17361691547	3.17361691547	0.0937413447767	8.70358298289e-05
3.47158871969	3.47158871969	0.109207480515	2.9986400497	2.9986400497	0.0825433969922	0.00117259951517
3.78653216313	3.78653216313	0.103401892406	3.23476058801	3.23476058801	0.0928508492309	0.000936044313074
3.89119861244	3.89119861244	0.105367639154	3.19993535802	3.19993535802	0.0759934332906	0.00061286805077
3.73384936313	3.73384936313	0.108311560183	3.49564423449	3.49564423449	0.0871262983179	0.000756169439394
3.83152282623	3.83152282623	0.104128441942	3.43178674802	3.43178674802	0.0843462519197	0.000702792509171
3.833589493	3.833589493	0.101436418302	3.18292044074	3.18292044074	0.081942791809	0.000868523037663
3.95612897146	3.95612897146	0.10284538003	3.27625226704	3.27625226704	0.0851813010335	0.000742957680319
3.83291075012	3.83291075012	0.1153334704	3.77747993464	3.77747993464	0.0830509986209	0.000397353830679
3.95429750689	3.95429750689	0.10772182436	3.90340737916	3.90340737916	0.0918886510832	0.000286987267947
3.53268089479	3.53268089479	0.106519798063	3.31981678209	3.31981678209	0.0841695503913	0.000909242323076
3.75923762308	3.75923762308	0.103283879247	3.40821908339	3.40821908339	0.0845494523289	0.000638056807325
3.78735595944	3.78735595944	0.100077121174	3.75360797084	3.75360797084	0.0838835564397	0.000563354475337
4.0281425509	4.0281425509	0.0915946303794	3.53935096663	3.53935096663	0.076297427887	0.000604194201869
4.40938629762	4.40938629762	0.103986315385	3.43012759947	3.43012759947	0.0914506371439	0.000546104066796
4.09484546451	4.09484546451	0.114213581152	3.45584152124	3.45584152124	0.0862702112451	0.000613376768178
4.10512572625	4.10512572625	0.108355431585	3.50428453797	3.50428453797	0.0853341077227	0.000594758821469
3.84974427202	3.84974427202	0.109177371665	3.3330738118	3.3330738118	0.0911360409881	0.000654732327844
3.95566244524	3.95566244524	0.105864058283	3.4509279728	3.4509279728	0.0847498615475	0.000643317331698
4.03772160048	4.03772160048	0.110006998119	4.00367224205	4.00367224205	0.0861364066601	0.000568468873312
3.93386640844	3.93386640844	0.112060101548	3.88581104512	3.88581104512	0.0895960854845	0.000561453617849
3.92469864659	3.92469864659	0.128731165959	3.5609897099	3.5609897099	0.0839063069612	0.000704926979543
3.7355039242	3.7355039242	0.104352343022	3.70462141665	3.70462141665	0.0950599918799	0.000825996822224
3.84814379614	3.84814379614	0.11065605555	3.14977780444	3.14977780444	0.0806107595601	0.000668370501064
4.19798693846	4.19798693846	0.104854553084	3.66093262069	3.66093262069	0.0754035000869	0.000502021743749
3.91328915362	3.91328915362	0.0989542419374	3.3724979599	3.3724979599	0.0460880821044	0.000643019421623
3.99689527404	3.99689527404	0.103903682732	3.52482244645	3.52482244645	0.0844410971875	0.00100302753595
3.89701395805	3.89701395805	0.108139197248	3.45654966274	3.45654966274	0.081890781299	0.00089848050943
4.21598052101	4.21598052101	0.121180997275	3.52723258442	3.52723258442	0.0893820006438	0.000385669568903
3.78097266363	3.78097266363	0.123758364418	3.4195559616	3.4195559616	0.076501679765	0.000382600551925
3.73736406727	3.73736406727	0.109385177767	3.13289057779	3.13289057779	0.0859234957279	0.00123820134343
3.49157387298	3.49157387298	0.113490953588	3.28878620329	3.28878620329	0.0883472220551	0.000817219492591
3.89848086742	3.89848086742	0.101586308823	3.7952266425	3.7952266425	0.0885354688886	0.000815739055186
3.57488261753	3.57488261753	0.113406429589	3.21076636414	3.21076636414	0.0831220526547	0.00101116706331
3.64635098114	3.64635098114	0.108783284236	3.09808522427	3.09808522427	0.0812691065254	0.00102984741853
3.34535015743	3.34535015743	0.115552270368	2.92332178443	2.92332178443	0.0863033185301	0.00152392721363
3.45034601768	3.45034601768	0.109036604873	3.19474182106	3.19474182106	0.0806625548641	0.00114692660728
3.69110428463	3.69110428463	0.104704561164	2.91723115542	2.91723115542	0.080284645033	0.000833149197782
4.04432160124	4.04432160124	0.1065532466	2.95279407597	2.95279407597	0.0868999392637	0.000642371917138
3.70497386802	3.70497386802	0.107727406478	3.71175301645	3.71175301645	0.0829352570688	0.000699755933904
3.92228897495	3.92228897495	0.107412695498	3.76086180341	3.76086180341	0.0770004678662	0.000226807238697
4.03524504489	4.03524504489	0.133085461764	3.5671678271	3.5671678271	0.0836982185102	4.81581402853e-05
3.58446306409	3.58446306409	0.113036638189	3.18405329043	3.18405329043	0.0763428231785	0.000969675088925
3.54897910086	3.54897910086	0.106959945979	3.2400012574	3.2400012574	0.079419865598	0.000334969797844
3.83364077122	3.83364077122	0.109722010476	3.32847287616	3.32847287616	0.0860809192161	0.000781243856906
3.87004706066	3.87004706066	0.10758102235	3.25104784531	3.25104784531	0.083513068155	0.000766291339936
3.73236898409	3.73236898409	0.107329814852	3.20861805096	3.20861805096	0.0872516362716	0.00195580241952
3.73991653752	3.73991653752	0.104206337565	3.34862261528	3.34862261528	0.0868552309228	0.000741340336965
4.06082612195	4.06082612195	0.11214673354	3.18444970017	3.18444970017	0.0681294339078	0.000795620296153
3.97626678526	3.97626678526	0.118470441613	3.32825720091	3.32825720091	0.0839511940541	0.000664783971238
3.38739235714	3.38739235714	0.103841420856	3.31968945274	3.31968945274	0.0826850440329	0.00115479266382
3.49339012313	3.49339012313	0.112759826762	3.57160174838	3.57160174838	0.0814580412817	0.000730051887274
3.48961706111	3.48961706111	0.109426430569	3.50746913267	3.50746913267	0.0829594115057	0.000701249790897
4.18966860083	4.18966860083	0.129800676872	3.59136335022	3.59136335022	0.103198633981	0.000565596090676
4.18010189202	4.18010189202	0.10893901596	3.56926462625	3.56926462625	0.0911424706727	0.000551525524275
3.80578584945	3.80578584945	0.105691713506	3.47878170454	3.47878170454	0.0827141623412	0.000511918203044
4.09761623488	4.09761623488	0.113524607359	3.50780470574	3.50780470574	0.0894578847444	0.00057461347838
3.87803104094	3.87803104094	0.109369866328	3.87552807296	3.87552807296	0.0855526690795	0.000424973388304
3.93302494391	3.93302494391	0.109836379375	3.40351392157	3.40351392157	0.0908909426652	0.000757675747121
4.03515408475	4.03515408475	0.108112010412	4.04584933697	4.04584933697	0.0873526231077	0.00037326582485
3.85744812765	3.85744812765	0.106783159269	3.55442728803	3.55442728803	0.0827767681978	0.000543335814222
3.78545305919	3.78545305919	0.103170949527	3.55332155973	3.55332155973	0.0866913288853	0.000937527687389
3.60839064847	3.60839064847	0.102129053538	3.58860479316	3.58860479316	0.0845968637513	0.000940623714268
3.82583053801	3.82583053801	0.0961469266097	3.04895109103	3.04895109103	0.0865548786535	0.000899818257631
3.57517488063	3.57517488063	0.108277042555	2.99765238187	2.99765238187	0.0812612692504	0.00103394691166
3.57382292665	3.57382292665	0.108222739291	3.24728437751	3.24728437751	0.0827107430903	0.000991981363217
3.53791246003	3.53791246003	0.110941994107	3.14449729408	3.14449729408	0.0871703690983	0.000894228120356
3.56195302116	3.56195302116	0.102248851724	3.40233749323	3.40233749323	0.0836129606519	0.000718833034589
3.70201071174	3.70201071174	0.117516045605	3.62911985661	3.62911985661	0.0931556951502	0.000785576192329
3.64658960799	3.64658960799	0.110650487847	3.61699517131	3.61699517131	0.0896061865169	0.000908393670575
3.66616871023	3.66616871023	0.107173932945	3.67647056103	3.67647056103	0.0837210114947	0.000931118356444
3.64755484948	3.64755484948	0.104724990196	3.61010322515	3.61010322515	0.0820369629691	0.000673183500365
3.69345786554	3.69345786554	0.109004790589	3.65187052018	3.65187052018	0.0926014077562	0.000440663574402
3.55650853887	3.55650853887	0.107348513293	3.70776547374	3.70776547374	0.0990852666113	0.000533849323527
3.48158725382	3.48158725382	0.122723384776	3.22395523246	3.22395523246	0.0833320468231	0.000961982428306
3.45357464645	3.45357464645	0.107673245033	3.12493723941	3.12493723941	0.0805985005749	0.00105612667166
3.57469867453	3.57469867453	0.107053562298	3.04168359776	3.04168359776	0.0843489018593	0.00109140532878
4.28820297481	4.28820297481	0.10500952454	3.42697862373	3.42697862373	0.0857172954706	0.000845085664224
3.96911655559	3.96911655559	0.105068797013	3.26891941266	3.26891941266	0.0735455319106	0.000701678827614
3.78510334008	3.78510334008	0.110823985899	3.26474745002	3.26474745002	0.069830251394	0.00106574669846
3.42928474772	3.42928474772	0.109923286109	3.4466512718	3.4466512718	0.0846335550446	0.00113270216165
3.65535683788	3.65535683788	0.109808294318	3.31020595397	3.31020595397	0.0817730329155	0.000727272042636
3.99117091435	3.99117091435	0.115213243699	3.09757183301	3.09757183301	0.0896100388204	0.00143165146739
3.71609564273	3.71609564273	0.1130148008	3.20250175928	3.20250175928	0.0802597548268	0.000810740479312
3.75022986414	3.75022986414	0.108445114129	3.0972101285	3.0972101285	0.112660116934	0.000875899730526
3.70610689043	3.70610689043	0.0943358320339	3.51037171649	3.51037171649	0.0812412133926	0.00076303585179
3.7246585028	3.7246585028	0.103560811948	3.42404045674	3.42404045674	0.0719394906394	0.000597046591415
3.6788037976	3.6788037976	0.109367808492	3.50376725388	3.50376725388	0.0847202888413	0.000239771228846
3.61641235391	3.61641235391	0.113902336374	3.58164604429	3.58164604429	0.0811481356379	0.00120863567478
3.5014449468	3.5014449468	0.111806610342	3.51317509933	3.51317509933	0.083346484926	0.00108742343646
4.78086964751	4.78086964751	0.108054198742	3.33738238465	3.33738238465	0.0749778356982	0.000548855860993
3.93889443098	3.93889443098	0.108172189512	3.7367609688	3.7367609688	0.0853835072123	0.00102558419235
3.67391974898	3.67391974898	0.109784403738	3.67238508204	3.67238508204	0.0895283122022	0.000765639852597
3.69825458186	3.69825458186	0.0958305842791	3.49630943789	3.49630943789	0.0896751811334	0.000954919844791
3.75922931185	3.75922931185	0.114445190666	4.14382161811	4.14382161811	0.108041660645	0.000805057962053
4.01239102442	4.01239102442	0.107214656214	3.89366597149	3.89366597149	0.0911642522868	0.00043188790187
4.32976342759	4.32976342759	0.105111424501	3.35470065833	3.35470065833	0.0799763501944	0.00060423624699
4.30090753345	4.30090753345	0.118918576059	3.65842842041	3.65842842041	0.0847311090217	0.000375673675822
4.16051561323	4.16051561323	0.10369873417	4.10858132501	4.10858132501	0.0557448026264	0.000526830028375
3.69666301477	3.69666301477	0.10732234853	4.03937885682	4.03937885682	0.0807000108598	0.000627997146323
3.98917530553	3.98917530553	0.109497268924	4.21235808436	4.21235808436	0.0815636995146	0.000192143105455
3.91718636909	3.91718636909	0.0997609060731	3.92623138728	3.92623138728	0.0834478284775	0.000733121713655
3.78869272799	3.78869272799	0.104624817781	3.69680792527	3.69680792527	0.0953547808138	0.000601423940934
3.70987269797	3.70987269797	0.102783821684	3.26943440799	3.26943440799	0.108595228282	0.000826991584002
3.77639032371	3.77639032371	0.108068046936	3.09891981629	3.09891981629	0.0851271453366	0.00256472874511
3.79089597012	3.79089597012	0.106107683892	3.13891139764	3.13891139764	0.0850185405156	0.000985546090937
3.62266833938	3.62266833938	0.108136281233	3.61585247147	3.61585247147	0.0940036939239	0.000842228953991
3.71000958178	3.71000958178	0.0927563315193	3.59071757004	3.59071757004	0.0907412805496	0.000791966015515
4.19410135075	4.19410135075	0.106925669621	3.34363495502	3.34363495502	0.0854587940383	0.000548437596188
3.85164090456	3.85164090456	0.104738031718	3.38060825772	3.38060825772	0.0999879317904	0.000724951387651
3.3719188991	3.3719188991	0.1002436504	3.34709635718	3.34709635718	0.0896141867513	0.000795861893199
3.45343021064	3.45343021064	0.112855115549	3.46450169101	3.46450169101	0.0843089141042	0.00107758279615
3.38718134047	3.38718134047	0.101000456726	3.38076499413	3.38076499413	0.086040022572	0.00103150560845
3.45054134936	3.45054134936	0.105547787748	3.35827861381	3.35827861381	0.083746658143	0.000981824723482
3.55747870007	3.55747870007	0.108234441931	3.59009920755	3.59009920755	0.0741540242201	0.000843523111578
3.72185706264	3.72185706264	0.11704972311	3.64287388967	3.64287388967	0.0862157328466	0.000908313374872
3.91339944809	3.91339944809	0.103739959374	3.87188922922	3.87188922922	0.0843538968351	0.000556374518748
4.13732392917	4.13732392917	0.149040052795	3.70382633708	3.70382633708	0.075383362504	0.000581355303966
4.03992059205	4.03992059205	0.106295310526	3.79641403588	3.79641403588	0.0803623018143	0.000575316063526
3.71299396815	3.71299396815	0.100756151827	3.24223389192	3.24223389192	0.0818756582543	0.000512986323063
3.86833656426	3.86833656426	0.116158459549	3.31204987005	3.31204987005	0.0975476192328	0.00076047240324
3.77922692239	3.77922692239	0.111098203696	3.29851127288	3.29851127288	0.0897540212242	0.000874502153711
3.70818637428	3.70818637428	0.110811225885	3.79494601513	3.79494601513	0.0692844096549	0.00124532064768
3.6625015261	3.6625015261	0.106744236918	3.51180471524	3.51180471524	0.0839285793393	0.000742330571667
4.19237612003	4.19237612003	0.11085962085	3.5383833243	3.5383833243	0.0933081520878	0.000794239743043
3.90991247067	3.90991247067	0.107519480396	3.67410909155	3.67410909155	0.0960854841219	0.000692976385432
3.98226338933	3.98226338933	0.108266692865	3.56442980809	3.56442980809	0.10003216358	0.000781820689341
4.04131676878	4.04131676878	0.116288174438	3.49503456818	3.49503456818	0.0732887247339	0.000559042721427
4.14624987908	4.14624987908	0.120615862852	3.47341877371	3.47341877371	0.0885856247884	0.000515976943692
4.43202307328	4.43202307328	0.105334044111	3.73879664705	3.73879664705	0.0944243695234	0.000422495742316
3.74098028242	3.74098028242	0.105645803005	3.50200480428	3.50200480428	0.0873761118794	0.000856791361832
3.68978745613	3.68978745613	0.117014244892	3.44659306725	3.44659306725	0.0881103954697	0.000739632841384
3.66809059385	3.66809059385	0.108841504823	3.67686051839	3.67686051839	0.0747445867987	0.0010897779646
3.67660930652	3.67660930652	0.116160509163	3.66942202329	3.66942202329	0.0871048733004	0.00234902503085
3.67625189657	3.67625189657	0.10296949286	3.67811197519	3.67811197519	0.0847755629226	0.000521365755904
3.67269994644	3.67269994644	0.112104800359	3.67860894245	3.67860894245	0.0846233172427	0.000380447311156
3.75435665184	3.75435665184	0.112435815485	3.73594568323	3.73594568323	0.0887575812009	0.000575376060735
3.75991294096	3.75991294096	0.100775753218	3.7233174648	3.7233174648	0.0884786854896	0.000440464787277
3.41119803151	3.41119803151	0.0957422115562	3.40542424646	3.40542424646	0.0843528181439	0.00102538668214
3.48551199948	3.48551199948	0.110401121233	3.46297043687	3.46297043687	0.0773247663413	0.00103301232104
3.55396397775	3.55396397775	0.0985212540892	3.49238223865	3.49238223865	0.0781948976545	0.00107905040057
3.64750292134	3.64750292134	0.107925933106	3.63719587599	3.63719587599	0.0850763474509	0.000985201295834
3.65012406104	3.65012406104	0.110921855045	3.63798096308	3.63798096308	0.0919783009208	0.000940752287565
3.6496632462	3.6496632462	0.105326312079	3.64180622623	3.64180622623	0.0802515138002	0.000628400517027
3.62219300035	3.62219300035	0.106617831315	3.6196863499	3.6196863499	0.0804320266125	0.000247061340184
3.51148286931	3.51148286931	0.107061672699	3.48217947879	3.48217947879	0.0611207179008	0.00141282330878
3.59026652163	3.59026652163	0.104841003687	3.33877652773	3.33877652773	0.0850083976787	0.000911794174145
3.80107685361	3.80107685361	0.105865305851	3.36096002	3.36096002	0.0921050790659	0.00129689984104
3.83764625519	3.83764625519	0.0960102405629	3.31369128591	3.31369128591	0.081827868932	0.000723721933891
3.64327050881	3.64327050881	0.10038460194	3.28751248769	3.28751248769	0.0913218401917	0.000695996476261
3.50216170287	3.50216170287	0.103080600425	3.08279086899	3.08279086899	0.0865922125046	0.00083083340616
3.99298119245	3.99298119245	0.101603757124	3.35107372035	3.35107372035	0.0817573854065	0.000612009225986
4.13009977566	4.13009977566	0.108008659944	3.48460338521	3.48460338521	0.0874865715794	0.000604055258239
3.38966175811	3.38966175811	0.110985665596	3.43204993853	3.43204993853	0.085129812079	0.00123164745264
3.94765153588	3.94765153588	0.108308866647	3.6379852031	3.6379852031	0.0809360352606	0.000567215631864
3.7204177551	3.7204177551	0.110524023365	3.45421052667	3.45421052667	0.0863159004634	0.000843475588257
3.54942880067	3.54942880067	0.102915821511	3.32122207727	3.32122207727	0.0852015731657	0.00170336876608
3.99646952751	3.99646952751	0.105736326487	3.34695502305	3.34695502305	0.0937978906062	0.000780015819193
4.23265646222	4.23265646222	0.114299398237	3.19303890866	3.19303890866	0.0858286088414	0.000597637334783
3.63125004366	3.63125004366	0.117040179034	3.7178665456	3.7178665456	0.0783346901384	0.00196451709351
4.4780543163	4.4780543163	0.103809915603	4.04141686467	4.04141686467	0.0754574095838	0.00036755314175
4.02036273446	4.02036273446	0.104012686011	3.79299743938	3.79299743938	0.060457863387	0.000670178685233
3.94391832368	3.94391832368	0.116891481488	3.81310271117	3.81310271117	0.0855493316042	0.000439757960152
3.84255365511	3.84255365511	0.107482873492	3.56783786999	3.56783786999	0.0786418537945	0.000672187570067
3.49997700337	3.49997700337	0.103764759317	3.49628259148	3.49628259148	0.0871912276094	0.000545908951239
3.8906419813	3.8906419813	0.102613068052	3.36354964982	3.36354964982	0.0845681963909	0.000461784637667
4.00129068611	4.00129068611	0.102719105836	3.33923072767	3.33923072767	0.0798654850045	0.000786376521187
4.18938660216	4.18938660216	0.104630705423	3.65846624091	3.65846624091	0.0851023430336	0.000535897118216
3.75593699641	3.75593699641	0.108727754182	3.38345511473	3.38345511473	0.074392186593	0.000800852413246
3.90642413275	3.90642413275	0.102261864496	3.45043187011	3.45043187011	0.0841991245501	0.000807239604641
3.57294209582	3.57294209582	0.106806320477	3.61961911768	3.61961911768	0.0853440858689	0.00105762712952
3.37375154388	3.37375154388	0.10570215916	3.2669008959	3.2669008959	0.0881214320165	0.00319630435679
3.35245704926	3.35245704926	0.107558234149	3.43418742822	3.43418742822	0.082055529702	0.0012480933174
3.57894493227	3.57894493227	0.109164361927	3.86199750781	3.86199750781	0.0784086335441	0.00063840959073
3.98417822839	3.98417822839	0.106014410893	3.92175809487	3.92175809487	0.0775932595839	0.000563503333566
3.97381218209	3.97381218209	0.109867280194	3.82610678203	3.82610678203	0.0848840237542	0.000323042428105
3.81823100496	3.81823100496	0.108924099283	3.76809080849	3.76809080849	0.0879290986769	0.000616746643752
3.95654713494	3.95654713494	0.107388531486	3.51456176427	3.51456176427	0.0850006037861	0.000301737228927
3.68750639926	3.68750639926	0.081782682532	3.717444239	3.717444239	0.0866215108039	0.00190239598274
3.69262464077	3.69262464077	0.103066560687	3.85029961387	3.85029961387	0.0846036990095	0.00061575619552
3.77388957402	3.77388957402	0.103305812304	3.67488685548	3.67488685548	0.0864030306468	0.00060213212049
3.71883696074	3.71883696074	0.105416206632	3.67825899695	3.67825899695	0.0835308574435	0.00064512253879
3.74965242224	3.74965242224	0.110058517522	3.79961320664	3.79961320664	0.0884625715398	0.000947344429239
3.70977767846	3.70977767846	0.102166761483	3.72313817356	3.72313817356	0.0804665689408	0.000474402668823
4.04272049992	4.04272049992	0.105333584213	3.47292566939	3.47292566939	0.0837946401105	0.00062430477896
3.54848509563	3.54848509563	0.0965268259944	3.39117212141	3.39117212141	0.084952285095	0.000944471263013
3.70915060323	3.70915060323	0.121493524259	3.27628559	3.27628559	0.133109655179	0.000878005973333
3.87334739244	3.87334739244	0.112436161186	3.15681502849	3.15681502849	0.0892777142166	0.000900260202299
3.37499187377	3.37499187377	0.106655231442	3.02836533034	3.02836533034	0.0851427404673	0.00112638790518
3.33757296481	3.33757296481	0.104492350034	3.22521167916	3.22521167916	0.0754667700519	0.000745759765525
3.69821175109	3.69821175109	0.103618729991	2.97012486318	2.97012486318	0.0954297611179	0.000892706881763
3.78802329572	3.78802329572	0.104017129637	3.46312262862	3.46312262862	0.0827898235268	0.000823881071377
4.08312249807	4.08312249807	0.103258187053	3.4426662926	3.4426662926	0.0855944878239	0.000712171399833
3.82123322309	3.82123322309	0.0926284954828	3.37385236613	3.37385236613	0.0834736538267	0.000765560386361
4.09498622732	4.09498622732	0.118903150767	3.37848429865	3.37848429865	0.0808515730565	0.000451746798653
3.56483211983	3.56483211983	0.108183645035	3.4461364724	3.4461364724	0.0808525484746	0.000367714515747
4.19101506879	4.19101506879	0.106649758932	3.26580389053	3.26580389053	0.0853394364886	0.00055350726506
3.94886630316	3.94886630316	0.105861495358	3.58690457054	3.58690457054	0.0846442489351	0.000474126969852
3.91092189831	3.91092189831	0.102918011874	3.68438212046	3.68438212046	0.0817214998691	0.000138805368003
3.71927992162	3.71927992162	0.107446567826	3.5716486604	3.5716486604	0.0802517764407	0.000369174921726
3.81472392981	3.81472392981	0.0992322541591	3.52573256112	3.52573256112	0.0860802706139	0.000629076850764
3.73251333123	3.73251333123	0.110347177933	3.60408641111	3.60408641111	0.0857610681294	0.000709333043162
3.66710923313	3.66710923313	0.109267945337	3.62553461897	3.62553461897	0.0761271228504	0.000647680952928
3.90362622382	3.90362622382	0.0733511653361	3.24522515637	3.24522515637	0.0718200073344	0.000735167699984
3.78192512453	3.78192512453	0.10657568692	3.08953665048	3.08953665048	0.0911779056849	0.000855290783502
3.71420807818	3.71420807818	0.108272628109	2.86794953616	2.86794953616	0.0965981913886	0.000851632861138
3.85926374913	3.85926374913	0.11059122191	3.14791533683	3.14791533683	0.0873407600658	0.000859393608387
3.88322360488	3.88322360488	0.109438749938	3.63754271334	3.63754271334	0.0846855892918	0.000539624587731
4.15547229861	4.15547229861	0.103244628739	3.45420689306	3.45420689306	0.0926365023132	0.000497847237766
3.90392351736	3.90392351736	0.107753176308	3.12114206152	3.12114206152	0.085804644857	0.000845953909706
4.23843950317	4.23843950317	0.103090233484	3.42111410138	3.42111410138	0.0835842593495	0.000536592253422
3.99427339696	3.99427339696	0.107325738747	3.34923169473	3.34923169473	0.088926702934	0.000637154409486
3.82108802512	3.82108802512	0.109855636347	4.06569378955	4.06569378955	0.108661890683	0.000618741907931
3.85041267367	3.85041267367	0.0973468599585	3.48367199036	3.48367199036	0.0949393740358	0.000558364327683
3.78277319558	3.78277319558	0.0968474297877	3.56991792226	3.56991792226	0.0855047280796	0.000769222180288
4.1701389601	4.1701389601	0.140847166088	3.74648782474	3.74648782474	0.082063243728	0.00042519834123
3.74264357603	3.74264357603	0.11016931918	3.56641893043	3.56641893043	0.08996101825	0.00025959493622
4.21963505523	4.21963505523	0.111747237208	3.71424020816	3.71424020816	0.0809552376656	0.000449752345703
3.59858594639	3.59858594639	0.107631104917	3.55329923486	3.55329923486	0.0840348416038	0.000906110291066
3.57123582265	3.57123582265	0.101826379237	3.17316331897	3.17316331897	0.0804424956758	0.000926412547716
3.50420833272	3.50420833272	0.109195006943	3.1719709541	3.1719709541	0.0906133034113	0.000617639677062
3.91522833066	3.91522833066	0.105698735665	3.16649511673	3.16649511673	0.0841792575335	0.000830028552128
3.86936653281	3.86936653281	0.100357185878	3.21365987656	3.21365987656	0.0820239570696	0.000745007659434
4.02412655457	4.02412655457	0.0937157129383	2.96581820228	2.96581820228	0.0756800425444	0.000913753306508
3.87377638873	3.87377638873	0.108876500851	3.15767803636	3.15767803636	0.0820586927737	0.000865716655313
3.56280851812	3.56280851812	0.10818129561	3.08885519958	3.08885519958	0.0831421461981	0.00101548294473
3.94547760082	3.94547760082	0.111503745016	3.1734883	3.1734883	0.082861646389	0.00070186460639
4.01906636585	4.01906636585	0.112904749316	3.40287443655	3.40287443655	0.0886574786967	0.000845860635103
3.88693981344	3.88693981344	0.10746125955	3.37720005944	3.37720005944	0.0849316585768	0.000697151453413
3.81979856198	3.81979856198	0.104331780522	3.17788297979	3.17788297979	0.0924406824186	0.000348816346744
3.65043571639	3.65043571639	0.0974801661232	3.35183605278	3.35183605278	0.0842239037356	0.000904086466574
3.84506114331	3.84506114331	0.107412062435	3.58770844834	3.58770844834	0.0932255761509	0.000684999789324
3.72338999507	3.72338999507	0.108356904843	3.48774336182	3.48774336182	0.0866234117775	0.000648344653609
3.71751924881	3.71751924881	0.107796867384	3.75941589386	3.75941589386	0.0842929884592	0.000778551660968
3.60633826852	3.60633826852	0.100171545023	3.49239431305	3.49239431305	0.0868467485534	0.000828378965767
3.48424378088	3.48424378088	0.100679700625	3.15431418623	3.15431418623	0.0877180862597	0.000957962911064
3.7614912066	3.7614912066	0.107102351648	3.74629679901	3.74629679901	0.102462010106	0.00104608220325
3.81635388938	3.81635388938	0.10676807212	3.66955450488	3.66955450488	0.0838308557598	0.00055147847136
3.88508328552	3.88508328552	0.119887625348	3.4207367471	3.4207367471	0.10570133175	0.000704397852209
4.21070180695	4.21070180695	0.106488149875	3.72431733717	3.72431733717	0.0862944668923	0.000516937104181
3.79923783341	3.79923783341	0.11155297205	3.52320235504	3.52320235504	0.095166950207	0.000619191861066
4.3877755378	4.3877755378	0.0972354392391	3.64665691413	3.64665691413	0.0845109175267	0.000528707567217
3.85994279377	3.85994279377	0.113673208725	3.39787700204	3.39787700204	0.0829627573734	0.000408116079298
3.94685220446	3.94685220446	0.108380832202	3.77488804276	3.77488804276	0.0821235505326	0.00117973211581
4.12169886662	4.12169886662	0.107451758983	3.87159354872	3.87159354872	0.0842564397666	0.000447093250766
4.07946369561	4.07946369561	0.108555223958	4.12347924804	4.12347924804	0.0639299224953	0.000499769527707
3.56229303529	3.56229303529	0.10199922116	3.26416635114	3.26416635114	0.0749362356077	0.00105066081729
3.7569841247	3.7569841247	0.109281423811	3.42741324829	3.42741324829	0.0864581499384	0.000689857978051
3.68266289802	3.68266289802	0.0952058016759	3.74716234767	3.74716234767	0.084332708668	0.000606784770708
4.2911960771	4.2911960771	0.107338273601	3.40724820888	3.40724820888	0.08420937159	0.000732602763828
4.04940164517	4.04940164517	0.10178808489	3.39563657376	3.39563657376	0.0815704128642	0.000637673540693
3.54371557582	3.54371557582	0.103727363655	3.48612214973	3.48612214973	0.0857298716787	0.00251242168595
3.59009664906	3.59009664906	0.107259573921	3.47713546521	3.47713546521	0.0837908845943	0.000741617184637
3.60157017269	3.60157017269	0.10705277371	3.62150152665	3.62150152665	0.0834976127661	0.000871049999142
3.85477784815	3.85477784815	0.0931724600915	3.63625954858	3.63625954858	0.084966654048	0.000351615645094
4.20159398222	4.20159398222	0.112248531216	3.46817906806	3.46817906806	0.0815061542797	0.000909837165183
4.06966975422	4.06966975422	0.111483438704	3.30071968609	3.30071968609	0.0821609580912	0.00055206798381
3.79153781077	3.79153781077	0.10524954105	3.30696869119	3.30696869119	0.0735008961745	0.00074878782457
3.7049851896	3.7049851896	0.10596452959	3.24974187393	3.24974187393	0.0845653785381	0.000828031134885
4.29876457532	4.29876457532	0.107751100732	3.6933978113	3.6933978113	0.0797480656842	0.000660230538214
4.01218614232	4.01218614232	0.11144153209	3.09318912175	3.09318912175	0.0847999862201	0.000696231700951
4.07841282727	4.07841282727	0.106631917746	3.61236105299	3.61236105299	0.0845014677664	0.000553652277367
4.05816437507	4.05816437507	0.0977486027797	3.6810382979	3.6810382979	0.0819664475616	0.000540907876179
3.91606046369	3.91606046369	0.119335421045	3.45678626192	3.45678626192	0.100457828298	0.000551833650447
4.51435849838	4.51435849838	0.0992497093973	4.00354985948	4.00354985948	0.0746257586484	0.000412224971589
4.52806222889	4.52806222889	0.115073645448	3.66664340522	3.66664340522	0.0855315480336	0.000453131935764
4.7723613415	4.7723613415	0.106681378292	3.79412424078	3.79412424078	0.0789010323482	0.00036771355444
4.56545454853	4.56545454853	0.10517451737	3.77640843068	3.77640843068	0.0894726579348	0.000403778600582
4.32488821164	4.32488821164	0.0886260058878	3.7978811938	3.7978811938	0.0782210391174	0.000407166942494
4.44532730621	4.44532730621	0.105900674372	3.55406568096	3.55406568096	0.0828960658142	0.000461161599005
4.38652817814	4.38652817814	0.111002825471	3.66481040889	3.66481040889	0.0752388802806	0.000465541204401
4.5290327653	4.5290327653	0.106821479115	3.72006107468	3.72006107468	0.0873489350769	0.000432840309029
4.3490341569	4.3490341569	0.105853884951	3.69852917542	3.69852917542	0.0856124088868	0.000448182785973
4.1272016277	4.1272016277	0.106290068472	3.81344620661	3.81344620661	0.0935661790516	0.000393963733988
4.1298582831	4.1298582831	0.103883334839	3.80628153713	3.80628153713	0.0706259204259	0.00029666669452
3.95841513997	3.95841513997	0.106986055338	3.91450806986	3.91450806986	0.0841413615158	0.000370962532974
3.96237412186	3.96237412186	0.113695034306	3.93461685845	3.93461685845	0.0825234121394	0.000434876417808
4.11524357869	4.11524357869	0.107300165438	3.90475951352	3.90475951352	0.0854201639994	0.000403133254393
3.70912653408	3.70912653408	0.109769633361	3.71029089936	3.71029089936	0.150274979718	0.000811103627306
3.4718613488	3.4718613488	0.11096248354	3.6764595817	3.6764595817	0.0828134661863	0.00089352891521
3.70678355143	3.70678355143	0.10533799245	3.47855388065	3.47855388065	0.0845321304754	0.000694130285245
3.80380913444	3.80380913444	0.107682677006	3.61473242156	3.61473242156	0.083111678987	0.000685651957698
4.33140380504	4.33140380504	0.102665017184	3.5842397382	3.5842397382	0.0884713883876	0.000482053968639
4.19554405416	4.19554405416	0.106823200015	3.72474024546	3.72474024546	0.095720835699	0.000439636983363
4.15085639158	4.15085639158	0.1083754332	3.47687338044	3.47687338044	0.088496257938	0.000590659292671
4.20499114779	4.20499114779	0.111784122283	3.51837495837	3.51837495837	0.0912009470156	0.000483362855705
4.26433170498	4.26433170498	0.102248351907	3.54510030496	3.54510030496	0.0881957505697	0.000492216968416
4.37988976683	4.37988976683	0.106210664602	3.52071340544	3.52071340544	0.081577211931	0.000502049047683
4.18302269393	4.18302269393	0.100181139182	3.14481538422	3.14481538422	0.08392763926	0.000663906192519
4.19746845332	4.19746845332	0.105870081449	3.59335278367	3.59335278367	0.0936022928242	0.000521633138314
4.24179817786	4.24179817786	0.107893288466	3.47250148719	3.47250148719	0.0917222497085	0.000488791448549
4.04495259415	4.04495259415	0.10771475047	3.38707387659	3.38707387659	0.0848301879327	0.000477570605922
3.87355647929	3.87355647929	0.107637225091	3.65995607921	3.65995607921	0.0887907184917	0.000399252569167
3.93037067409	3.93037067409	0.109055135062	3.35280415872	3.35280415872	0.0829778738969	0.000795929766699
4.12364703447	4.12364703447	0.102712847098	3.46996979311	3.46996979311	0.0812514044633	0.000801450314352
3.50666571766	3.50666571766	0.0990154655391	3.42440824302	3.42440824302	0.0840990366677	0.000702459059557
3.44589454206	3.44589454206	0.103708689356	3.71049592537	3.71049592537	0.0819927788205	0.000994644076256
3.47463899405	3.47463899405	0.108315868679	3.52782270384	3.52782270384	0.0893564908381	0.000924263289783
3.56431634413	3.56431634413	0.108650910861	3.7559433396	3.7559433396	0.0795945067001	0.00114294837148
3.97180265974	3.97180265974	0.108336037554	3.52813529763	3.52813529763	0.0848003910994	0.000243995644034
3.40428273445	3.40428273445	0.107491225497	3.06623825524	3.06623825524	0.0845577458987	0.000441124961225
3.4993274913	3.4993274913	0.0832353900909	3.1004480699	3.1004480699	0.0829394527785	0.00105937193119
3.57888625946	3.57888625946	0.100315276663	3.55849459198	3.55849459198	0.0857538980696	0.000419120893729
3.51870484527	3.51870484527	0.110382051979	3.21562973675	3.21562973675	0.0866611722599	0.00185361694636
3.9623380887	3.9623380887	0.101144132895	3.47400682009	3.47400682009	0.0922314434494	0.000684120791181
4.31584106245	4.31584106245	0.115244728133	3.78768881559	3.78768881559	0.0862768619699	0.000479546959323
4.01376350557	4.01376350557	0.110721697666	3.41093759842	3.41093759842	0.0813428279683	0.000592168493062
4.29120932922	4.29120932922	0.112705735143	3.48305907259	3.48305907259	0.0896576488285	0.000521269721465
4.30353367402	4.30353367402	0.11389879512	3.4356405197	3.4356405197	0.0861964168165	0.000510063105052
4.31716652685	4.31716652685	0.110096146979	3.57927624966	3.57927624966	0.0727155444891	0.000492293829255
4.19862800195	4.19862800195	0.106567954643	3.64339979214	3.64339979214	0.0849815470992	0.000516761066102
4.13167580438	4.13167580438	0.142107740401	3.5858528166	3.5858528166	0.0603980417817	0.000484689138131
4.19453670048	4.19453670048	0.103254041904	4.73906424922	4.73906424922	0.089410214209	0.000543359407917
4.20846582219	4.20846582219	0.0965469410261	3.44789217752	3.44789217752	0.0854521377522	0.000543150214375
4.24405645824	4.24405645824	0.11128468832	3.48303082771	3.48303082771	0.0929909728609	0.000572054283511
4.11423462486	4.11423462486	0.107799740976	3.64322763722	3.64322763722	0.0833449309062	0.00121888593996
4.11426356662	4.11426356662	0.108550742351	3.70074785914	3.70074785914	0.0847249770055	0.00131308310534
4.30007462369	4.30007462369	0.106891798974	3.75198547196	3.75198547196	0.0974348655296	0.000511426071132
4.37757854077	4.37757854077	0.106311641147	3.62981608684	3.62981608684	0.0835362346023	0.000481489026296
3.69462980212	3.69462980212	0.107976215655	3.22059081566	3.22059081566	0.0903644059893	0.00065342268689
3.93864729723	3.93864729723	0.101733540211	3.3619324801	3.3619324801	0.0828784618256	0.000778908782448
3.79039824198	3.79039824198	0.106861159505	3.472447823	3.472447823	0.0829465563483	0.000642586156522
3.51341594635	3.51341594635	0.111319947798	3.70116272104	3.70116272104	0.0820212578296	0.00190374120643
3.72570263458	3.72570263458	0.098104942009	3.60951244031	3.60951244031	0.0893822645597	0.000524821869551
3.74406145168	3.74406145168	0.103552034893	3.07681533183	3.07681533183	0.0849225036356	0.000969544558262
3.57488968364	3.57488968364	0.100626128496	3.31324255735	3.31324255735	0.0891523812733	0.000690446464159
3.68726232241	3.68726232241	0.108907630909	3.31324255735	3.31324255735	0.084979515353	0.000917705867275
3.96625574547	3.96625574547	0.106800005181	3.31204536345	3.31204536345	0.0818198391225	0.000968818518233
3.42927457674	3.42927457674	0.122246972154	3.45794153361	3.45794153361	0.0689002690632	0.000456986028801
3.57755168001	3.57755168001	0.106049926412	3.51598489123	3.51598489123	0.0846024151642	0.000466412965296
3.81815837462	3.81815837462	0.109351758813	3.61428249666	3.61428249666	0.0850871256153	0.00119931442684
3.87819896693	3.87819896693	0.109420954011	3.52105912101	3.52105912101	0.0831663397672	0.000817377658072
4.1340851214	4.1340851214	0.108414723397	3.25006256631	3.25006256631	0.0848139643593	0.000659072095042
4.01796971319	4.01796971319	0.100876971888	3.44410862303	3.44410862303	0.0761882333525	0.000572700822474
3.39322594793	3.39322594793	0.100920549335	3.21703292841	3.21703292841	0.0764062598177	0.00168647105732
3.4153268003	3.4153268003	0.105470393624	3.33433899313	3.33433899313	0.0880780310541	0.000800777241136
3.45838907626	3.45838907626	0.11127641351	2.89657160132	2.89657160132	0.0855305645695	0.00128579137869
3.64016582806	3.64016582806	0.0976612038623	3.53850087709	3.53850087709	0.0949410710888	0.000685416399844
3.58659996806	3.58659996806	0.091012857308	3.5643705263	3.5643705263	0.0805285538025	0.000620139656126
3.55944924884	3.55944924884	0.117194965745	3.49568742303	3.49568742303	0.0925175143282	0.000440268366868
3.64627717567	3.64627717567	0.110745014935	3.36733237115	3.36733237115	0.0880993378834	0.000658373004229
3.63316793511	3.63316793511	0.0979273187232	3.74052838354	3.74052838354	0.0760410698685	0.000663071172072
3.81001619401	3.81001619401	0.0963918459065	3.63759799633	3.63759799633	0.0820089618337	0.000366996521464
3.32492137322	3.32492137322	0.103287181566	3.29743204136	3.29743204136	0.0801686001723	0.000957038757348
4.22393662073	4.22393662073	0.106001760642	3.24023872528	3.24023872528	0.0788879492706	0.00115524413439
3.50816182726	3.50816182726	0.109932065101	3.59969977792	3.59969977792	0.078729593369	0.000824018683459
3.67867005898	3.67867005898	0.10666884212	3.61124871943	3.61124871943	0.0932189792874	0.000767890565595
3.98491099388	3.98491099388	0.13323056252	3.78550070172	3.78550070172	0.0839851345296	0.000495352411992
3.98545501718	3.98545501718	0.113189582731	3.95433699567	3.95433699567	0.065275499904	0.000501284937062
3.78078781443	3.78078781443	0.106133363084	3.70350141324	3.70350141324	0.0922847158106	0.00063351640408
3.85724873793	3.85724873793	0.110965165014	3.86327651034	3.86327651034	0.0853524245848	0.000646644738608
3.80086426378	3.80086426378	0.121034477219	3.74761311371	3.74761311371	0.0821872459205	0.0011886009761
3.98490917529	3.98490917529	0.104863568467	3.91613970903	3.91613970903	0.084251847654	0.00053762916869
3.48927697887	3.48927697887	0.104675788587	3.41984960937	3.41984960937	0.0769407465207	0.000644135856039
3.77581444221	3.77581444221	0.104516338519	3.24500166159	3.24500166159	0.0873752875863	0.00098812390041
3.62698452362	3.62698452362	0.103504419779	3.45233370686	3.45233370686	0.082469142608	0.000594429700806
3.60753193614	3.60753193614	0.114457830337	3.56702353653	3.56702353653	0.0761854221036	0.00132011981971
3.73539277416	3.73539277416	0.11201151698	3.67503651553	3.67503651553	0.0846572844095	0.000771506878415
3.73839171987	3.73839171987	0.101212443568	3.50264760915	3.50264760915	0.0822341916993	0.000907314671939
3.84542281942	3.84542281942	0.105369055261	3.10268765624	3.10268765624	0.0850974754276	0.000868098559859
3.63488732391	3.63488732391	0.108428803951	3.15539840619	3.15539840619	0.084074777011	0.000619246794815
3.89736402021	3.89736402021	0.108295751897	3.72511777245	3.72511777245	0.0863751044681	0.000587819655964
3.86574265134	3.86574265134	0.0952559963826	3.38622792148	3.38622792148	0.0850210217268	0.000569772229748
3.72035215098	3.72035215098	0.110324661236	3.73257124884	3.73257124884	0.0889929703184	0.000682206219884
4.04933606116	4.04933606116	0.108048458382	3.29833319021	3.29833319021	0.0850361980733	0.00127425104953
3.86292499505	3.86292499505	0.102871609739	3.28691506987	3.28691506987	0.0945236405878	0.000790741473768
3.94127339256	3.94127339256	0.108356966349	3.83775920848	3.83775920848	0.0824216344025	0.00108566347874
4.09376775692	4.09376775692	0.108894027498	3.59075277729	3.59075277729	0.0866753102943	0.000678585049553
3.74270658013	3.74270658013	0.108175203213	3.55644895974	3.55644895974	0.0820664797071	0.000654452222199
3.56861851009	3.56861851009	0.123360546013	3.59966461293	3.59966461293	0.0856647587833	0.0010310236491
3.42382294205	3.42382294205	0.115745974929	3.42712988864	3.42712988864	0.105392381139	0.000811719099962
3.42409097213	3.42409097213	0.108523193831	3.45444008798	3.45444008798	0.0825464160803	0.000992192136184
3.49645619344	3.49645619344	0.104585448313	3.58166993749	3.58166993749	0.0841302650604	0.000948770299495
3.53383295076	3.53383295076	0.114477185695	3.5482071971	3.5482071971	0.107197843375	0.000929727436838
3.5734855996	3.5734855996	0.107816024103	3.42192436047	3.42192436047	0.0841364956565	0.000528605766839
3.72230144485	3.72230144485	0.107737446186	3.47378554301	3.47378554301	0.0846125172995	0.000848302302215
3.65009652528	3.65009652528	0.116234994259	3.6078099426	3.6078099426	0.0745640543597	0.000530041197443
3.74386258381	3.74386258381	0.109078109807	3.70806702105	3.70806702105	0.0821920413255	0.00117181034278
4.38622541316	4.38622541316	0.0992631030206	3.59485911044	3.59485911044	0.0940494184619	0.000254567170108
4.33219362023	4.33219362023	0.100439836266	3.92409160451	3.92409160451	0.0657852773271	0.00037088783292
4.39531881762	4.39531881762	0.089320554637	3.45631659018	3.45631659018	0.0840205052942	0.00038546658984
4.26134005361	4.26134005361	0.0998242559648	3.94228038238	3.94228038238	0.0830862931889	0.000404075089165
4.10464441306	4.10464441306	0.112646154573	4.15557791818	4.15557791818	0.0795287704685	0.000375271012863
3.88723794076	3.88723794076	0.107398946826	3.70843401127	3.70843401127	0.0807770577871	0.00187283090658
3.88322544895	3.88322544895	0.107779660801	3.6570663835	3.6570663835	0.0824695445307	0.000422138467433
3.93982931756	3.93982931756	0.10247835592	3.57630255065	3.57630255065	0.0922699148303	0.000673965857893
4.21812656919	4.21812656919	0.107524213572	3.5125454903	3.5125454903	0.0834280410951	0.000389447918873
4.29831693624	4.29831693624	0.106915896964	3.56608901511	3.56608901511	0.082415640949	0.000268855791171
4.10095333176	4.10095333176	0.107448264746	3.24286621972	3.24286621972	0.0812780799145	0.000634583378891
3.56340335721	3.56340335721	0.108336842462	3.26842549564	3.26842549564	0.0961388148577	0.000986416439906
3.7370057088	3.7370057088	0.0987021045876	3.73890768711	3.73890768711	0.0940938243728	0.000240268671839
3.65175388224	3.65175388224	0.0748069939974	3.0860257516	3.0860257516	0.0933349959815	0.000890715651831
3.8764410428	3.8764410428	0.104748298692	3.77307331711	3.77307331711	0.0829380248113	0.000587379558788
4.06351236655	4.06351236655	0.107142566663	3.84510781538	3.84510781538	0.0820239535623	0.000257579420567
4.21176292168	4.21176292168	0.113982173393	3.93802025012	3.93802025012	0.0824282474539	0.000358443539583
4.48957030741	4.48957030741	0.11009864912	3.3512318984	3.3512318984	0.0877934117947	0.000602600207848
4.06431401086	4.06431401086	0.109505607503	3.41580203592	3.41580203592	0.0810213645051	0.000547900153716
4.02556593646	4.02556593646	0.109687872091	3.43907079549	3.43907079549	0.0908909606629	0.000555066863056
4.14125102964	4.14125102964	0.104366102985	3.5263266681	3.5263266681	0.0916521875518	0.000553763376875
4.08074109081	4.08074109081	0.105991863834	3.46433110159	3.46433110159	0.0817851580401	0.000567997768858
4.19565574736	4.19565574736	0.103773424818	3.29126818979	3.29126818979	0.0701179386103	0.000557546082316
4.18118822268	4.18118822268	0.107609183843	3.27648819811	3.27648819811	0.0854441108401	0.000563054973638
4.1173933053	4.1173933053	0.114347805666	3.38127907853	3.38127907853	0.0862531416987	0.000529830763784
3.90361435368	3.90361435368	0.104612717824	3.52030331135	3.52030331135	0.0866362952903	0.000467092259526
4.14833688845	4.14833688845	0.103351879785	3.44845913636	3.44845913636	0.0791583122917	0.000691894416382
4.32761424289	4.32761424289	0.0988581469773	3.55718063348	3.55718063348	0.0807655538305	0.000574033129477
4.33775039598	4.33775039598	0.10244737104	3.49563744777	3.49563744777	0.106315432995	0.000263094519149
4.00677591972	4.00677591972	0.113853084871	3.58916698911	3.58916698911	0.085115782507	0.000548682209215
4.16708472222	4.16708472222	0.107005540631	3.56717354567	3.56717354567	0.0835673545809	0.000571038717641
4.14386714014	4.14386714014	0.116041125619	3.58825746308	3.58825746308	0.0836056153836	0.000580456284484
4.2555291758	4.2555291758	0.108801451483	3.63917503954	3.63917503954	0.0848843180584	0.000543283586877
4.09253286275	4.09253286275	0.111338809933	3.5067801153	3.5067801153	0.0910325962494	0.0005968557214
4.12140460093	4.12140460093	0.114880145074	3.55683241059	3.55683241059	0.078248331984	0.000570282097151
4.03422825712	4.03422825712	0.111479407234	3.54678443137	3.54678443137	0.0938533629709	0.000710907879542
4.14234499834	4.14234499834	0.107740707914	3.32763017306	3.32763017306	0.0828312212632	0.000618732699044
3.95325319865	3.95325319865	0.109282724307	3.38837636731	3.38837636731	0.0930611332968	0.000666201582761
3.76859230134	3.76859230134	0.108905645056	3.85668585757	3.85668585757	0.0913951653315	0.00107841650095
3.95117913622	3.95117913622	0.1012761879	3.88768285254	3.88768285254	0.083495766714	0.000682292330492
4.05412933839	4.05412933839	0.100529904866	3.35705541005	3.35705541005	0.084720829085	0.000517693032746
3.92861698312	3.92861698312	0.10536771067	3.19452255017	3.19452255017	0.0844389786337	0.000675606903799
3.90130180563	3.90130180563	0.114324156733	3.30945435602	3.30945435602	0.105673562239	0.000667779323939
3.98877959605	3.98877959605	0.102744783745	3.31624352319	3.31624352319	0.0828774688898	0.000766472572343
3.72897779713	3.72897779713	0.106805431842	3.72454852405	3.72454852405	0.082798042072	0.000281194667437
3.72653826889	3.72653826889	0.121093420461	3.71530793616	3.71530793616	0.0773825962501	0.000733242919572
3.65008805102	3.65008805102	0.107005620371	3.7281957754	3.7281957754	0.0867501554037	0.000739997581774
3.94777444945	3.94777444945	0.110430757444	3.62050589922	3.62050589922	0.0840640891742	0.000567030219266
3.90367177509	3.90367177509	0.115371797302	3.76787641259	3.76787641259	0.0837199713635	0.00060081185736
3.88594468908	3.88594468908	0.108732354049	3.88380687992	3.88380687992	0.0908187843727	0.000331387970792
4.0667078296	4.0667078296	0.105110851127	3.95949821464	3.95949821464	0.0817107924088	0.000454659468247
3.87704270223	3.87704270223	0.110230373436	3.6989783926	3.6989783926	0.0802892539068	0.000463898115276
3.90568276806	3.90568276806	0.108408782986	3.36499634635	3.36499634635	0.079941470378	0.000748377483301
3.99891677086	3.99891677086	0.106442165348	3.31715757502	3.31715757502	0.0839439761174	0.000652516302722
3.84258287538	3.84258287538	0.106734039739	3.23222034879	3.23222034879	0.082161431838	0.000884943400173
3.51352283883	3.51352283883	0.10773997579	3.59606106306	3.59606106306	0.080801851612	0.000708177120897
3.88090267445	3.88090267445	0.133513219756	3.62063181251	3.62063181251	0.0803812158392	0.000141320352789
3.72342570056	3.72342570056	0.103490872221	3.53520968902	3.53520968902	0.0899656239215	0.00066192520301
3.7515836709	3.7515836709	0.113642829554	3.70957483109	3.70957483109	0.082211414167	0.000553839429251
3.65440150573	3.65440150573	0.100236851898	3.66120172249	3.66120172249	0.0802143858408	0.000588925278034
3.86593279084	3.86593279084	0.104356024797	3.75913753048	3.75913753048	0.0825165872388	0.000982309120565
3.84661048317	3.84661048317	0.10667830312	3.85820375609	3.85820375609	0.0881282836307	0.000394236724188
3.89747895293	3.89747895293	0.0985634579164	3.87746887944	3.87746887944	0.0865995134752	0.000876683504276
3.88488682604	3.88488682604	0.12032255128	3.88309334095	3.88309334095	0.0827033828209	0.000527312321515
3.87521272393	3.87521272393	0.105191993101	3.88326358273	3.88326358273	0.0837434520523	0.000375750491926
3.87399874939	3.87399874939	0.108007716603	3.85741715703	3.85741715703	0.0811318678774	0.00101332803919
3.85721577892	3.85721577892	0.106692989871	3.84668885942	3.84668885942	0.0882983908572	0.000529422554479
3.85335811935	3.85335811935	0.115315086817	3.84682185096	3.84682185096	0.0631658729752	0.000583358482418
3.84779068958	3.84779068958	0.107600000781	3.85092615688	3.85092615688	0.0930186557727	0.000600003764505
3.81594223726	3.81594223726	0.112404821547	3.77615847669	3.77615847669	0.0817411098452	0.000847762287631
4.01032393182	4.01032393182	0.101051477918	3.90309300093	3.90309300093	0.07736175596	0.000497001499569
3.66952513993	3.66952513993	0.105454128716	3.72616035555	3.72616035555	0.118407654265	0.000550183505285
3.51909314282	3.51909314282	0.107355403933	3.62098549107	3.62098549107	0.0837159455648	0.00059122983658
3.98022807483	3.98022807483	0.0968758811842	3.27879381437	3.27879381437	0.0858119905362	0.000598991630177
3.97598233259	3.97598233259	0.105762547477	3.45736518812	3.45736518812	0.0835570322417	0.000602778443359
4.08198475869	4.08198475869	0.101923479616	3.40309710769	3.40309710769	0.0909207817453	0.000619014520508
3.79870870695	3.79870870695	0.0990396565562	3.41611122475	3.41611122475	0.0834896808651	0.000695541051517
3.99572056331	3.99572056331	0.106372213515	3.34536642359	3.34536642359	0.0772907507118	0.000688264957672
4.09074255196	4.09074255196	0.107818284763	3.43767709593	3.43767709593	0.0805090317041	0.000566775958961
4.10389014694	4.10389014694	0.11902401763	3.36976270224	3.36976270224	0.0863805146019	0.000840445927192
4.0375901399	4.0375901399	0.110640941046	3.66177545536	3.66177545536	0.0860917095577	0.000876163245552
4.03472722755	4.03472722755	0.102593516005	3.41950674214	3.41950674214	0.0948330214857	0.000581169205869
4.17937409348	4.17937409348	0.0997990280843	3.63053239693	3.63053239693	0.0795956194322	0.00045512491439
3.83235329963	3.83235329963	0.107883793017	3.39930717201	3.39930717201	0.0713434019271	0.000683054434984
3.68322202512	3.68322202512	0.111862194749	3.40884720469	3.40884720469	0.0943902676939	0.000676805587324
3.76010855458	3.76010855458	0.107678903938	3.34015366832	3.34015366832	0.0858779696817	0.000956559525357
3.42253238938	3.42253238938	0.108443357196	3.39534351818	3.39534351818	0.0825338288323	0.000586680270455
3.37809600959	3.37809600959	0.109787601619	3.48192447034	3.48192447034	0.0881544225517	0.000797161285866
3.96473102902	3.96473102902	0.120073307548	3.40273515968	3.40273515968	0.0876064883881	0.00108157542873
3.94188076827	3.94188076827	0.105227320272	3.4968925985	3.4968925985	0.0845761786933	0.000577223510279
3.67304876888	3.67304876888	0.107799515873	3.40352339067	3.40352339067	0.0843657036297	0.000797091710838
4.20299231515	4.20299231515	0.106991878615	3.65178652643	3.65178652643	0.0848633404404	0.000477957355242
4.48888160697	4.48888160697	0.105314596937	3.69011373277	3.69011373277	0.0717672419088	0.000430743830403
3.90594237156	3.90594237156	0.103141699995	3.10831584631	3.10831584631	0.0849504446566	0.000824461196118
3.67728505425	3.67728505425	0.108212699499	2.9836319456	2.9836319456	0.085458347207	0.000999849131621
3.55127514462	3.55127514462	0.104252488308	3.31907359201	3.31907359201	0.0843538959497	0.000842318144991
3.55293430275	3.55293430275	0.101985164839	3.36694180661	3.36694180661	0.0851967090601	0.000809524711475
3.76516700168	3.76516700168	0.109697496779	3.3388522993	3.3388522993	0.0921032241854	0.000479767027857
3.42130455396	3.42130455396	0.113204716294	3.24098741193	3.24098741193	0.0828860353136	0.00109835413307
3.54962935382	3.54962935382	0.102209469613	3.32886920258	3.32886920258	0.090179707631	0.000388062154041
3.43772582482	3.43772582482	0.104481320424	3.33236873457	3.33236873457	0.082645962939	0.000834213470209
3.33975556797	3.33975556797	0.107967962443	3.27291557146	3.27291557146	0.087615023946	0.00108663223703
3.71772690474	3.71772690474	0.105847172836	3.14016749021	3.14016749021	0.0855100021874	0.00103419609302
3.57225055906	3.57225055906	0.110393977509	3.23844788812	3.23844788812	0.0887929314769	0.000871319716113
3.92165178027	3.92165178027	0.107393313582	4.03155519314	4.03155519314	0.0763668723922	0.000552058683448
3.48419088429	3.48419088429	0.090961381028	3.53829260957	3.53829260957	0.0756860840709	0.00117571241846
3.45551126202	3.45551126202	0.106024832112	3.47653592171	3.47653592171	0.0863538972607	0.000647862813658
4.00319313065	4.00319313065	0.0788561145279	3.28670634504	3.28670634504	0.0823017213179	0.000577187582446
3.63383603435	3.63383603435	0.117289954247	2.91224003912	2.91224003912	0.0841876732454	0.000866390227589
3.59091621133	3.59091621133	0.107275332527	3.38981434587	3.38981434587	0.0827054026335	0.000898240604692
4.04793486238	4.04793486238	0.110064307405	3.27387232206	3.27387232206	0.0839047648601	0.000803953621711
3.85868125589	3.85868125589	0.0992679540918	3.51033310232	3.51033310232	0.0849226358336	0.000641546384453
3.63972025485	3.63972025485	0.106401592029	3.26355201632	3.26355201632	0.0865292387415	0.000680979605061
3.43080069416	3.43080069416	0.112335455324	3.17325709036	3.17325709036	0.0849143228438	0.00130210187878
3.61951389424	3.61951389424	0.107380584266	3.30977960105	3.30977960105	0.0802605723531	0.00101601457893
3.54746253019	3.54746253019	0.108290084205	3.45152156692	3.45152156692	0.0840934607831	0.000829664193462
3.38053947251	3.38053947251	0.110030045124	2.8542660252	2.8542660252	0.0961767133567	0.00180858598271
3.37927498401	3.37927498401	0.106927871794	3.46718825738	3.46718825738	0.0935800529706	0.00131633867434
3.74096121624	3.74096121624	0.108762760508	3.49434495916	3.49434495916	0.0889474323158	0.000596977778112
3.49240692972	3.49240692972	0.106908361774	3.3657836326	3.3657836326	0.0845565759591	0.000927861844152
3.6776836776	3.6776836776	0.108811667654	3.62903071022	3.62903071022	0.0858991742165	0.000714169268685
3.77904945149	3.77904945149	0.103887894519	3.5899586131	3.5899586131	0.08584142878	0.00063387397021
4.06397178624	4.06397178624	0.113801091468	4.08542808269	4.08542808269	0.0867666527748	0.000477293866949
4.23869645669	4.23869645669	0.0950794099006	3.44382070967	3.44382070967	0.0810619111394	0.000520537291846
4.23507689368	4.23507689368	0.112463915118	3.3814240597	3.3814240597	0.085127858421	0.000598213672541
4.18745080951	4.18745080951	0.106642998638	3.44602112984	3.44602112984	0.0907540299415	0.000495983774158
4.0105143684	4.0105143684	0.111318193859	3.62784485571	3.62784485571	0.0989031369688	0.000430264553565
3.87319467971	3.87319467971	0.104183366073	3.17729613787	3.17729613787	0.0883538144611	0.000744720783655
3.87307578489	3.87307578489	0.105820796855	3.6887505107	3.6887505107	0.0803440401028	0.00191865148565
3.41263252784	3.41263252784	0.110596778222	3.38481667363	3.38481667363	0.0891924205644	0.00117191852052
3.89769152855	3.89769152855	0.108943951257	3.35463043824	3.35463043824	0.0824887530723	0.000828114087999
3.8949157293	3.8949157293	0.103697655385	3.30368563665	3.30368563665	0.0832316048459	0.0006298716235
3.80488435024	3.80488435024	0.113302194285	3.74560618898	3.74560618898	0.0863405856717	0.000828265268011
3.79744386529	3.79744386529	0.112153932863	3.71077678162	3.71077678162	0.0823536174333	0.0010884624423
3.93594496765	3.93594496765	0.107247400972	3.00248393436	3.00248393436	0.0842011047238	0.00094060063014
3.68770811714	3.68770811714	0.106850234961	3.67830796587	3.67830796587	0.0935597511032	0.000696774033315
3.79882494998	3.79882494998	0.106213603387	3.75802051774	3.75802051774	0.08503423446	0.000524525303935
3.60460501437	3.60460501437	0.109213674693	3.887826709	3.887826709	0.0955176464329	0.00162714900575
3.85615782023	3.85615782023	0.101877537754	3.76848749369	3.76848749369	0.0845186508204	0.000590628002388
3.7574857146	3.7574857146	0.112510189949	3.69030169022	3.69030169022	0.0915091004319	0.000866528386271
3.98648055841	3.98648055841	0.103790612055	3.89301461766	3.89301461766	0.0827336848175	0.000552172681611
4.13244484933	4.13244484933	0.106313350845	3.79480498724	3.79480498724	0.0868879223494	0.000383960669991
3.55436644814	3.55436644814	0.107195393494	3.6005996759	3.6005996759	0.0805474644884	0.000915165865552
3.67145246238	3.67145246238	0.108562822329	3.67708921901	3.67708921901	0.0866949469621	0.000344386887328
3.92348632821	3.92348632821	0.10818239192	3.68943990239	3.68943990239	0.0879646783117	0.000495414530496
4.10751746607	4.10751746607	0.109451976574	3.70946871547	3.70946871547	0.0871710208613	0.000534080072685
3.98335332884	3.98335332884	0.10537840438	3.52461327846	3.52461327846	0.0927665268564	0.000483821406676
4.06229138906	4.06229138906	0.100414135528	3.91541830628	3.91541830628	0.0807431091478	0.00281459584109
4.22805462335	4.22805462335	0.071613723232	3.64830214149	3.64830214149	0.0696458576047	0.000336684897632
3.8338083962	3.8338083962	0.102707276228	3.70699399463	3.70699399463	0.0827543619131	0.000263700635097
3.7894811476	3.7894811476	0.113054586616	3.20098968424	3.20098968424	0.0866960098322	6.2791224918e-05
4.09212127982	4.09212127982	0.100581101892	3.3524248617	3.3524248617	0.0502927947656	0.000567582086226
3.98107189243	3.98107189243	0.099297302178	3.18064038517	3.18064038517	0.085920189607	0.000941871567365
3.82057885579	3.82057885579	0.0915879682093	3.71195792804	3.71195792804	0.0814598542864	0.000585334580671
3.8855950508	3.8855950508	0.110048528563	3.54566483537	3.54566483537	0.0695350768091	6.00225523695e-05
3.76152439148	3.76152439148	0.0898830973616	3.26787270494	3.26787270494	0.0644830366946	0.000782621593808
3.99946873316	3.99946873316	0.104368515694	3.94014530219	3.94014530219	0.0831207713787	0.000408671361971
4.0529442398	4.0529442398	0.106256521479	3.59314495436	3.59314495436	0.0824296440665	0.00074925337314
4.23968444811	4.23968444811	0.109467134985	3.55689514624	3.55689514624	0.0851064179212	0.000365914695141
3.63426676726	3.63426676726	0.107345422245	3.72540779379	3.72540779379	0.100546144253	0.00245755445999
3.3758015744	3.3758015744	0.102841815827	3.38407449624	3.38407449624	0.0837212014931	6.82139484174e-05
3.56275128957	3.56275128957	0.110007949005	3.55905871789	3.55905871789	0.0832814501513	0.00151797058851
3.6202704937	3.6202704937	0.101192899724	3.28099731752	3.28099731752	0.0751282520804	0.00127148106084
3.78387541718	3.78387541718	0.107944280182	3.93992709554	3.93992709554	0.0827093937354	0.000713165764626
3.58155957824	3.58155957824	0.100565493579	3.57324481888	3.57324481888	0.0862465604036	0.000463537625493
4.08241468172	4.08241468172	0.106815898477	3.31721966005	3.31721966005	0.0885375808179	0.000676815247501
4.23044145113	4.23044145113	0.110862339402	3.86953134117	3.86953134117	0.0851445592339	0.000498056292569
3.99786871685	3.99786871685	0.10645078574	3.19037700194	3.19037700194	0.0810407838321	0.000751651496725
3.87267599281	3.87267599281	0.104920079194	3.1367878943	3.1367878943	0.0861210599428	0.00107911256462
4.40311571564	4.40311571564	0.104520920857	3.54691840857	3.54691840857	0.0844100070542	0.00052523324477
3.80635087064	3.80635087064	0.10971360049	3.59466321407	3.59466321407	0.0822256851042	0.000776532245879
4.18092915686	4.18092915686	0.108884304061	3.25901290967	3.25901290967	0.083737773419	0.000492992180236
4.5221296121	4.5221296121	0.0842236757448	3.41608188353	3.41608188353	0.0895045180002	0.00069449990307
3.54269219322	3.54269219322	0.0999032472472	3.40834024394	3.40834024394	0.0846453939566	0.000554132550325
3.9263413946	3.9263413946	0.108602396454	3.46245223884	3.46245223884	0.0828752757069	0.000574430062176
4.13755261861	4.13755261861	0.0992739638818	3.50192659174	3.50192659174	0.0807259863395	0.000621151118739
3.93496084845	3.93496084845	0.10884749432	3.44453939535	3.44453939535	0.0817563640777	0.000780528834957
3.96202547453	3.96202547453	0.109654976433	3.53839035964	3.53839035964	0.0889461478652	0.000675488389302
4.008945955	4.008945955	0.105113156253	3.45467346051	3.45467346051	0.0798011133349	0.000478314244675
3.97376464031	3.97376464031	0.101120394079	3.29915462376	3.29915462376	0.0824313527892	0.000657743950548
4.61534915596	4.61534915596	0.105057573655	3.48219738767	3.48219738767	0.109250441695	0.000360464200258
3.9016286939	3.9016286939	0.105071517336	3.21564276972	3.21564276972	0.0728689423226	0.000839828239415
3.58725374731	3.58725374731	0.108420298603	2.90551328314	2.90551328314	0.083462591989	0.00123018683759
3.84028835742	3.84028835742	0.10985809203	3.27874951543	3.27874951543	0.0868755101403	0.000690702366415
3.78771951689	3.78771951689	0.114128733682	3.61928461596	3.61928461596	0.0836978862982	0.0015966552636
3.47065401138	3.47065401138	0.112388535424	3.36738963191	3.36738963191	0.0824200630885	0.0013808899182
3.43986036929	3.43986036929	0.107728295153	3.40794395563	3.40794395563	0.084031037037	0.000798709127305
3.51075227978	3.51075227978	0.10749453321	3.4077161579	3.4077161579	0.0859378634579	0.000773827034203
3.48512010274	3.48512010274	0.119204335071	3.5506708367	3.5506708367	0.0813022558854	0.000967841732874
3.55361701538	3.55361701538	0.10702046759	3.48283868795	3.48283868795	0.0779645363876	0.00166205111489
3.52739250832	3.52739250832	0.100851340795	3.4795731985	3.4795731985	0.086743838763	0.000125160145225
3.65275903074	3.65275903074	0.108252906261	3.5590948965	3.5590948965	0.0652337285184	0.00105812756135
3.81009128261	3.81009128261	0.114113058517	3.81038739485	3.81038739485	0.0770857610671	0.000428608848312
3.79212225611	3.79212225611	0.105302029505	3.74279580847	3.74279580847	0.0852527537073	0.000715760224782
3.92859554772	3.92859554772	0.1048696074	3.87867440794	3.87867440794	0.0863607164538	0.000615046195695
4.07594666449	4.07594666449	0.123558947279	3.86473296929	3.86473296929	0.0759449525069	0.000416606862423
3.77508512826	3.77508512826	0.106078260944	3.84429222615	3.84429222615	0.0735872618364	0.000651642463449
3.90704662374	3.90704662374	0.100534365279	3.81124155242	3.81124155242	0.0897752383506	0.000535085017545
3.81809188041	3.81809188041	0.11214043011	3.86895051878	3.86895051878	0.0846226387646	0.000425243047039
3.92146494199	3.92146494199	0.119333750702	3.76186322218	3.76186322218	0.0831751070446	6.17520247011e-05
3.77343230836	3.77343230836	0.111539244753	3.84654979889	3.84654979889	0.0842477864272	0.000795415803271
3.6054551171	3.6054551171	0.106932522311	3.75093316249	3.75093316249	0.0803712229748	0.00214771835456
3.60188209176	3.60188209176	0.10926906158	3.32325487167	3.32325487167	0.0851977729875	0.00139576937234
3.44516372444	3.44516372444	0.106991434204	3.43453564064	3.43453564064	0.0856109319691	0.00168168491214
3.4150491705	3.4150491705	0.110767437855	3.39571996096	3.39571996096	0.0858514256115	0.00110828223178
3.9134393306	3.9134393306	0.10785427824	3.57275037881	3.57275037881	0.0789658342839	0.00067100231299
4.16680702818	4.16680702818	0.115192610567	3.93504461562	3.93504461562	0.0844595181114	0.00035520210018
4.02578848129	4.02578848129	0.116576077666	4.04580376048	4.04580376048	0.0835634394262	0.000447485414947
4.08122916375	4.08122916375	0.108072099397	4.0483334279	4.0483334279	0.0820225508023	0.000379145542552
3.89446529505	3.89446529505	0.106157665417	3.45681523833	3.45681523833	0.0847858971425	0.000530830918668
4.05049298563	4.05049298563	0.107059712003	3.79650395343	3.79650395343	0.0890620545019	0.000593937636349
3.99092246729	3.99092246729	0.106196364675	3.56743396505	3.56743396505	0.0843983699337	0.000635069289564
4.09129221806	4.09129221806	0.1245218686	3.51667245236	3.51667245236	0.0837638732839	0.000582902024312
4.0524178372	4.0524178372	0.103086975737	3.37147197096	3.37147197096	0.086038489674	0.000568895742893
4.40309083358	4.40309083358	0.118638649844	3.85864453334	3.85864453334	0.0832831484745	0.000340249901285
4.23919846657	4.23919846657	0.102846155869	4.16256761465	4.16256761465	0.0801164418132	0.000397313061437
4.22518895741	4.22518895741	0.107899564091	4.19212271737	4.19212271737	0.102205200054	0.000657354108805
4.26586311659	4.26586311659	0.0995644985868	4.26345786674	4.26345786674	0.0832856771762	0.00031746111553
4.28807078001	4.28807078001	0.0951348017175	3.52520798349	3.52520798349	0.0921980106656	0.000457158160509
4.37649615544	4.37649615544	0.105983515372	3.70129405588	3.70129405588	0.0823670048155	0.000448068622439
4.39578192144	4.39578192144	0.109506373532	3.45664046133	3.45664046133	0.0995098407801	0.000503980229378
4.33903314178	4.33903314178	0.104382261887	3.46448298265	3.46448298265	0.0815474052671	0.000383564643096
4.3015829434	4.3015829434	0.102369303897	3.67779839927	3.67779839927	0.0858106239997	0.000596134510688
3.89812341839	3.89812341839	0.106034574022	3.71847942674	3.71847942674	0.0865505579926	0.000671917538861
3.85984045331	3.85984045331	0.105322929103	3.7912594305	3.7912594305	0.0843277858764	0.00234346323336
3.91548022763	3.91548022763	0.107823221079	3.75832412536	3.75832412536	0.0835468425835	0.000583532333093
4.52749096899	4.52749096899	0.100954057642	3.68293418813	3.68293418813	0.0817192957524	0.000372621694616
4.22713733936	4.22713733936	0.10958193259	3.28536665529	3.28536665529	0.0734584676786	0.00020061648085
3.75624089204	3.75624089204	0.101493024155	3.29905963111	3.29905963111	0.0842545999032	0.0007147823067
3.77503435687	3.77503435687	0.108575719624	3.08975401403	3.08975401403	0.0828289553003	0.000853077175925
4.0426936641	4.0426936641	0.109482263337	3.60655639476	3.60655639476	0.078341124169	0.000861733530651
3.70908788066	3.70908788066	0.105248182784	3.5128244364	3.5128244364	0.0921334710298	0.000959536291186
3.37405526848	3.37405526848	0.118883359819	3.08205632298	3.08205632298	0.0904982524756	0.00114277810414
3.63279042291	3.63279042291	0.107464384097	3.32933873725	3.32933873725	0.0873090400573	0.000695352988898
4.32244487966	4.32244487966	0.103647732429	3.66703578335	3.66703578335	0.0854887871454	0.000512811699162
4.65539875158	4.65539875158	0.102304965045	3.62600109788	3.62600109788	0.0877754821417	0.000402583169486
3.99621381367	3.99621381367	0.0970044678362	3.2927884862	3.2927884862	0.0715271413995	0.000573467190507
3.74050231925	3.74050231925	0.0978270796622	3.72692991987	3.72692991987	0.0824704714575	0.000595283276482
3.88024472425	3.88024472425	0.105871065918	3.42938585777	3.42938585777	0.0858330379196	0.000713584017097
3.70192477045	3.70192477045	0.108198894753	3.65191892667	3.65191892667	0.078560893684	0.000685202302524
3.71773250472	3.71773250472	0.108534131152	3.56952658029	3.56952658029	0.0828052542	0.000869396548633
3.62308187504	3.62308187504	0.105108814193	3.56265319404	3.56265319404	0.0832583517384	0.000730586346485
3.79472408548	3.79472408548	0.108473304421	3.83245058713	3.83245058713	0.083696315996	0.000398254869903
3.81621853929	3.81621853929	0.0988479273843	3.7212656372	3.7212656372	0.0767687611354	0.000678295799439
3.91853700394	3.91853700394	0.113865684891	3.43541908112	3.43541908112	0.0653641360717	0.00191102564159
3.64490029789	3.64490029789	0.106991137883	3.3384735468	3.3384735468	0.0896810773678	0.000756133594451
4.19315388621	4.19315388621	0.113545276196	3.50577447077	3.50577447077	0.151251729713	0.000408949034402
3.79910670232	3.79910670232	0.110904451839	3.32148292401	3.32148292401	0.0798235449513	0.000803619709519
3.54305705906	3.54305705906	0.101938394442	3.60205186879	3.60205186879	0.0859157713813	0.000941151070704
3.61480894721	3.61480894721	0.110748608604	3.47415376925	3.47415376925	0.0822381848714	0.00133720066909
3.79296176098	3.79296176098	0.112051944316	3.39278385061	3.39278385061	0.0959723621628	0.00082216046557
3.89613928857	3.89613928857	0.104250440182	3.46633270669	3.46633270669	0.0851665954776	0.000756261372322
4.03916678668	4.03916678668	0.113160307276	3.54142721491	3.54142721491	0.0816937356867	0.000462795928889
3.93818071736	3.93818071736	0.107416701505	3.32146656763	3.32146656763	0.0708144090155	0.000722447699317
4.24868130477	4.24868130477	0.108846292226	3.31274874326	3.31274874326	0.0836293880819	0.000558349568598
3.81899390484	3.81899390484	0.105413609554	3.31151664559	3.31151664559	0.0820455199461	0.000853625249599
3.52978408212	3.52978408212	0.0993560005095	3.28014273339	3.28014273339	0.0917761247522	0.00120957983227
3.67129466184	3.67129466184	0.101566170216	3.42247359131	3.42247359131	0.086287977202	0.000387558188308
3.78005448749	3.78005448749	0.101726959238	3.23813032279	3.23813032279	0.0971986877331	0.00093082420501
3.29086484154	3.29086484154	0.0897679859991	3.20321503508	3.20321503508	0.0872952003213	0.00113852011665
3.58010552546	3.58010552546	0.0677037466857	3.76272327526	3.76272327526	0.0881094028809	0.000895717748295
3.32553109302	3.32553109302	0.107254499206	3.49405738921	3.49405738921	0.0831507352542	0.00130075446052
3.6959224498	3.6959224498	0.113149775406	3.31172840748	3.31172840748	0.0829811896703	0.00138245901588
4.07471258996	4.07471258996	0.107958887586	3.77425299952	3.77425299952	0.0840324319859	0.000795714567155
3.80151081996	3.80151081996	0.0989034989771	3.06011418182	3.06011418182	0.0861178483392	0.000779531726133
3.78944208695	3.78944208695	0.103565294888	3.75049142394	3.75049142394	0.0916249031713	0.000626123169595
3.67752983056	3.67752983056	0.106525588524	3.57879592698	3.57879592698	0.0866451247594	0.000957688610257
3.89582635853	3.89582635853	0.109862947748	3.84337153233	3.84337153233	0.0852418552644	0.00102067759699
3.99874769676	3.99874769676	0.106458739272	3.38488567599	3.38488567599	0.0919517791906	0.000640566406703
4.02241820568	4.02241820568	0.112591700672	3.5525025875	3.5525025875	0.0870279524951	0.000826386765113
4.01770623871	4.01770623871	0.11380361562	3.61924866416	3.61924866416	0.0796152547556	0.000636567845972
4.17354155708	4.17354155708	0.103032867544	3.55378458815	3.55378458815	0.0790395808707	0.00057202205581
3.64851234825	3.64851234825	0.10341713686	3.75458549316	3.75458549316	0.0822705862831	0.000704339715849
3.61736363298	3.61736363298	0.107471946074	3.59105277416	3.59105277416	0.0951113936582	0.000408953222412
3.74899835859	3.74899835859	0.0987016633883	3.48565380258	3.48565380258	0.0867668487223	0.000591491833471
3.8820021058	3.8820021058	0.112665801298	3.51872096983	3.51872096983	0.0971101475012	0.000389447977157
3.7186517805	3.7186517805	0.110217090912	3.51727096328	3.51727096328	0.0904344122485	0.000586326987989
3.78830376468	3.78830376468	0.10712638555	3.62419441903	3.62419441903	0.0852664317318	0.00111582529551
3.76986649271	3.76986649271	0.100943717869	3.76354595387	3.76354595387	0.0841061260733	0.000300889762152
3.7616973937	3.7616973937	0.105298877367	3.76765169824	3.76765169824	0.0837636532488	0.000452686607008
3.76289741208	3.76289741208	0.10458445625	3.75083484737	3.75083484737	0.0848805269272	0.00048430916102
3.7618256445	3.7618256445	0.109776829953	3.75710200545	3.75710200545	0.081405341477	0.000703372706731
3.7625830852	3.7625830852	0.110126808285	3.76131180683	3.76131180683	0.0852870373352	0.00100444507927
3.76373108324	3.76373108324	0.104167046659	3.76280734001	3.76280734001	0.0823502592437	0.00188108634872
3.76686286807	3.76686286807	0.111436960942	3.77114035108	3.77114035108	0.0867779911159	0.000180392793863
3.77701811869	3.77701811869	0.108964956525	3.80883105066	3.80883105066	0.0838543298168	0.00173132745994
3.83663415291	3.83663415291	0.102519409748	3.84840689894	3.84840689894	0.0684277876969	0.000774187680459
3.87710355944	3.87710355944	0.104072480896	3.88727630242	3.88727630242	0.0781598846538	0.000864069722542
3.90971517622	3.90971517622	0.10387895936	3.85655089421	3.85655089421	0.029677418146	0.000468314954726
3.73870494346	3.73870494346	0.106339951665	3.70269938184	3.70269938184	0.0786639210573	0.000708926097031
3.71865613212	3.71865613212	0.0990118138691	3.65144176397	3.65144176397	0.0821667816183	0.000685010002681
3.76754687737	3.76754687737	0.101125455403	3.69379118504	3.69379118504	0.0802585928167	0.000938557582727
3.6700376761	3.6700376761	0.108513303815	3.70479619192	3.70479619192	0.0828967489287	0.00126845164805
3.60728031735	3.60728031735	0.106183438105	3.55426415629	3.55426415629	0.0841076489272	0.000955242911208
3.54086917984	3.54086917984	0.106964189677	3.50389453069	3.50389453069	0.0858199326619	0.000911356740894
3.43499266476	3.43499266476	0.103501500107	3.38774430413	3.38774430413	0.0852569879762	0.0014252987869
3.59102623872	3.59102623872	0.10828811333	3.13339224041	3.13339224041	0.0896907802162	0.000880871378839
3.49708472702	3.49708472702	0.107396578579	3.41042488242	3.41042488242	0.0799940162559	0.00094641270924
3.32750145004	3.32750145004	0.108028295587	3.35614102352	3.35614102352	0.0890524835246	8.09156884566e-05
3.37953440678	3.37953440678	0.106028230527	3.23581031617	3.23581031617	0.0877165407799	0.00108763258366
3.76611129918	3.76611129918	0.109945024534	3.23993509365	3.23993509365	0.0845640290333	0.00095328843493
3.727551238	3.727551238	0.0951946552085	3.33559308796	3.33559308796	0.0891119475508	0.00072173050501
4.37617867633	4.37617867633	0.105363130637	3.59485182943	3.59485182943	0.0863343144214	0.000483584293568
4.24911097086	4.24911097086	0.10394850793	3.39115071798	3.39115071798	0.083498542751	0.000641723117232
4.0060794479	4.0060794479	0.104633958243	3.92414741607	3.92414741607	0.0827906100015	0.000480143776359
4.18772021139	4.18772021139	0.111478942123	3.82932655067	3.82932655067	0.0789382003694	0.00102801444329
3.97107526569	3.97107526569	0.108259179685	4.06356866198	4.06356866198	0.0817644247799	0.000559311250113
3.9094279235	3.9094279235	0.107955516282	4.04105917841	4.04105917841	0.0837868522311	0.00104409007293
4.24583023401	4.24583023401	0.105603601263	4.09570542321	4.09570542321	0.0856220850877	0.00086238773108
3.96194224878	3.96194224878	0.108369256192	3.85128240372	3.85128240372	0.0827162454933	0.000546151103954
3.86018562468	3.86018562468	0.108760895321	3.79788869696	3.79788869696	0.0821474526088	0.000606112478473
