x0_HIS3_C03	r_HIS3_C03	K_HIS3_C03	x0_RAD52_C03	r_RAD52_C03	K_RAD52_C03	x0_C03
0.000374984057216	3.91251319512	0.109692517043	0.000238419371799	3.92316345801	0.0826269724539	0.000222433357148
0.000717942600531	3.87849218786	0.113052478877	0.000427527868707	3.43904825007	0.0755687549572	0.000554871880526
0.000681814145553	3.93895469411	0.113202118051	0.000351773417895	3.59608989888	0.118883021518	0.000512153847359
0.000299055497598	4.52868216356	0.111293319106	0.000285808729262	3.73118567684	0.0713119544732	0.000210481566376
0.000801479146072	3.68237267072	0.106204568523	0.000332568829107	3.67061905938	0.0766241485356	0.000491108628561
0.00090044607743	3.71725629035	0.111786548161	0.000329011565538	3.64220267332	0.0818724719536	0.000612697480979
0.000350712867542	4.10619243209	0.106455937989	0.000498798407188	3.51145012432	0.0851171413053	0.000391422497001
0.000452363189678	4.14287427813	0.109437354371	0.000322093424738	3.70446956693	0.0889291406769	0.000397087311688
0.000825416005233	3.68703160354	0.107911326603	0.000714314134926	3.59490369283	0.0853544063747	0.000284476305988
0.00059839169137	3.85374907572	0.113816032064	0.00038924562163	3.34706500614	0.108282663712	0.000629699277414
0.000549772469968	3.9957601559	0.101632986616	0.000315292644714	3.72894990399	0.0768909428209	0.000395792689676
0.000641398555958	3.97564855102	0.115922869215	0.000184362093015	3.95989817445	0.0736633256681	0.001364081445
0.000590246250533	4.02689149995	0.105934221414	0.000610476454222	3.3289380138	0.0844444075002	0.000587592288562
0.000435998183767	4.26828517226	0.111978355023	0.000359240072609	3.58175986778	0.0931991451955	0.000360214936519
0.000945891917333	3.61246783816	0.112659944911	0.000335843910573	3.56862669281	0.0896729069537	0.000675564633409
0.000712620559165	3.89905570765	0.111049113419	0.000843717506455	3.71875533429	0.0907343340008	5.22419783703e-05
0.000636572320223	4.04176759268	0.111975093164	0.000478375795679	3.51918331079	0.0873627871098	0.000603971807046
0.000499873584239	4.00081866943	0.108393583088	0.000304322449576	3.74799150266	0.0894434937272	0.00042221846563
0.000426235138452	4.15161733036	0.107747734069	0.00041073858298	3.66673979948	0.0867975922903	0.000405871466233
0.000783041598346	3.85398811864	0.110434511325	0.000652582375705	3.219137195	0.0941777212862	0.000742505299603
0.000506879050149	3.89583666503	0.110410496472	0.000488252917242	3.49330092767	0.0813863373703	0.000457515292602
0.000516734841641	4.06597061386	0.113778772517	0.000452369765954	3.67586069164	0.0880847322731	9.12745795234e-06
0.00056366988778	4.01360674229	0.110118956441	0.000265250034912	3.83816804088	0.0872847049365	0.000436966775791
0.000332999061858	4.42282958464	0.107271686958	8.15720368707e-05	4.43843692464	0.0817462616549	0.000163563045377
0.000350934943867	4.50767654935	0.109156830088	0.000235067210096	3.91679470331	0.0847488132051	0.000286259535982
0.000453173252919	4.21480239557	0.110365326233	0.000380476250913	3.29549518035	0.0852624550195	0.000413215980183
0.000353278663395	4.55777121561	0.111701198744	0.000352873766783	3.46157830544	0.0870120669331	0.000346015657113
0.000580353245306	4.01898866936	0.110399370586	0.000321500588538	3.83210237275	0.0866167186966	0.000534892701992
0.0006199650531	4.05025261761	0.110411434107	0.000250372316565	3.96748364776	0.100952920896	0.000453924094015
0.000545682774636	3.9251958867	0.11045506218	0.000308459262993	3.62056932397	0.0899512046152	0.000555936379353
0.000920045807803	3.63975506952	0.101941160276	0.000452842306552	3.42602907186	0.0914917571141	0.000676097508794
0.000449383590248	4.27160155194	0.106235685313	0.000261929255797	3.78350748058	0.0849393617123	0.00048244423943
0.000518949515838	4.08387417593	0.107163312084	0.000384201236432	3.5494355446	0.0856075340587	0.000377268252549
0.000607364303977	3.67418849743	0.117331192029	0.000732984532781	3.52555539404	0.0858922902554	0.000227069654106
0.000533969040915	3.93677104628	0.104184063768	0.000468052444887	3.30357727926	0.0867237437995	0.000507477014476
0.000511912671308	4.13214869769	0.109635209112	0.00051415810472	3.2483673933	0.0850398306946	0.000505452103159
0.00042351473903	4.01756676873	0.108891530428	0.000306264725969	3.58239867305	0.0875716954475	0.000488435438622
0.000402404984375	4.11003965243	0.11118995633	0.000160190061403	4.06342769518	0.0933055511661	0.000331004577832
0.00012946531391	4.55387048744	0.0982779198522	0.000210814629832	3.88082443249	0.0846435847779	0.000427198412061
0.00061464507187	3.79997724807	0.105484073121	0.000457334434331	3.4526227638	0.0815758548386	0.000438567605246
0.00041547224175	4.12085166103	0.106858240055	0.000212475494412	4.00024177425	0.0929323505907	0.000324854331641
0.000438788108048	4.21468726616	0.114751334636	0.000226468758247	3.97203259787	0.0891070564721	0.000340639028025
0.000522995180317	4.12641289142	0.119490691887	0.000260549536877	3.93531174067	0.0765660055058	0.000368133926893
0.000705723090956	3.90439232067	0.106387961897	0.00028791236271	3.702914432	0.0829410267669	0.00061313701595
0.000556212408957	4.10765327583	0.108461123903	0.000157783332525	4.20056761799	0.0924735707187	0.000822681800125
0.000323891164295	4.47125437945	0.108780722517	0.000301289710826	3.66200638022	0.0830378427694	0.000230878667281
0.000447551599551	4.18092471608	0.1046744302	0.000278415108124	3.85864970376	0.0873853914078	0.000354520377239
0.000651392634599	3.96732950736	0.109044272502	0.000629558556337	3.42492108594	0.0865788815176	0.000909221614106
0.000634422402453	3.8271269151	0.111595446815	0.000245374891606	3.90161613784	0.0893553465488	0.000269788892377
0.000510242729798	3.93763616357	0.111067645984	0.00035581168548	3.31101209462	0.0800120632249	0.000656725622755
0.000392858322907	4.3129628299	0.106055671279	0.000235139576988	3.92201207607	0.0861845392167	9.80449705096e-05
0.00105880104441	3.48830680988	0.110888534572	0.00044624200685	3.47441136382	0.0868556503539	0.000509760181009
0.00037659332853	4.12666020692	0.115352171176	0.000427408984737	3.44618495663	0.0874702452007	0.0091557991062
0.000534107759031	4.11830278876	0.11008246534	0.00014035081953	4.10574665562	0.079089700163	0.000164375633158
0.000849681963259	3.73525356409	0.107864831687	0.000244427776936	3.77544882948	0.0830216300302	0.00046188471838
0.000531399176434	4.11709365245	0.116898448973	0.000228889466502	3.88456938376	0.0857015848266	0.000950844868324
0.000506909746432	4.03302537668	0.105931523613	0.000399924084626	3.56206326938	0.0747645789644	0.000488414225398
0.000618731822965	3.98459295288	0.109003621978	0.000251503076329	3.91620727735	0.0885266216528	0.000455278207308
0.000691573343717	3.71941093613	0.114273236328	0.000329469071475	3.8724025265	0.0863777820411	0.000911815976964
0.000532360868539	4.08696551046	0.112308122053	0.000248192762783	3.43394863653	0.0747061959133	0.000369325369772
0.000545114872947	3.89342361204	0.111267430632	0.000489513393622	3.39404535727	0.0867186740693	0.00052529753839
0.000746695808827	3.85726823506	0.110732622187	0.0004362854648	3.78882672002	0.0904345593213	0.000698993213922
0.000470971879039	4.23222339104	0.107317705328	0.000240443611075	3.79637127432	0.0797092923114	0.000401506653817
0.000594336769589	4.01873753544	0.109445437747	0.000409890525949	3.49567961048	0.0888233971657	0.000445659068133
0.00102214634038	3.64794523952	0.110022063602	0.000448841746964	3.47043488445	0.0864508759805	0.00118011123025
0.000595887106067	4.08672395502	0.108228653955	0.000542245544419	3.39030538057	0.0886181101246	0.000446038804915
0.00139085478223	3.7251438926	0.112573590667	0.000297120603762	3.70130540393	0.0928213606899	0.000784731824224
0.000716383345285	3.84940430373	0.110810304522	0.000279784238615	3.87320884747	0.0927894877882	0.00068411490822
0.000739355131437	3.6096994129	0.115275905753	0.000610125230831	3.42514279609	0.0933948128779	0.00160686851688
0.000505610284615	3.96833652811	0.110812180843	0.000266050970833	3.84155087929	0.0831898432731	0.000246145701539
0.000817891447504	3.73592536042	0.111711021825	0.000295697258031	3.71847643073	0.0831428791885	0.00140574393612
0.00108500990377	3.57264733794	0.116758704859	0.000254212436448	3.75113906597	0.0954881516819	0.000707746842198
0.000768563921279	3.81486297516	0.105639537247	0.000234701308138	3.9188863015	0.0851050216358	0.000550320307455
0.000424414853161	4.21686219362	0.110770072769	0.00019080435348	3.97373275377	0.0856565852767	0.000195455374137
0.0012383080181	3.27646156071	0.105012981655	0.000457862585108	3.33832834669	0.10200023594	0.00109465517007
0.000486132439382	4.17398834046	0.111011881451	0.000446772435226	3.44122889521	0.0855000360594	0.000471416437768
0.000513870174259	3.85318639537	0.108006485946	0.000294698391067	3.62605926809	0.0850865945616	0.000480039284649
0.00074951477749	3.88781128794	0.126293276569	0.000217997124705	3.92152700639	0.0899470434361	0.000528388173497
0.000482460022253	4.14827709202	0.109357933646	0.000332304341707	3.68222478645	0.0864052669993	0.00018637912354
0.000624126983237	3.92665888886	0.109934094101	0.000385836941777	3.5619965665	0.0826154679831	0.000498582234251
0.000675467205132	3.93193037005	0.111453479376	0.000336656913997	3.67516830993	0.0869669586053	0.000657280654117
0.000541366598193	4.05486232167	0.111380140815	0.00024357072428	4.09440213021	0.0854713414306	0.000383352338318
0.000754059262145	3.77507578413	0.124223456563	0.000209362380346	3.75175201346	0.0855957766998	0.00351573471697
0.000591281090227	3.85596973287	0.112333641679	0.000172764251715	3.65587352672	0.0869232286819	0.000467937628829
0.000493965671212	4.06721564184	0.11518558013	0.000492669816286	3.58998656906	0.0870489604555	0.000499415637164
0.000501476135779	4.07917073597	0.117840071587	0.000505105742886	3.29958033636	0.0976617703635	0.00047305603655
0.000470823583739	4.34691864325	0.107386399089	0.000334345308475	3.87034962438	0.0884944912852	0.000426814706565
0.000494584437115	4.02936123907	0.108581424013	0.000524718461386	3.22224352094	0.0862442648194	0.000319209848887
0.000790088831156	3.84260245614	0.11139055096	0.000368053235138	3.42139572179	0.088227681832	0.000591690161517
0.000554033306942	4.04243019413	0.10576708048	0.000374393882124	3.5705172166	0.0877548982681	0.000417657253766
0.000813429790214	3.71095886648	0.114726529677	0.000465338870787	3.43419278987	0.0847647542043	0.000669866565352
0.000783156468332	3.79781425263	0.128253227722	0.000326263952194	3.74455319797	0.0871551390361	0.000755353538701
0.000513804619414	4.0303969458	0.113232958336	0.0001840520364	3.91933767976	0.0859609265573	8.35968904276e-05
0.000516280389395	4.09172767121	0.10388436139	0.000283269214844	3.55671373642	0.0880773826986	0.000323128629334
0.000705127988994	3.73467817686	0.0953037655453	-3.38414120698e-05	3.7778859722	0.0821348046093	0.00219882790548
0.000559108467656	3.95457863362	0.104994361507	0.000387758481769	3.60117921961	0.0855612819349	0.000486267124617
0.0007228758272	3.91060188192	0.110543793634	0.00031013278298	3.65258881317	0.0849649347437	0.00050813946717
0.00095557659094	3.63747611159	0.110286487285	0.000394104304676	3.48567739086	0.0942940444784	0.000582614195848
0.000929665247654	3.55407116745	0.109618172551	0.000318774906798	3.67805796302	0.0862433983617	0.000343819804682
0.000575036714173	4.05672010701	0.110157878713	0.000290766918191	3.6722526718	0.084603141996	0.000394641451796
0.000640578772812	3.92253986152	0.100833160843	0.000287848384983	3.78136702316	0.0860971457222	0.000233798343601
0.000556318369802	3.76596960779	0.110582094506	0.000496578483248	3.36827591913	0.0901792597468	0.000567295307446
0.000786576595013	3.48270666743	0.106876567604	0.000464805769708	3.65979548278	0.0865066946298	0.000626685328912
0.000569185926103	4.15912655623	0.110673667488	0.000458375379905	3.42947483052	0.0982278590472	0.000162396355742
0.000421144578899	4.31482297074	0.109953170026	0.000397525201865	3.54555103655	0.0829136013783	0.000406243439166
0.000756712868366	4.08869587218	0.107238720922	0.000227382870352	3.89591714327	0.0801956291463	0.00013582376137
0.000359646495051	4.39315793152	0.110283828097	0.000403926339526	3.57885833301	0.0867151101183	0.000343368707146
0.000476028943456	4.18375614648	0.10815625011	0.00037064262837	3.57060799247	0.0862395176349	0.000492098508015
0.000783579726458	3.78148798359	0.112659654951	0.000308422375414	3.77610890555	0.0870339970052	0.000614461224414
0.000773630111777	3.75029542895	0.109639869649	0.000282951711587	3.78891452345	0.0841636756573	0.000554876666463
0.000514442733989	4.09489142032	0.111691365789	0.000264463358436	3.89119786339	0.0840487670311	0.000328477461999
0.000699933628932	3.89402153835	0.109830512272	0.000330067431224	3.88363397322	0.0878297830439	0.000393149573265
0.000906147367537	3.53875273573	0.112124637265	0.000497205595958	3.38686075863	0.0933143334095	0.000395003152724
0.00063851016783	3.92938284694	0.110759866526	0.000225336868142	3.92176943097	0.0882223146546	0.000463257826593
0.00067469715344	4.1687038357	0.107831981837	0.000306197036839	3.85218356584	0.0845231609062	0.000359751592038
0.000493048306106	3.84892687723	0.108832189948	0.000417272876378	3.42955866682	0.0882669124869	0.000426490910111
0.00027218947751	4.71498840454	0.114394027877	0.00046448952652	3.50453642014	0.089584989754	0.000477362330466
0.000815890904493	3.78095649323	0.10982730982	0.000287455767837	3.74757024519	0.0790996494542	0.000764451255625
0.000625335140791	3.83289525558	0.112617575188	0.000444803315204	3.54390899396	0.0846513357713	0.000557526290634
0.000482789134041	3.95683386994	0.110219794563	0.00034322209218	3.5300226465	0.0861692578231	0.000505213054276
0.000685140799653	3.81991366455	0.110991129835	0.000417736757233	3.58297724863	0.0780214015949	0.000466099585591
0.000508915974503	4.12130486389	0.105591837747	0.000234493773351	4.17374441751	0.0941268231028	0.000294748291969
0.000762396046115	3.78302772831	0.111113187553	0.000259968619703	3.80057023122	0.086104966424	0.000653201154159
0.000579604444669	4.09516861182	0.110176069227	0.000260096677263	3.76529352283	0.0849084824839	0.000429917072856
0.000421976382524	4.35774484813	0.107683001545	0.000336329872922	3.58876411971	0.0841970926622	0.000398492032078
0.000728410417296	3.87191454994	0.111928014469	0.000282149994662	3.87530699405	0.0897684681153	0.000683411189097
0.000717729901882	3.81875088215	0.116719529475	0.000203675173363	3.94813501371	0.0877544583919	0.000455473525687
0.000543871655776	4.08306819786	0.108969418277	0.000450333028777	3.45711512031	0.0875772195566	0.000575004517849
0.000498778743848	4.20596598999	0.110573613452	0.000252310540265	3.78831036743	0.0828183828042	2.04263932607e-05
0.000935035116706	3.78191486558	0.111417973874	0.000320106461304	3.6781991826	0.088613709998	0.000123267640253
0.000451317073193	4.18647872636	0.112386732679	0.000469190527612	3.37126867274	0.0841133149324	0.000232143752403
0.000838634201006	3.78777614738	0.106746612606	0.000654104437523	3.30512322671	0.0874546799878	0.000688477622235
0.000450474133495	4.30353451135	0.109046270983	0.000302902535547	3.56860383958	0.0867759161805	0.00012429040917
0.000362263399889	4.38135269119	0.110058475535	0.000351676771074	3.51876249717	0.0882054218394	0.000416469695118
0.000380427477036	4.24713023192	0.113832889704	0.000183836081128	4.03951408982	0.0892649669585	0.000299253430749
0.00070851715904	3.93555891582	0.106509818399	0.000286026192303	3.66990327393	0.0868545613628	0.000429480783996
0.000555096159681	3.97965867183	0.109728764597	0.000210835026077	3.97712285609	0.0886987153478	0.000504547554647
0.000338530875765	4.3871505273	0.111189665316	0.000318703543864	3.60277961415	0.0882779076511	0.000246921007066
0.000628652537507	3.95653954856	0.11078227878	0.000231175178378	3.83999525293	0.0854812619236	0.000640957605832
0.000501428027681	4.17626169964	0.109595579264	0.000208629266625	4.0741218949	0.086574159993	0.000371712975014
0.000430039164458	4.24997152113	0.102820897621	0.000363124701058	3.61565417684	0.0938973115418	0.000437488501451
0.000488462986886	4.13884402153	0.111515470313	0.000221533295167	3.89683776317	0.0864911246453	0.00045376271982
0.000652282394394	3.95724177998	0.106067956252	0.000374571383562	3.52592043512	0.0893128477061	0.000576344145816
0.000464051989712	4.19464545375	0.109915556219	0.000345735887536	3.61991620067	0.0842867266408	0.000578407909083
0.000266606724031	4.48552658659	0.110917244316	0.000264567913942	3.95748224599	0.0808888828099	0.000259048268723
0.000394075190094	4.15498742884	0.115784010763	0.000274676212112	3.92539654945	0.0845303052949	0.000885544668449
0.000346021988147	4.42431307907	0.109805943617	0.000266241188849	3.81616005286	0.0855770706036	0.000249282516979
0.00085766036904	3.68810712856	0.108592176698	0.000476601762772	3.27913204162	0.0896413953831	0.00026515204866
0.00086763817781	3.78389393756	0.111131396598	0.000296664892161	3.724505099	0.0855285413437	0.000795507300869
0.000815353875591	3.70866418755	0.10400446418	0.000290839591754	3.66437622673	0.0891378201889	0.000518651624573
0.000267319356222	4.67199366689	0.109006655657	0.000186482790178	4.07316107906	0.0842679281136	0.000209476176758
0.000341379660361	4.42108859792	0.109733338017	0.000250767332818	3.66113673327	0.0872880722455	0.000367116433619
0.000728031108996	3.92260389622	0.110247441137	0.00023020590752	3.92598204092	0.0912837637717	0.00012431945637
0.000531989855428	3.91132895463	0.111355962648	0.000402251557947	3.73857518866	0.0879699960263	0.000688846719588
0.000646800573644	4.00168839019	0.109290804418	0.000325860304851	3.65661786089	0.0885761140508	0.000456201811223
0.00041385372776	4.22889296946	0.117714887219	0.000346364508809	3.32834751159	0.0839904306342	0.00054666653574
0.000901045577808	3.63483269615	0.0983978990345	0.000796906404117	3.0828000564	0.089741024528	0.000781458891804
0.000750487470871	3.83943942443	0.108358709032	0.000241438355901	3.83943668305	0.0867012234658	0.00073183479179
0.000397606908892	4.39988606541	0.112566054752	0.000696355345368	3.1075404806	0.0842052166262	0.00049804575695
0.000503194479231	4.19159654352	0.108694027	0.000294604926657	3.36502209266	0.0849837401989	0.000428020733826
0.000430869786176	4.27859749236	0.115500813732	0.00041670601639	3.70868540319	0.086314460168	0.000410192420553
0.000441254152354	4.1194865287	0.112051258666	0.000555577390464	3.42347729605	0.0846096242238	0.00057920505229
0.000658708715527	3.94357035035	0.112755766964	0.000375055310626	3.52759451504	0.08750875733	0.000491571769752
0.000472674345094	4.25413934105	0.10579537854	0.000504851604131	3.41874776662	0.0856805734683	4.15174619445e-05
0.000428609756368	3.8921189407	0.113817254906	0.000217260566631	3.9047943132	0.086054645279	0.000503976661631
0.00053035004738	4.12492208395	0.110444200522	0.000331209080946	3.67037450525	0.0804417127057	0.000435458117512
0.000527036939482	3.91023726637	0.111969342243	0.000299549145708	3.62277732648	0.0859480881729	0.00104679671791
0.000485361894463	3.96939459733	0.102682279027	0.000177630021284	4.09665200898	0.103472324006	0.00038983368122
0.000343089504441	4.28705358243	0.104100100684	0.000219008594056	3.72151436319	0.0853168444974	0.00036449925877
0.000766496590495	3.80234989702	0.108550008235	0.000165858342354	3.69614333511	0.0814357886792	0.000185763279178
0.00052851602968	4.06094917022	0.104215870023	0.000439879729404	3.44609711554	0.0854815591999	0.000497794576414
0.000615102104429	3.95756483946	0.103448403175	0.000245506841286	3.85405608672	0.0889328046014	0.00079130287957
0.000634570552515	3.82307073516	0.107646075653	0.000299291672002	3.7750611846	0.0832569977087	0.000885548967817
0.000294568094817	4.44566897526	0.112725045003	0.000371317774506	3.62465804182	0.0886718048024	0.000447800977875
0.00036703749544	4.21528885699	0.103796377495	0.000340899735681	3.58010057958	0.0889710460589	0.000387055053467
0.000620320845553	3.71750797495	0.109566293567	0.000688868950781	3.14379020038	0.0870538538396	0.0006299596475
0.000546432682211	4.04690011574	0.110796993483	0.000520423276921	3.30678164818	0.0874807061271	0.000479523777974
0.000731222380405	3.83127784682	0.110736822565	0.000342487166115	3.65465672738	0.0850778285845	0.000462109202614
0.000742925626735	3.75793768624	0.118807733898	0.000293205471866	3.72619438935	0.0899193400425	0.000620430775745
0.000487156295617	4.08859219274	0.110292414437	0.000419021786971	3.4179635253	0.084879453337	0.000524431782058
0.00073136646309	3.63943816676	0.10922995091	0.000464569745711	3.41871135179	0.0961782551148	0.000605389574114
0.000582890257674	4.11619821886	0.108495834895	0.000556601371	3.29010605384	0.0901331293398	0.000583475215362
0.000502328287112	4.27896394551	0.111289125176	0.000400984002702	3.50523425347	0.0887082013771	0.000498058772835
0.000635206774067	3.84503756638	0.107032683073	0.000228795232752	3.84494355557	0.0819990384004	0.000647923519842
0.000614779465114	3.80702080046	0.111893010778	0.000282076040167	3.8465784395	0.0863079924715	0.000446270214322
0.000707315231118	3.84154373884	0.110110145776	0.00026807539378	3.98323055059	0.0839018199609	0.000473974381811
0.000671500115918	4.13883554317	0.106570665941	0.000250091298427	3.95507331273	0.0707162610132	0.000503495618704
0.000667524550656	4.0171897818	0.110990640096	0.000343205921356	3.60882319949	0.0871340184733	0.000656228035625
0.000788370364225	3.7108948664	0.109079691287	0.000669199871259	3.26133917053	0.0810712352251	0.000734233309985
0.00108848799822	3.51201744266	0.100929836079	0.000294505988872	3.64726379113	0.0829362747059	0.000718422610259
0.000784337511163	3.74100588392	0.112174770951	0.000571476607735	3.33956895011	0.0864963466657	0.000721567482952
0.000563934242564	3.82004205433	0.116825183711	0.000390946792434	3.36300865654	0.0872551005559	0.000311042007889
0.000556757194985	3.87949420253	0.108660878016	0.000358198273937	3.83506796042	0.0854789452874	0.000528175176989
0.00045741822625	4.08971556958	0.106773413966	0.000465262094257	3.41615503578	0.0740382112707	0.000500526007247
0.000949074457521	3.66253771804	0.111466200966	0.000456671701691	3.59900713742	0.0842036585189	0.000815655164615
0.000446600975658	4.11266391158	0.110366366083	0.000469569749463	3.35783812311	0.0822535525667	0.000470427496302
0.000592048510771	3.93382485304	0.107319860464	0.00052236405594	3.31150696762	0.0852685060001	0.000533847260379
0.000646732759295	4.04208640196	0.111018560821	0.000223933319055	3.82972712249	0.0925370174554	0.000621406566146
0.000573437188642	4.08162872224	0.109244454847	0.000473825467183	3.33592747242	0.0843616063608	0.000530176656454
0.000479921689294	4.12236531034	0.108090483113	0.000361371065353	3.59301547805	0.0852228514517	0.000458945107112
0.000518269900663	4.26410652646	0.104766619933	0.000357544861883	3.6640660575	0.101641010881	0.000449888437876
0.000451319270558	3.96967144643	0.0985336887021	0.000167371738451	3.82955093611	0.117873066159	0.000467919475095
0.000722922642095	3.78960732632	0.111776951606	0.000638587141775	3.28050413879	0.0964257986864	0.000671904171761
0.00100703571586	3.62560863631	0.111019002492	0.000350067912789	3.5897166047	0.087877378665	0.00074155002976
0.000476794745103	4.11589774014	0.109957069929	0.000498471530161	3.66427404082	0.0877963131819	0.000491155505591
0.000731787079722	4.06396381578	0.11058557905	0.000195405438692	3.88837658523	0.0900614147406	0.0011930546533
0.000405249986473	4.23983882133	0.112361517112	0.000172178765549	4.10557298758	0.0865690029045	0.000214156451338
0.000787507314001	3.83768305072	0.109171725954	0.000879378203772	3.09023646264	0.0881726613873	0.0002444380679
0.000645816113172	3.8076951382	0.112059154118	0.000357612110564	3.74913714679	0.0744230160384	0.00051592317179
0.000589778567279	3.84139644702	0.111030770178	0.000291005194002	3.7400112081	0.0912930250087	0.000469742548901
0.000853481561649	3.87222747047	0.110576344447	1.87585277127e-05	3.9468802531	0.0962082291566	0.000172499362341
0.000493585722725	4.07849737379	0.125146910687	0.000534141502794	3.38212549156	0.0831625284708	0.000400059522574
0.000457244771151	4.1689257308	0.108449980245	0.000461892479744	3.40712945381	0.08589198404	0.000462174552112
0.000615398232291	4.02640180194	0.106749615951	0.000424638410767	3.49286077203	0.0781189831183	0.000504650534904
0.000825602344913	3.74649604367	0.112788106013	0.000433156726198	3.54916740062	0.0961052651071	0.000247624834624
0.000564622385984	4.05290281699	0.11342728348	0.000309192206365	3.70932372548	0.0880635686676	0.00031572224689
0.000548398847429	4.00931119226	0.110992790457	0.000373857394752	3.72528686592	0.0857416311054	0.000470434606527
0.000675222411624	3.85779691665	0.104330796349	0.00044158205886	3.5202993526	0.0774261684739	0.000621937867294
0.000318723778895	4.45713964772	0.104796271123	0.000293935088464	3.71144680325	0.100356868272	0.00034563654894
0.000662270801449	3.91177440101	0.105256545733	0.000263124464064	3.7633501798	0.0801002953503	0.00061411477478
0.000725850887385	3.61093705386	0.10842986928	0.000348742043755	3.7934355783	0.0875140531352	0.000880741161039
0.00128764866349	3.35805215468	0.098407617245	0.000310039833393	3.65525980006	0.0908304829222	0.000865487338921
0.000824982373951	3.72285132851	0.114979775427	0.000451026714367	3.68843726672	0.0869501125953	0.00058982326461
0.000846647976712	3.65278187417	0.111206658888	0.000305536219424	3.71015217707	0.0862293789794	0.000469864280883
0.000383172487742	4.29948802284	0.11314973723	0.000371221961864	3.58490576558	0.0885099941912	0.00039851904864
0.000492714503788	4.04394062699	0.109609101017	0.000475580190838	3.40384113242	0.0858811860704	0.000305149877829
0.000528016741165	4.14229143284	0.111394480526	0.000232269505437	3.91723902425	0.083532506762	0.000334971129336
0.000621304738246	3.9745746801	0.0993106383355	0.000395297322309	3.52404047163	0.0902389470014	0.000712996212002
0.000673560786031	3.95415026389	0.106863992327	0.000247031821944	3.94227255794	0.0893931857655	0.000506437426917
0.000495454202868	3.99473358695	0.109734655507	0.000336811940604	3.86548186113	0.0919015774695	0.000622174426488
0.000594108871323	3.92932097714	0.110590166191	0.000232653752915	3.94175376521	0.0826095804736	0.00052871379549
0.000435285830896	4.15773637627	0.110600700465	0.000265047062859	3.56563598803	0.0886594329596	0.000304191742339
0.000368987935032	4.42576606258	0.098731932036	0.000333515190993	3.53394547567	0.0824732511922	0.000285313550254
0.000995747252074	3.77499598635	0.113598206791	0.000249270257255	3.76562831138	0.084771173133	0.000569487936635
0.000459736931297	4.06668097175	0.112839679625	0.000221146721027	3.89287306625	0.0897416247892	0.00017598290643
0.000586089597611	3.93542006879	0.110542064481	0.000370457701932	3.63469337951	0.084546290684	0.000429268992788
0.000614929089513	3.9491508588	0.109293590545	0.000336783939018	3.77416378279	0.0861269394749	0.000791996834471
0.000553600517699	4.03922769277	0.105165998574	0.000543100497586	3.25190857917	0.0850812646609	0.000507704707994
0.000497527847319	4.08617074436	0.103095044756	0.000493892278262	3.54192606504	0.084976987684	0.000496155466117
0.000887066121621	3.65926858123	0.101127938524	0.000425835386632	3.37036914575	0.0865019450449	0.000628146583813
0.000449043538184	4.29809841371	0.109076744219	0.000271713857438	4.00232186389	0.0850572833897	0.000496655222
0.0005095925609	4.20677907586	0.105618154148	0.000378377547463	3.63682311981	0.0937772885887	0.000516818178919
0.000455334844738	4.23410354857	0.111990954671	0.000394263891196	3.58556896988	0.0872431847189	0.000212848088186
0.000689433315208	3.95626233558	0.110873407893	0.000325000854181	3.62511064389	0.0856457990314	0.00042013255929
0.000761365119855	3.77000293094	0.111402525463	0.000131488241454	4.22064213923	0.0808920837181	0.000463650962027
0.000537580098989	3.8204626906	0.111543846612	0.000557152267944	3.41535093261	0.0978083203448	0.000623716858357
0.000459726811737	4.13290594298	0.110188125132	0.000406949207971	3.51232216738	0.087790456399	0.000462862432659
0.000477277408994	4.11156611645	0.110526297716	0.000537073611353	3.29643385215	0.0901152286871	0.000435020208145
0.000611060507817	4.02362873631	0.109956213518	0.000530131302709	3.45006509348	0.0864366316474	0.000743319988302
0.000503573762734	4.12815392999	0.112040788715	0.000403757197713	3.57475259686	0.0856646693365	0.000858175589852
0.000699979516815	3.78469227625	0.110029763809	0.00046444058129	3.45866646552	0.0846019462371	0.000719295496592
0.000524019749446	4.18161330395	0.104846610127	0.000234652217959	3.89119278857	0.086488540919	0.000578052914397
0.00067058010248	3.85436776538	0.117632492594	0.000295220739435	3.73497103742	0.0859471929372	0.000385589781794
0.000560283099171	3.89556410689	0.100644651154	0.000110445564477	3.77257442622	0.0892016324681	6.40243225299e-05
0.000662121253986	3.84814139688	0.114924529815	0.000397994053676	3.66106711909	0.0826212722481	0.00136094732044
0.000748259666278	4.13747780128	0.114703140462	0.000318764698924	3.50675218053	0.0878287477849	0.000335115394074
0.000768100384958	3.78911418071	0.114188524638	0.000449532666184	3.51353012321	0.0784596324977	0.000477703775118
0.000642063287587	3.93496688941	0.110569617603	0.000261891789247	3.8559028405	0.0924408468918	0.00047804290751
0.000788627761737	3.89168341131	0.107094254134	0.000441678821344	3.6214184344	0.0826044602683	0.000757870152388
0.000442787736221	4.28202742288	0.105457665397	0.000280426048923	3.7328867067	0.086850249978	0.000367379433219
0.000792746898584	3.71357571147	0.108134444576	0.00039151345959	3.49809833456	0.0853221624752	0.000671941189907
0.000579791167814	4.03228147997	0.110878681063	0.000213598972695	4.03540129814	0.0952888779178	0.000397079834611
0.000468365002788	4.10176551601	0.113207701738	0.000174649139479	4.16210306656	0.0846848660207	0.000326791305401
0.000395877418655	4.32879833224	0.114995836381	0.000164175956626	4.11854031139	0.102647003213	0.000330705948897
0.000942431562634	3.63384319772	0.11049872895	0.000288960900151	3.73407923355	0.0868782269732	0.000772416167684
0.000326329654227	4.42735759768	0.11017152485	0.000341139534725	3.64046659167	0.0942740007545	0.000487207125586
0.00049022067797	4.1201456262	0.115464024779	0.000226747528793	3.7274432242	0.0845322307396	0.00104100615406
0.000858119127269	3.79932663931	0.0978694605992	0.000259661162598	3.81265276401	0.0844837638244	0.000523964070156
0.000333475621574	4.2277713538	0.111241360643	0.000288194740818	3.882556188	0.0887437584615	0.000312180525145
0.000732800019618	3.86933019039	0.109800266113	0.000785388292399	3.17050207495	0.0905225640248	0.000966501156497
0.000505060593727	4.06074349967	0.109371202566	0.000231969873595	3.92961373028	0.0862166378826	0.000452783484778
0.00110323117094	3.57876830084	0.0907344971945	0.000306108902341	3.71007580401	0.0762406063052	0.000899505247843
0.000259874108689	4.09667534076	0.108179634012	0.000502094059236	3.43192396922	0.096819100437	0.000620949384038
0.000474189009861	4.0840517241	0.111463318228	0.00029910482107	3.66432580689	0.0848632357216	0.000362079725289
0.000454513445945	3.99387330423	0.111352406073	0.000297851142638	3.84478268824	0.0855634244248	0.000232864592692
0.000582242833414	4.05841101561	0.107762095954	0.000363268058466	3.74881526357	0.0869208173415	0.000469794134504
0.00060868184995	4.00615232466	0.108449649723	0.000496048745895	3.44021032012	0.0830397769757	0.000514568514586
0.000353400895216	4.40917401822	0.110311316778	0.000364682998761	3.71401941165	0.0945221866132	0.000359896974273
0.000320245853268	4.3811696087	0.114574182602	0.000140671366107	4.04447197042	0.0851218221711	0.000208642357977
0.000684607207736	3.94895313352	0.110810365314	0.000277991055159	3.79086275302	0.0840915820285	0.00050191196224
0.000544213116157	3.94744623902	0.103267963638	0.000525580410864	3.32527006594	0.0843220203616	0.00045010556653
0.000299973320396	4.31621700128	0.111846978226	0.000398028642319	3.43226695026	0.0749061081976	0.000308691118462
0.000762839704429	3.85273391588	0.111346196118	0.000263465876785	3.88480473232	0.0838141918203	0.000520323591312
0.000558403027133	4.26372250205	0.107774163361	0.000143449329583	4.25124990864	0.0856010083445	0.000459858590935
0.00072618095178	3.75179903593	0.100984574135	0.000262983917113	3.76626167335	0.0857923989345	0.000408521186277
0.000594181557935	4.01541495531	0.108598122246	0.00028417628481	3.86075804035	0.0828031538717	0.000391216591169
0.000503956036512	4.16125606171	0.110348472228	0.000287525088364	3.81924789461	0.0895166486505	0.000384613405545
0.000459080643468	4.12556807943	0.107822592443	0.000449925037993	3.41943890547	0.0874723427599	0.000490092484363
0.000669246769339	3.88013358972	0.111844927727	0.000471809944974	3.41807309023	0.0853952448311	0.000330208953647
0.000838591584785	3.7712444825	0.110608967169	0.000285657654285	3.64424826897	0.0906658751052	0.00065285527476
0.000491479916653	4.05000796587	0.110814151333	0.000419358741403	3.52840013132	0.0806597795229	0.000630132927279
0.000502322437443	3.97537632164	0.107175210501	0.000267519388734	3.83949380541	0.0959330503801	0.000372129376237
0.000908960344034	3.58550532218	0.0967564521056	0.000675775338004	3.25006735307	0.0966535681239	0.00128488727384
0.000709988294402	3.98323223324	0.108876472432	0.000423991937786	3.53807262404	0.0868139206624	0.000574537443248
0.000745136600035	3.75225361322	0.101087598733	0.000366756388841	3.64020367224	0.0873344224739	0.000634832604606
0.000536388135441	4.03540956203	0.109488756969	0.00049148103203	3.38576711381	0.0850635774023	0.000495947623169
0.000737660239079	3.74026367502	0.107561732431	0.000277598534797	3.67702856039	0.0792687746415	0.00142495824194
0.00092566331036	4.00019729822	0.108204800687	0.000227411916504	3.88034876262	0.0961394005015	0.000475527200627
0.00107667823798	3.60391844509	0.108975531246	0.000292070768686	3.58248148527	0.0847381264948	0.000531839553178
0.000469226734052	4.35185811268	0.124910339867	0.00024228171943	3.88838457787	0.084544898421	0.000464422384503
0.000740372801965	3.71408071111	0.109587409341	0.000476084718765	3.36496710426	0.102807630471	0.000186401606754
0.000619403557792	4.0060790572	0.110292228248	0.000453896497403	3.47738958134	0.0865220692879	0.000532396882766
0.000703162120947	3.94714090129	0.100895785908	0.000265939684969	3.84633604211	0.0813873768789	0.000225423143104
0.000578831879837	4.08661333643	0.110002558274	0.000248948736827	4.14876512383	0.0844153983154	0.00222191121832
0.000670825009406	3.87371891169	0.109942388953	0.000338628682798	3.67458509801	0.0856591826998	0.00047134200172
0.000458224479502	3.92002873907	0.112313709142	0.000227469231757	3.97472654504	0.0901472865444	0.000388715892408
0.000699136122393	3.87147486187	0.110975138442	0.00142690253058	3.762239213	0.0863764353859	0.00423051122791
0.000718504298977	3.75972919848	0.11875157385	0.000332655821924	3.73645341618	0.0884801639678	0.000504028214955
0.000876419008434	3.57122626513	0.111666160676	0.00038306551096	3.60344436202	0.0863610323832	0.000620489948028
0.000671415417957	3.9279997115	0.112781255847	0.000290525045801	3.68024336127	0.0894468523906	0.000395808335238
0.00064737580377	3.91187360613	0.112460601752	0.000258400586142	3.80217627203	0.0851829222174	0.00051072128318
0.000804712254933	3.76291253734	0.106714953919	0.000301598727862	3.77902873217	0.0866123114003	0.000550114748278
0.000567135985176	4.10697682577	0.117861002105	0.000317491537961	3.798652027	0.0893422878729	0.000252590517184
0.000478148252666	4.1909480399	0.122071776474	0.000490961461121	3.39818008237	0.0743889313473	0.000494938476886
0.000387354115304	4.1215576397	0.107053725463	0.000173601467226	4.11937257153	0.0906835824237	0.000269862083183
0.000787186228189	3.72965056591	0.112360691119	0.000496817482578	3.57334974444	0.0829884065072	0.000618903955732
0.000766628744045	3.81134093179	0.108462857982	0.000402363717386	3.58314205332	0.0858351087265	0.000634715801617
0.000823230912142	3.58571485367	0.110334141687	0.000329429834234	3.6009788209	0.0773029468968	0.000620306626122
0.000733033459899	3.78022234584	0.0945802950078	0.000453308146354	3.42430479656	0.0856559516463	0.000479919534007
0.000666583645775	3.96718613257	0.114536269093	0.000182872670147	4.16304687811	0.0864802784733	0.000400898084255
0.000586083863537	3.99928548831	0.108806202227	0.000317850148786	3.79659670457	0.0853652160548	0.000504900242418
0.000474491258977	3.98863450323	0.109915062621	0.000255109383094	3.63730906617	0.0821388039677	0.000392608333737
0.000623620885702	4.11263702897	0.109921331493	0.000289020228663	3.80250650959	0.08442393287	0.000520833508832
0.000639104077604	4.12075123225	0.105993923667	0.00037751772577	3.56736584176	0.08416621709	0.000655109328264
0.00063920667531	4.05395821278	0.111244216441	0.000325212714086	3.55388857812	0.0904235131179	0.000486937207518
0.000537610829831	4.06815950607	0.116603029944	0.000404495812239	3.65209039565	0.0874492520933	0.000478675918266
0.00046303123328	4.15031228782	0.112846596738	0.000265408582519	3.94128632976	0.0921079821601	0.000559004420253
0.00079462972778	3.91432778126	0.105502705904	0.000213947780288	3.91171375937	0.0922441327218	0.000263034908156
0.000885999300704	3.70840336092	0.112700334616	0.00032077252258	3.7233263017	0.0863656475246	0.000618139157539
0.000500190129262	4.03215691649	0.10761798615	0.000195644396376	3.99687394512	0.0901783090428	0.000225964680437
0.000925083793134	3.74933608218	0.107189972895	0.000513636017875	3.23329201841	0.0896587382208	0.000377191349801
0.000723151235865	3.84236011063	0.118181434381	0.000239735176142	3.81071471688	0.0848801752723	0.00063450636408
0.000716727498246	3.85481687761	0.111998941472	0.00051660093627	3.33753672282	0.0847828674253	0.000660752143804
0.000766617309111	3.93262533175	0.114957285165	0.000381275969462	3.69763334178	0.0867370067333	0.000383755942213
0.000597023432882	3.98545032779	0.114846298848	0.000260768217183	3.91877972839	0.0879305574819	0.000390334334148
0.000580027281846	4.08167513775	0.121795501724	0.000550176691808	3.26281846691	0.087764019148	0.000565690234817
0.000608070472009	4.02164291939	0.109854863166	0.00028648374685	3.63322694719	0.0869004681709	0.000456924648236
0.00104150434319	3.55717189681	0.113622142716	0.000447071849744	3.48542834802	0.0860399486927	0.000325634839679
0.000607725788608	3.93593705199	0.109684729809	0.000472213152781	3.41198732471	0.089425131171	0.000545034618842
0.000495834194308	4.21659913916	0.105668733862	0.000129903690764	4.23353981344	0.0851093296035	0.000283709566285
0.000483978703105	4.2627824126	0.108475342571	0.000523193278632	3.31305217608	0.0855180968896	0.000513912655708
0.00039830077289	4.32462597207	0.110086036168	0.000343296504071	3.53451902851	0.0863589149651	0.000328279195849
0.000462110541197	4.16496361006	0.105255830124	0.000474022306634	3.39248663073	0.0894096582737	0.000121874958925
0.000596019710357	3.93390933473	0.112624658148	0.000441387065944	3.63365763683	0.0886657079399	0.000390620972694
0.00040983626115	4.29272449376	0.127845710555	0.000616431293339	3.35064145581	0.0953217782647	0.000584019863022
0.000645063534838	3.92450855491	0.110662782118	0.000328385713373	3.71196494849	0.0918563461205	0.00053910290261
0.000585801724831	3.95051009481	0.137221420637	0.000295354768914	3.72045131923	0.0883688343829	0.000278283079312
0.000495001655748	4.15956382989	0.106294610616	0.000368939280875	3.67990133898	0.089490991721	0.000346449900413
0.000890954386603	3.69254872275	0.112994312861	0.00037957369725	3.62489320998	0.0916074648484	0.000692462657647
0.000544910437289	3.9486728056	0.107085568359	0.000216297442377	3.90753560409	0.0845233068975	0.000328184838095
0.000721043860277	3.88598043444	0.109303594177	0.000291921893982	3.96342953178	0.0861531881025	0.000496280396788
0.000636097255847	3.92199660086	0.110194737556	0.000636247113611	3.17463263562	0.0889065301416	0.000649632727983
0.000585311507983	3.91282546137	0.111427160978	0.00035698656556	3.53663302381	0.0887945791477	0.000120360361789
0.00048228160883	4.14681343767	0.110547529532	0.00049868208386	3.40128497717	0.0839832390063	0.000684640239408
0.000744830347097	3.84775243815	0.110030454817	0.000454213180782	3.45363234341	0.0834961865191	0.000342543749328
0.000628775020414	3.92904831273	0.11136058302	0.000372369042008	3.56929191297	0.0914155956922	0.000543556669986
0.00052752335021	4.1715221884	0.106735609732	0.000444920339835	3.88005977099	0.116417034702	0.000456803439278
0.000235746458959	4.64159930527	0.106034117501	0.000253600871718	4.13506272137	0.0891705895567	0.000228770477086
0.000272413835066	4.44476671103	0.105867480084	0.000325511927817	3.71371160707	0.0904711111338	0.000246327730795
0.000667954321781	3.57994086631	0.104712588531	0.000591607132186	3.20392134033	0.0920139583121	0.000755817793539
0.00107465226394	3.59202141962	0.109940785784	0.000382884144539	3.58493744511	0.0854508905046	0.000543710796151
0.000746878774148	3.62952432361	0.110567664306	0.000380935764987	3.52307567706	0.0874337400668	0.000596322825391
0.000396153852076	4.24374037174	0.114631011534	0.000263559452995	3.59883141724	0.0901041652442	0.00028799019557
0.00043417100655	4.1882251557	0.112233654217	0.000276327869391	3.82696916382	0.0848917053318	0.000129190130218
0.000489223121049	4.1149017923	0.108585449898	0.000412788170956	3.685710238	0.0848185928868	0.000499624600399
0.000472518127131	4.15785172062	0.10677344725	0.000323681271782	3.61964676717	0.0892341462837	0.000420391908442
0.00076482502386	3.70138719699	0.114743810782	0.00026784853843	3.77109065617	0.088038341541	0.000489663724831
0.000562885848793	3.83244975427	0.0902478849999	0.000294048433548	3.77667747216	0.0985709709913	0.000405152585277
0.000725123381366	3.80429757083	0.112662016244	0.000279988326282	3.77566826129	0.0922377364994	0.00061564859127
0.00140489670945	3.48558590942	0.102659013908	0.000486563769505	3.38508406145	0.0844183033097	0.00161151058996
0.000691251532813	3.8285861727	0.109362836291	0.00073515095464	3.19287713336	0.0878898315308	0.000655776891668
0.000316314546371	4.32608357857	0.109176980832	0.000249680495152	3.88423090302	0.0863647409445	0.000204459145491
0.000622491892332	4.05915193454	0.105674216048	0.000517731136676	3.43942921987	0.085439510101	0.000494708679753
0.000802127279409	3.87678523756	0.110928372405	0.000263356172364	3.83158820027	0.087677819314	0.000142834508071
0.00055732474303	3.96748505312	0.108571203047	0.000335574599743	3.6196808377	0.0847699705853	2.25236688556e-05
0.000519827785963	4.10615842629	0.11030438633	0.000171984246308	4.0902866826	0.0841871588288	0.00029508713501
0.000625729257293	3.83005846969	0.115131975524	0.000257284788051	3.82122464016	0.0862555279896	0.000493615514197
0.000502898398628	4.16546582659	0.108930260204	0.000428764593285	3.51839070856	0.0876458819478	0.000456379201118
0.000711512656443	3.85773714586	0.103734110606	0.000373890421554	3.85762781993	0.0840205367609	4.95937995272e-05
0.000768021117572	3.84678244067	0.116586227056	0.000313968860799	3.81867901159	0.0868721195308	0.000536814187837
0.000824812920162	3.95812288398	0.109269061868	0.000235795702973	3.87304064632	0.0830043158296	0.000601756256964
0.000611425408731	3.89704141714	0.108415310756	0.000651367525574	3.19071876688	0.0864657304164	0.00062931343387
0.000511753662357	4.00578822109	0.11012292319	0.000495654267953	3.38887595465	0.0908164806524	0.000382385478172
0.000413213380166	4.28778721616	0.10722552586	0.000277490889627	3.75477716497	0.093432760509	0.00037258231766
0.000962571842553	3.77339502598	0.111967110246	0.000421754522015	3.58294908512	0.0882230992578	0.00134512261275
0.00041641330281	4.02394996674	0.105735283503	0.000236930309197	4.02506971472	0.0846892737501	0.000224767762155
0.000690188186342	3.85742305075	0.109563860291	0.000550143979804	3.55046547591	0.0822680319822	0.000465580403687
0.000544634634935	4.10250207334	0.109273207965	0.000211282926899	3.93275220848	0.0856984573329	0.000375934321672
0.000753501939511	3.51621793105	0.115670990456	0.000301941956264	3.81850907836	0.0917934911968	0.0005612055989
0.000507285466329	4.00491658377	0.110874690302	0.000375275450268	3.6401099668	0.0871849732089	0.0006809161622
0.000353415975172	4.29218000862	0.104606767054	0.000210575740636	4.02320865008	0.0821433690239	0.000236119599008
0.000373679808614	3.91521428346	0.111642923055	0.000307349521844	3.62778471246	0.0871701701357	0.000953509560516
0.000551770390532	4.00207068014	0.106926556577	0.000386026439964	3.42902630326	0.083380598002	0.000580975344524
0.00047946027098	4.1502189515	0.0979912585917	0.000368573672565	3.60149147295	0.0947060708325	0.000433282669276
0.000573812389651	4.04168896887	0.107419923883	0.000337370043957	3.80135892751	0.0775525436448	0.000783275525165
0.000527276634812	4.2091268984	0.109936894898	0.000149700971925	4.27348205225	0.0862853801093	0.000229498435751
0.000662845141508	3.91178874788	0.118973011739	0.000228734046819	3.92352253462	0.0858519661513	0.000446292815647
0.000891378744935	3.57055521453	0.109752365003	0.000433696133142	3.40887235972	0.0859285681717	0.000596149728785
0.000407872053419	4.12768613465	0.110388336251	0.000435695607637	3.50129067561	0.0841280466187	0.000489805481171
0.000651280681023	3.82291518301	0.113770722862	0.000503135754213	3.46474500806	0.0879350682938	0.000635559140206
0.000741043064098	3.92859247605	0.10771852063	0.000451125679119	3.40761131763	0.0881611626456	0.000586453472395
0.000731841896782	3.71483140558	0.118100008767	0.000405166770841	3.50235634052	0.0850466111613	0.000887237227228
0.000533443376587	3.96395123424	0.10396187275	0.000252932979073	3.8827727956	0.0837079263642	0.000610511051665
0.000754564705859	3.81147553493	0.112417354266	0.000425508338821	3.37991834535	0.0871698978767	0.000637574049988
0.000303825080354	4.48755026238	0.117181809408	0.000278236147253	4.11577131894	0.0872157533469	0.000292651041165
0.000912829007518	3.58778323127	0.110818243232	0.000314569925916	3.94437065091	0.0889054683231	0.000603150866889
0.000475641582671	4.36158025136	0.109069705097	0.000213948140746	3.94808747802	0.0859369060558	0.000418212853982
0.00042093357362	4.23269761489	0.111441293289	6.33491345863e-05	4.2529730142	0.0836997760323	7.41434663862e-06
0.000621053838121	3.85241285186	0.109554451945	0.000368302220763	3.72421120228	0.0856554242963	0.000604837352568
0.000567693773316	4.05855106849	0.110143445021	0.000408403272048	3.55591243985	0.085260363471	0.000671403567515
0.000507684831155	4.15953630503	0.112503229	0.000431546000281	3.5717057898	0.0896309664496	0.000519596388872
0.000396396079296	4.21154653404	0.110170112033	0.000450511927598	3.58030197549	0.0895468149846	0.000517693331736
0.000329726763248	4.4573887849	0.109141289867	0.000166002283565	3.98640834886	0.0895257442491	0.000175639061424
0.000584171220898	3.91674201214	0.110385761484	0.000235652841134	3.86071159667	0.0852099543176	0.00065958942924
0.000436136233121	4.31488649764	0.111738350523	0.000409867336403	3.43979545953	0.085845033178	0.000485514065509
0.000675429846873	3.87756166132	0.110619086804	0.000239941059748	3.74675886316	0.0971283223692	0.000413987379523
0.00061779484976	4.05682923534	0.102298993123	0.000148800694823	3.85591309227	0.0876165231951	0.000364056204942
0.000448322302797	4.21972621322	0.108528328862	0.000507449794201	3.81208222267	0.0924758624441	0.00159148976631
0.000455217053894	4.22812856913	0.108025995374	0.000411256909842	3.52235173806	0.0758651785601	0.000423162288681
0.000413030022952	4.27254172955	0.11087287566	0.000298845381844	3.84066715079	0.0745487490614	0.000458523480325
0.000622074766623	3.95175657023	0.111838198015	0.000185295536732	3.95590394303	0.0858618721982	0.00135653518739
0.000756815948505	3.85199746659	0.10747933688	0.000706547567419	3.16795286974	0.0875637876504	0.000660419686378
0.00102619180216	3.37721293544	0.109328312329	0.000418622182486	3.51802362802	0.085596834564	0.000513331753412
0.000848851277959	3.8951272336	0.111013034869	0.000244933838605	3.88599237059	0.0862717834178	0.00470393662782
0.00041415932599	4.18225329282	0.106968683065	0.00028765192716	3.65326490139	0.0843130859459	0.000457122648403
0.000376729818837	4.35387368384	0.110155748484	0.00043444181995	3.49143241986	0.0886912101673	0.000395827375444
0.000509711811377	4.18727897554	0.0850042400783	0.000378595546481	3.67081827506	0.0916409402938	0.000441771008162
0.000591235376743	4.07189990061	0.107311643973	0.000422459785847	3.68938132798	0.0876410029051	0.000498444482838
0.000598215553829	3.94075528075	0.116410719683	0.00047215631674	3.51558724429	0.0833997919963	0.000559198808669
0.00042612976644	4.11659576456	0.110192668489	0.00034132367996	3.7778201281	0.090886490652	0.000486518870383
0.00046638890869	4.08331891909	0.113736154484	0.000490739799012	3.38795910035	0.0851524878069	0.000654305592967
0.000498413277464	4.18780052074	0.111185771179	0.000495195942034	3.40233685219	0.0869817549132	0.000493285510895
0.000457713799974	4.21794285373	0.114111572181	0.00043996963014	3.34294498923	0.0829920920951	0.000476834900254
0.00058429185514	3.90582315861	0.104694526184	0.000319774045623	3.7123201154	0.0779207944386	0.000443553629433
0.000766896879827	3.94287640001	0.112473441073	0.000365774454906	3.53700081384	0.094201311588	0.000576743807789
0.000435802637857	4.20978241291	0.111852664589	0.000403915090858	3.53554081648	0.0892155108546	0.000428485740933
0.00121877063099	3.49631990666	0.113088627264	0.000458054669605	3.4412976454	0.0916106445913	0.000883017080318
0.000523010033279	4.04482370951	0.110245561102	0.000564228465825	3.27151192012	0.0867574453009	0.000435815189675
0.000274995030817	4.67991959259	0.108092445444	0.000255231857594	3.80247642878	0.0825667559201	0.000253330499524
0.000166584392657	5.01026067707	0.112442695087	0.000221968599852	3.84347832856	0.0862469511086	0.000193376756447
0.000338057000506	4.47019476961	0.109955827752	0.000358516829735	3.53176321358	0.0842834787052	0.000340660076407
0.000725015411225	3.79389976691	0.11263990326	0.000393340992632	3.78021844982	0.0851601332096	0.000566075872962
0.000879878990507	3.75287269471	0.115285350748	0.000349962162507	3.66671486852	0.0881065461973	0.000593244254851
0.000334969025193	4.38182182799	0.104915873392	0.000332421986958	3.5675296017	0.0821800156101	0.000317335228898
0.00116617569954	3.51521100771	0.112692941221	0.000343644577035	3.62718756854	0.0887796481618	0.000741408233809
0.000836928632965	3.6140540994	0.115504136511	0.000685869050052	3.26108483673	0.0850789622087	0.00092585545751
0.000381946137353	4.41519526835	0.110066813625	0.000322790244863	3.48661585516	0.0854290374399	0.000339006834349
0.000603848591823	4.0482156894	0.112486551963	0.000410731062378	3.5215296503	0.0860163330461	0.000438360753642
0.000484837066629	4.21450433348	0.111355342858	0.000262424796087	3.8055901136	0.0834510202853	0.000390859443152
0.000721451342966	3.89535115818	0.1147951684	0.000537917466917	3.11413275237	0.0887421269865	0.000655775334849
0.000523237026641	4.17621876511	0.11388031429	0.00046525264603	3.32893052766	0.0864419129672	0.000714570568106
0.000880368419709	4.14950415648	0.108169130704	0.000424674479897	3.45181336321	0.079278914407	0.000679324180159
0.000814743964958	3.76389193235	0.112117745937	0.000255526121456	3.77700018643	0.0893797959694	0.000888874218741
0.000516290826643	4.06995907558	0.109667223255	0.000156514405622	4.21704536285	0.0829224485087	0.000851604543866
0.000599402620787	3.89656582691	0.110587108695	0.00036677226836	3.63445350809	0.0846005837633	0.000469989269532
0.000402851172147	4.0447097314	0.106801587714	0.000244510558589	3.88481958005	0.0871113115359	0.000252683054963
0.000688507985439	3.88032707145	0.11587849756	0.000623495858315	3.24061104958	0.0803021048562	0.000656366437607
0.000396805540153	4.31357230317	0.111180893086	0.000483718658555	3.93763952783	0.0964595733166	0.00047605154514
0.000896675701638	3.58599423047	0.10309580797	0.000405933448724	3.63242477839	0.0857472677444	0.000715578205123
0.000786860713413	3.68505273425	0.100246131149	0.000488323637109	3.33121557718	0.0932433441389	0.000822488730289
0.000454369240763	4.15024053785	0.111445543064	0.000397685482074	3.46241676477	0.0863367280684	0.000394988065858
0.000683554993988	3.90872288307	0.100052020789	0.000425935640377	3.77877290581	0.0872563284192	0.000527668975202
0.00103141877172	3.59266658569	0.113515797863	0.000450102612428	3.4031898078	0.0977952215237	0.000755356850534
0.00053745510169	3.82313980135	0.113175051915	0.000221924857075	3.68771204857	0.0877884089511	0.000337621694009
0.000610587419045	4.02069996675	0.112531480618	0.000252267283541	3.87736754503	0.0866835743059	0.000460362955606
0.000461437889523	4.14191474408	0.116284973751	0.000206980457422	3.96107257186	0.0942032651491	0.000262759719162
0.000374946786759	4.36630060767	0.110359898641	0.000425724530068	3.53823518364	0.0859704775871	0.000403724540856
0.000533696266652	4.02253547585	0.112864058192	0.0004351349899	3.44861760892	0.0846576702381	0.000491220298225
0.000422397327486	4.32685513132	0.108522375586	0.00042552694666	3.34601220966	0.0900534766986	0.000519529976763
0.000519492021765	4.12548237939	0.111365015738	0.000159706487932	3.93003390295	0.0896102315827	0.00059425068777
0.000430351191544	4.22052976653	0.108561412028	0.000210037437833	3.98460168178	0.0857253578028	0.000458307096591
0.000815622780676	3.81482525426	0.100575279106	0.000350121582186	3.808379438	0.083689754483	0.000186667876111
0.000589375656109	3.79249243954	0.108441834768	0.000466210664653	3.41972669257	0.0869964482472	0.000526976819747
0.000624296870748	3.88551903268	0.109771810792	0.000397111777753	3.55969561683	0.087909429783	0.000520766006627
0.000678177615995	3.900018394	0.108662823639	0.000215969590225	3.8724621517	0.0865290328914	0.000371668858204
0.000727483646057	3.78182103536	0.108307900566	0.000292274023918	3.71427150081	0.0873926896058	0.000808409061463
0.000642554082133	3.82539217353	0.110986449565	0.000386809321862	3.82915940345	0.0885724143883	0.000926458768336
0.000389914730376	4.25786514718	0.106616941793	0.000417165922537	3.50631600338	0.0863581385371	0.000390774685039
0.000952135000274	3.69810503543	0.111729198496	0.000289439261075	3.73739148112	0.0996549233196	5.39740348906e-05
0.000712833706747	3.91413493524	0.112867334133	0.000238075139657	3.91875255054	0.0848434191078	0.000677066128809
0.000519147931925	4.01673412242	0.112411992044	0.000170767467672	4.06277703172	0.0862076901732	0.000349238889999
0.000944670820695	3.61053956319	0.111915217846	0.000301693632316	3.63677408734	0.0814977995648	0.000575499910778
0.000567217317599	4.03099807451	0.119098189275	0.000479432179806	3.62228352312	0.0917126876354	0.000559639280203
0.000430694054498	4.45398589221	0.110111381931	0.000449015064321	3.41223868298	0.0829591170629	0.000440088932189
0.000570277935952	3.98202880996	0.111462326809	0.000340930034798	3.80652995383	0.086055475747	0.000488354280333
0.00035471837748	4.45450096012	0.100611868105	0.000254495588071	3.55309887885	0.08846629371	0.000383041869338
0.000700264720624	3.87846125718	0.113899711138	0.000435789965412	3.6533419437	0.0862738998235	0.000714619893428
0.000490182267716	4.14734752809	0.117624794324	0.000445592518608	3.56995438036	0.0865349221517	0.000426970257017
0.000572478338596	3.95337207658	0.109182362605	0.000586077407195	3.27335505968	0.0867098574417	0.000548480021676
0.000584730431699	3.97741018749	0.109722142713	0.000492259009736	3.34613070662	0.0902292957252	0.00053470887554
0.00072729255509	3.79714350365	0.111722536509	0.00073933905229	3.13925588046	0.0789797916419	0.000728973870378
0.00043805992933	4.07116349367	0.107755664725	0.000325224647593	3.59625249319	0.090485587457	0.000321514947304
0.000633733088924	3.78721509528	0.110602366208	0.000346571973434	3.64552717442	0.075124351729	0.00053664328918
0.000606489295429	3.88170242711	0.109974279278	0.000519765895944	3.38293202146	0.0860630847711	0.000478414261434
0.000579626072868	3.95641515988	0.113116536852	0.000268923695625	3.79901195247	0.0880861340875	0.000412933568641
0.000585185342687	3.9969053462	0.111082690907	0.000304683865145	3.67566214013	0.0863363796685	0.000508091165644
0.000761086781565	3.95529000239	0.109970811541	0.000288524610628	3.86973249168	0.0994232539465	0.000604220975374
0.00057748125575	3.95323069672	0.11601897286	0.000623155969359	3.16477848111	0.0956945527135	0.000852168502795
0.000836155906175	3.68564529638	0.110745601228	0.000311582512971	3.7199536074	0.0857585882227	0.000619814147791
0.000701408498497	3.88105694822	0.111131046761	0.000381066658068	3.71032930338	0.0878599855334	0.000575395668438
0.000714601074879	3.84904887897	0.113001865552	0.000232220299105	3.8702853955	0.0823115100261	0.000671904054449
0.000486574026282	4.27491097282	0.108454206526	0.000147263096229	4.25534287814	0.0842959840399	0.000191449722952
0.00068461023446	3.90762284994	0.110670931137	0.000609734146418	3.15652581363	0.08729223239	0.000550027039586
0.00105641704963	3.53174465055	0.112307163001	0.000458612267104	3.53088028767	0.0928197405946	0.000801196971245
0.00078126018074	3.67463648406	0.112033025724	0.000320928306274	3.69138877825	0.0948097754634	0.00050355977806
0.000678267264486	3.8754340548	0.111368050561	0.000282225400781	3.82091326895	0.0879846129193	0.000488194359326
0.000622253524922	3.8937545618	0.10949432805	0.000391528902214	3.85954269473	0.0849833945521	0.000703369382325
0.000543759372615	3.92113473099	0.107688834568	0.000511131918264	3.33601769389	0.0916991637424	0.000370860847864
0.00063609220288	4.05017564444	0.104608705437	0.000414340682317	3.68087901086	0.0878787544418	0.000579622011943
0.000788749635302	3.69684319999	0.111851178344	0.000394124169487	3.51220887019	0.0851193426538	0.000406382587065
0.000462597395835	4.11395285449	0.114937830633	0.000414098843793	3.3032294304	0.0912695916835	0.000450054652982
0.00045953083917	4.05054302015	0.109002116533	0.000422379368139	3.47434628161	0.0863851168413	0.000672111607352
0.000603697180329	3.92196170133	0.109705860221	0.000287556094761	3.84979409223	0.0878671179812	0.000527107227761
0.000745420039002	3.81732760132	0.117032597217	0.00036831225942	3.58779496015	0.101792779041	0.00104283306218
0.000810646209045	3.78327976621	0.0556416532035	0.000268489093726	3.59817211936	0.0862888284422	0.000567618882964
0.000716518844819	3.87348837021	0.112091809624	0.000217960265831	3.75058982051	0.0865098853355	0.000892323541087
0.000604115186506	3.95703230799	0.106875608622	0.000557443318236	3.33131467914	0.0890377062565	0.000664421487858
0.000541684193506	4.09870294395	0.110635545267	0.000334414953981	3.55856465233	0.0826027643712	0.000453494529012
0.000737242462291	3.83437531837	0.111936268136	0.000398020552785	3.70078815436	0.0811150167617	0.000505395925712
0.000564514533001	4.16788810309	0.112582956685	0.000536544999378	3.55637116579	0.0888332665403	0.000302544027225
0.000429927418602	4.22146251948	0.10871967212	0.0003722359428	3.63990846118	0.0927459836022	0.000221616335633
0.000529741865474	4.04059704912	0.103728936886	0.000525460788007	3.290255282	0.0899796441621	0.000526961014826
0.000414197643896	4.30568108931	0.110568835457	0.000308185035394	3.91407618275	0.0857316149013	0.00029479907347
0.000641389602492	4.05271116173	0.109736877495	0.000657543749877	3.3327997922	0.0804576443677	0.0011765426882
0.000450115739519	4.13899955104	0.104447904462	0.000338881683104	3.64259046759	0.0846513716015	0.000415030804888
0.000614787901632	3.88392883964	0.110918957884	0.000271424587914	3.84043449043	0.0817273921186	0.000462843713556
0.000681393066911	3.93139076346	0.117644046825	0.000423987505192	3.81643052823	0.0869980090224	0.000662417131977
0.0006258635708	3.950996284	0.108402452453	0.000230887507766	3.86136086729	0.0863491308649	0.000418891182036
0.000647419014703	3.90363024838	0.110060630554	0.000127580365388	4.09766296117	0.0893255279073	0.000267189105571
0.000387240570314	4.36764630958	0.112463109797	0.000347121348262	3.65832555403	0.0814099911662	0.000358140577334
0.000381196485479	4.6374407068	0.108975003524	0.00031573065017	3.70992065237	0.091599221071	0.000185945469345
0.000597701615547	4.09941086137	0.106658039167	0.00025062406574	3.82808036721	0.107446697609	0.000254806914529
0.000631067488528	3.96223628056	0.112646839488	0.000450846750333	3.48851745245	0.0903469377627	0.000596294694357
0.000408322386633	4.20823140536	0.111817539675	0.000345894353812	3.71472183936	0.0924982428328	0.000392212406187
0.00133279124218	3.88706061113	0.116626598979	0.000255341953185	3.90864825916	0.0862850920524	0.000804346433575
0.000662653201785	3.85196650273	0.112941042722	0.000214465870236	3.95771273655	0.0780417101216	0.00071518047269
0.000969109104076	3.68538547974	0.11143824691	0.000369170127702	3.59364949819	0.0864694505483	0.00080225524797
0.000660471570984	3.93100621915	0.107463795549	0.000544231054179	3.27878202468	0.0864304604818	0.000609629585977
0.000827455142779	3.78589209782	0.106515956471	0.000457084672112	3.37747746222	0.0867116842042	0.000561642973535
0.000724343918651	3.82807012546	0.111165983715	0.000360293951664	3.50397380654	0.095585155363	0.000337270584266
0.00117467547484	3.25929028328	0.109625582941	0.000540983115641	3.36387919854	0.099863300399	0.000212423299784
0.000658136172859	3.83852992226	0.106564745348	0.000480596828595	3.33610183655	0.0845855388249	0.000597498368597
0.000630860992927	4.04475190609	0.108685667167	0.000360945777446	3.51066637818	0.0863163715876	0.000489520123712
0.000395735132325	4.41911033508	0.108972001513	0.000344413422247	3.5198194803	0.0991180786351	0.000346695903441
0.000433355128825	4.07355054779	0.108919551698	0.000431827294522	3.38521984696	0.0889014670152	0.000336588878879
0.000690090736966	3.9137678707	0.108988698067	0.000279440983638	3.78615288594	0.0877530533237	0.000499123651325
0.000470490170072	4.14123451862	0.122554254484	0.000465081364613	3.39180514585	0.088675172286	0.000461536272454
0.00047394368068	4.14056994978	0.115132773577	0.000187870421269	4.17646512326	0.0896701579102	0.000458932384035
0.000733629750841	3.78343491025	0.117473357683	0.000469125778424	3.47482597583	0.0838950690182	0.000868670256584
0.000653264859647	3.89909109384	0.109976030459	0.000262294968645	3.74156566709	0.0807933202597	0.000486567179833
0.000400620695529	4.00918156992	0.106543430252	0.000301112659481	3.60091319678	0.0874983200833	0.00028518785991
0.000440953531103	4.22084433577	0.109765655453	0.000175118510447	3.9290397264	0.0885483297019	0.000473457697071
0.00053067139984	3.73474492145	0.112656064763	0.000251703283595	3.96450600841	0.0872946957589	0.000927207393029
0.00111896139149	3.54351334983	0.0990333599042	0.000432942220725	3.49861090389	0.0855922932228	0.00100289711254
0.000882270349729	3.68536094886	0.111639700591	0.000290911371511	3.69940314704	0.0902169798547	0.000132784226279
0.000727353115247	3.78250330953	0.104825176611	0.000497645208403	3.31273457234	0.0871075352624	0.000416398412452
0.00029999145409	4.32873570733	0.114790853865	0.000261372279486	3.82825441561	0.0835281246926	2.69854720446e-05
0.000741986330123	3.74381069967	0.115752621357	0.000666875284088	3.18356160385	0.087705739375	0.000731534068384
0.000502201555368	4.32586872739	0.107889406808	0.000428059353219	3.42307174281	0.0876048621821	0.000423677911886
0.000885126527221	3.72449253653	0.108988243414	0.000324520833768	3.72825474339	0.0852869665822	0.000637579433745
0.000336326976527	4.17782731876	0.107697164743	0.000215541039879	3.99938288359	0.0849605765323	0.000477051005702
0.00063798134976	3.90254782359	0.110774274876	0.000302902314668	3.75089801668	0.0899704200553	0.000588359192048
0.000595604524983	3.94878744167	0.114950388298	0.000347190674214	3.62615370334	0.0906455050917	0.000497832734064
0.000404394008802	3.95201146973	0.111405873823	0.000430225265882	3.6007517024	0.0862773162811	0.000937690915566
0.000467269140353	4.16012446724	0.109123421966	0.000316841691891	3.65522210029	0.0844720749611	0.000221814213945
0.00072308961451	3.96930208274	0.111703591676	0.000384365674931	3.45480378821	0.0972194826151	0.000577103879339
0.000344419615556	3.73016618669	0.108957234295	0.000278995530394	3.78910502204	0.08599480146	0.000318065221463
0.000663271444989	3.9128620558	0.110341531122	0.000360304317272	3.61129320933	0.0951478319775	0.000519574935668
0.000579637631563	3.94766586161	0.109765341494	0.000158597742344	4.02979244477	0.0858513368595	0.000344109435593
0.000806306190491	3.76953006136	0.110415843083	0.000228146094258	3.80334243276	0.0866391357105	0.000588914333491
0.000850709233998	3.84016170399	0.113060787714	0.00031752137164	3.81097192786	0.0829111702039	0.000596852717061
0.000983789345662	3.54949657661	0.10874855631	0.000310310985456	3.58616219697	0.0914501201878	0.000501967974803
0.000532916242011	3.9663408612	0.110355688818	0.000329810420658	3.7099456571	0.0838802152186	0.000540336672323
0.000462663334666	4.20056102543	0.108731646017	0.000223498212051	3.84992325374	0.0842578724196	0.000245551686731
0.000408897737324	4.26842715295	0.119185507993	0.000381250163535	3.82847643381	0.0809258831691	0.00042902910884
0.000502262387863	3.97389861197	0.103438504556	0.000300276410925	3.71549518295	0.0871221848543	0.000329049425515
0.000744969622567	3.91237785269	0.117848584456	0.000276902297342	3.42875221083	0.0900679197956	2.70702467139e-05
0.000717062068868	3.8242706282	0.111117207898	0.00036362691951	3.64395053712	0.0889889964542	1.40377527121e-05
0.000517764925774	4.06617807558	0.108394023456	0.000237305050812	4.0174222992	0.0834673364744	0.000205393530326
0.000646139776664	3.69362496958	0.111425335404	0.00027202002217	3.81575739678	0.0918183334003	0.000266459650618
0.00108949106524	3.45459813336	0.110920579543	0.00053102701153	3.34737094809	0.0858407308685	0.00188226636401
0.000522392014057	4.10966641948	0.1158903297	0.000278751926668	3.71273368057	0.085132088268	0.000360545547449
0.000405460654843	4.30636265668	0.109066290781	0.000598538296335	3.09744916928	0.0870307849203	0.000357034369219
0.000380594179878	4.07921891319	0.108789510113	0.000179752534547	4.177644313	0.0865830187085	0.000393183278419
0.00038365132236	4.50117349043	0.101771790854	0.00031585482918	3.63480447369	0.0854661765651	0.000356126094579
0.000871734037034	3.78419628366	0.111825537165	0.000515061450368	3.27866091784	0.0862515641836	0.000727559378163
0.000710401737337	3.83581319827	0.119958244263	0.000243096998474	3.79811656684	0.0859551264622	0.000431670914449
0.000444362382324	4.17415163948	0.117292714566	0.000291051763803	3.84354753368	0.08400748977	0.000201640730466
0.000801070221847	3.91158313036	0.109308746104	0.000266066650095	3.85376701198	0.0867408950206	0.000242963751919
0.000598746568162	4.00359041411	0.111583276011	0.000328726766516	3.66631985748	0.0850455869775	0.000464030919014
0.000425417878245	4.25493460156	0.127585632008	0.000144374095057	4.22188936418	0.0858502134221	0.000342698832536
0.00051238622281	4.12415882091	0.109866193652	0.000164170733335	4.12519175419	0.083509273265	0.000324648041496
0.000567930986282	4.17111012742	0.109001595225	0.000143608192341	4.1158200752	0.0904720359009	0.000396898077585
0.000843631277076	3.6873293442	0.108109982631	0.000244098255362	3.85051264978	0.098732978978	0.000767641872796
0.000414341072221	4.28507665252	0.112879560472	0.000331528936583	3.6711475467	0.0863496208671	0.000359464278851
0.000746559093696	3.7617823769	0.11831601383	0.00046693831802	3.49032036815	0.0760051050326	0.000631500877101
0.000541613080571	4.01761388729	0.110264064002	0.000345351415379	3.79262558477	0.0858728904967	0.000401453233317
0.000387239393173	4.37885886204	0.10930630028	0.000186791788113	3.91819152782	0.087975640833	0.000303909167854
0.00113910722379	3.57761568833	0.108166831605	0.000556447592622	3.34862090964	0.0903437223608	0.0011553922432
0.000315603997488	4.38228418889	0.110059784771	0.000295713604442	3.75230108565	0.0830605891768	0.000335440839425
0.000583386714287	3.84956185523	0.105295846247	0.000281463015671	3.83350887122	0.07936605094	0.00173302024195
0.000735094821223	3.77522180768	0.11831160576	0.000388857231532	3.48938507266	0.0883189165765	0.000534365760598
0.000455729727089	4.17336152323	0.111474419248	0.000449941041019	3.37980872745	0.0930764521493	0.000513500749451
0.000623313496147	3.96678076682	0.113491971531	0.000445975440681	3.32646797284	0.0853934177486	0.000199612597055
0.000401427192484	4.03324650575	0.109890264997	0.000320351918967	3.81389597283	0.0893453912276	0.000474864456493
0.00062407264191	4.01451534974	0.104692902381	0.000200920080784	3.80169700765	0.0851825590908	0.000410324022373
0.000544211735383	4.37673441464	0.108316141204	0.000271036357811	3.91768708801	0.0855391282921	0.000313674952232
0.000354448445268	4.43330040255	0.109204844914	0.000226623571125	3.90211900562	0.0825475167669	0.00028853350035
0.000537303183635	3.79062749556	0.111439793953	0.000338242148581	3.60682277115	0.0910175324975	0.000375321161379
0.000871176552688	3.6256459472	0.110960931152	0.000631717667277	3.29805410869	0.0844448908411	0.00148392615379
0.000868365436224	3.77912408532	0.110928354107	0.000319300479081	3.57562887965	0.100728818963	0.000559772047662
0.000302981054906	4.54236220165	0.106743967979	0.000307823182964	3.67769257723	0.0844259996472	0.000393263899614
0.000776356336775	3.86731246391	0.113496789108	0.000574614369851	3.24039153934	0.0894831004212	0.00069835072876
0.000602107306735	4.16715780415	0.110115996813	0.000520421438691	3.41914929896	0.0860758982981	0.000530080688756
0.00077083163763	3.83279862502	0.106725451887	0.000194349961156	3.87923047031	0.0931104489213	0.00122081209809
0.000627681932043	3.75825586565	0.103635307975	0.000134231488669	3.76623130658	0.0861178217951	0.000349417133013
0.000591374772064	3.97596300324	0.110623875619	0.000450356244354	3.41254098738	0.0898821933389	0.000527630078571
0.000468605405668	4.24649193337	0.109634670015	0.000497605951172	3.55896393096	0.0763838481056	0.000481550228783
0.000555157511053	4.08396353603	0.106739154354	0.000421563769498	3.55694434675	0.0887390358989	0.000618551698819
0.000491088484624	4.04977031296	0.108578963249	0.000211449951925	4.03167565574	0.0860002355919	0.000333394789053
0.000612483420445	3.95099929245	0.112096894101	0.000355298951237	3.59278633346	0.104237138896	0.000513881018575
0.000656835698757	3.85414887467	0.112840108772	0.00021406314213	3.82479727614	0.0837759111592	0.000687611153801
0.000502106589577	3.98464089725	0.110566912725	0.000219925131144	3.9312054903	0.0840873588326	0.000404344325916
0.000419095842212	4.30180147896	0.11671803203	0.000396443942188	3.50535426002	0.0804858391505	0.00040146160019
0.000457093744063	4.05814429187	0.112115555453	0.000284324007873	3.76712470426	0.0846973470311	0.000358634793322
0.000308167777674	4.46873643876	0.10998999891	0.000320891461778	3.7967666862	0.084718540037	0.000309138695879
0.000347279107662	4.40921325224	0.111903177537	0.000235678564298	3.81552949051	0.0880066086095	0.000282943301639
0.000269116585736	4.56438101278	0.109027511512	0.00026469901606	3.73368335336	0.0831636518461	0.000161448388315
0.000597466655149	3.99962770057	0.110497488597	0.000420357834327	3.55452727558	0.0870129366184	0.00074742453388
0.000514345449855	4.08773905662	0.109914142792	0.000451086167233	3.62074263595	0.0849031448154	0.000356446253888
0.000472321101625	4.09978176923	0.109657941349	0.00016344240449	4.08354262468	0.0896703862099	0.000558308687696
0.000556454077539	4.10968858136	0.111228627856	0.000123540879186	4.11405118306	0.0871159624647	0.000337969769743
0.000599042044649	4.0710420387	0.112026197615	0.00019683503937	3.96644320181	0.0870295710067	0.000431386446026
0.000447771192904	4.20781181995	0.1026724654	0.000219543612614	3.96125497589	0.0872624988158	0.000683381811454
0.000881522676428	3.65756909044	0.105607394781	0.000346303246959	3.50094173277	0.0854540103476	0.000434976018586
0.00045020501136	4.17860736925	0.108553936134	0.000276164197265	3.82107075345	0.085792392998	0.0002089768284
0.000349841169058	4.4056353094	0.114950120151	0.000314389986936	3.74489676178	0.0859150755565	0.000318549342434
0.000546418307348	3.99931979417	0.108781292545	0.000524046933728	3.34693959568	0.0864369785102	0.000402751582725
0.000554874969921	3.91605096989	0.113873985572	0.000576149287058	3.37183568962	0.0858201409725	0.000569877604501
0.000794692082629	3.76499998199	0.112688119127	0.000372742258908	3.6904365244	0.0786775189261	0.000632843317706
0.000773255005378	3.82420789259	0.106525060672	0.000491314782394	3.44371330322	0.0861210387767	0.00184202187963
0.000403088495791	3.9837591367	0.107365870358	0.000178812188991	4.0530359272	0.0853452622031	0.000618075119736
0.000861223034548	3.74470676206	0.109209068372	0.00041651974003	3.53173175773	0.087683779987	0.000467786217288
0.000519927741309	3.95927486599	0.116313655448	0.000308404468737	3.72561007525	0.0865685639225	0.000486488064276
0.000704876866637	3.91829719215	0.109061686818	0.000547138610546	3.29529971767	0.0886922362285	0.000526703938824
0.000344735691194	4.44406931052	0.113608468498	0.000296227491147	3.91380994887	0.102871560819	0.00036104738302
0.000751396516982	3.8797122622	0.111748955029	0.0002186427998	3.8709272732	0.0808286421644	0.00066961617793
0.000772083906833	3.78480432998	0.112694635111	0.000326987945837	3.5671341464	0.0871391764652	0.000526086149551
0.000504857121007	4.07786670085	0.110120930678	0.000505585584992	3.5836212755	0.0812175970572	0.000650682127589
0.000587927261928	4.00989382398	0.103941281408	0.000287338746944	3.9103638334	0.0835432085946	0.000390377123006
0.000437475410118	4.2465791942	0.11388802643	0.00024093331519	3.79545929421	0.0746924250586	0.000297341742835
0.000983981527832	3.58194198414	0.0949830039378	0.00037824882646	3.61000753146	0.07993366128	0.000676024424792
0.000675555561966	3.88513354991	0.1071430319	0.000234546075963	3.93062198661	0.0887000082274	0.00013547554859
0.000744454100171	3.86886079084	0.0973360588019	0.00025907594919	3.8641720237	0.0868537994666	0.000517754170352
0.000850438006341	3.66111023917	0.111852925976	0.000363288267306	3.58430055327	0.0918333637827	0.0007140913813
0.000891557321023	3.83318933765	0.109277428933	0.00025179647955	3.82587962276	0.0884467185624	0.000582206735538
0.000658325208626	3.98474086742	0.111671173508	0.000286778235708	3.70155764478	0.0837021013944	0.000485347198725
0.000745993952628	3.94047377038	0.116814724568	0.000355973991548	3.68265672177	0.0890434135737	0.000493404560566
0.000484501643489	4.17190681794	0.108472853851	0.000378545275842	3.60101657167	0.0866382493951	0.000524559268449
0.000574796022642	4.09181572215	0.109831039126	0.000651256831137	3.36885983178	0.097356224469	0.000773585582292
0.000550442502021	4.1562241305	0.110673907319	0.000172879711198	3.94026237722	0.0885988174803	0.000405483895738
0.00126634327221	3.43710638282	0.110762663006	0.000632623381824	3.21273396634	0.0889820060748	0.000673687908322
0.000630758747353	3.94035650556	0.110545658695	0.000426645758751	3.49730018787	0.0923172699806	0.000555921088547
0.000894024910174	3.54471345944	0.109245531999	0.00043568828385	3.52700834816	0.0862973904707	0.000674376870551
0.000945930909943	3.67806281045	0.110769623413	0.000382794540229	3.47519577087	0.0862449985671	0.000827244576836
0.000802694099925	3.79113719534	0.111171284159	0.000280916603661	3.77471089027	0.0851037871702	0.000589554096753
0.000539655248841	4.23322707059	0.110088152877	0.000221114302842	3.84030427314	0.0922196706825	0.000413299880376
0.000373455025523	4.13979331971	0.112667815753	0.000362246310868	3.5438577451	0.0858437313907	0.000336036850856
0.000536910141934	4.19304547962	0.107504862992	0.000161410476811	4.22908191971	0.0856294492326	0.00026001955124
0.000492111780348	4.19661537979	0.109702029448	0.00022732463037	4.19144034075	0.0821683370436	0.000294235862492
0.00047612805279	4.13544668348	0.108706519548	0.000287933466136	3.82390814456	0.0883910280877	0.00021931714292
0.000640312812874	3.77382539846	0.111851976107	0.000414275625482	3.64407034147	0.0863594752725	0.000598639616721
0.000742206845283	3.84616299138	0.123903515458	0.000654363676323	3.20813185426	0.0804256689007	0.000864172560503
0.000332404723436	4.10338122216	0.106581818782	0.000335652808863	3.66669359586	0.0844483105224	0.000898727642623
0.00037352401516	4.43962764185	0.110908921658	0.000311971152444	3.7572669703	0.0849975061456	0.000492262000646
0.000380872756868	4.24733312872	0.105591246969	0.000289183280913	3.82326744077	0.0865429613704	0.000276329181916
0.000904461295447	3.64843975791	0.111125624937	0.000316291222076	3.70055967045	0.0827468013984	0.000652478832849
0.000578429083272	3.92611196403	0.106233021132	0.000400879709721	3.59515856716	0.0905711642063	0.000408620699647
0.000555481995567	4.00809186154	0.132531242727	0.000473842493929	3.32662529614	0.096983534221	0.000452949944145
0.000533933615983	4.01010451716	0.111770586302	0.000366669224478	3.74694551331	0.0836879399504	0.000459882929764
0.000470877907509	3.96328099805	0.118598785134	0.000310864746969	3.59699778819	0.0903528886159	0.00036980215641
0.000439358418922	4.5072278632	0.107482955452	0.000348790445841	3.66748240898	0.0905186370753	0.000377961598357
0.000661680342082	3.78010388906	0.107831095909	0.000201522440488	3.98758546434	0.0857349086198	0.00105472912088
0.000463260202508	4.26860133194	0.111501120103	0.00034445351655	3.61651570072	0.0939623537715	0.000474051938772
0.00113709980108	3.49894634259	0.112666862644	0.000425679117812	3.56457890575	0.0844990247861	0.000950080210198
0.00043613919531	4.28239734793	0.116199941361	0.000347432900743	3.59893705636	0.0679612300453	0.000490065277115
0.000442804137307	4.3098199551	0.0987171828576	0.000314506145399	3.65117117635	0.0996004421564	0.00041199132735
0.000438096520919	4.02107416604	0.109150936155	0.000368440131653	3.50942691255	0.0786101411354	0.000360517422722
0.000701195420827	3.71675987309	0.111405614834	0.000428105981955	3.58159542976	0.0834419167813	0.000292528741571
0.000422084666797	4.14828927081	0.110315378159	0.000232667294728	3.78635766114	0.0860136525204	0.000390623504784
0.000837890046423	3.66301781197	0.117284468639	0.000321062176034	3.70113573258	0.0866247235646	0.000521250463187
0.000477918092804	4.25965068412	0.113221671038	0.000448241257332	3.50138457095	0.0866907351266	0.000553166314033
0.000444612249609	4.19054946351	0.110332414514	0.000288949038773	3.80225594993	0.0874014382504	0.000233809324195
0.000315438095234	4.52073626677	0.109719350359	0.000266437394249	3.85972171021	0.0789014200199	0.000172558533316
0.000421503852062	4.30312660481	0.101592484087	0.00029384444872	3.7786572721	0.0821872107539	0.000592352455953
0.0004270041214	4.2430647901	0.11013352702	0.000434587952481	3.45172847145	0.0869487077815	0.000411941384871
0.000837914392345	3.8187907944	0.110727575228	0.000324226984214	3.56747486902	0.0899276190897	0.000579292219277
0.000486616283971	4.1861498548	0.107524064969	0.000418073933936	3.72618515664	0.0865199051545	0.000418237711586
0.000671393487752	3.84742006749	0.109171408753	0.000491063265968	3.30390505602	0.0958046414744	0.00038868598539
0.000516798284348	4.08668504514	0.103766209664	0.000248291644009	3.89669143403	0.0865119935848	0.000413426257811
