x0_HIS3_C04	r_HIS3_C04	K_HIS3_C04	x0_RAD52_C04	r_RAD52_C04	K_RAD52_C04	x0_C04
0.307851839463	0.307851839463	0.985326267391	0.272525334672	0.272525334672	0.794372079935	0.0335514553478
0.307851839463	0.307851839463	0.507285802068	0.272525334672	0.272525334672	0.673475033664	0.0471688980985
0.307851839463	0.307851839463	0.507285802068	0.131774746713	0.131774746713	0.682134819723	0.0283439015586
0.307851839463	0.307851839463	0.595407702881	0.131774746713	0.131774746713	0.947470803319	0.0282819802219
0.307851839463	0.307851839463	0.595407702881	0.131774746713	0.131774746713	0.900033287427	0.0542562855069
0.307851839463	0.307851839463	0.595407702881	0.131774746713	0.131774746713	1.22056741957	0.0442505549143
0.307851839463	0.307851839463	0.519229858537	0.131774746713	0.131774746713	1.25092402348	0.0443251069322
0.307851839463	0.307851839463	0.464757911694	0.131774746713	0.131774746713	1.25092402348	0.030643022768
0.307851839463	0.307851839463	0.464757911694	0.131774746713	0.131774746713	1.31590756271	0.0404902752076
0.307851839463	0.307851839463	0.464757911694	0.131774746713	0.131774746713	1.31590756271	0.0327659299392
0.307851839463	0.307851839463	0.464757911694	0.0470561438388	0.0470561438388	1.31590756271	0.0345891882425
0.307851839463	0.307851839463	0.806945002838	0.0397994295534	0.0397994295534	1.31590756271	0.0264754892499
0.307851839463	0.307851839463	0.530580852141	0.0397994295534	0.0397994295534	1.31590756271	0.0362346635217
0.307851839463	0.307851839463	0.631841525741	0.0397994295534	0.0397994295534	1.31590756271	0.033053934699
0.307851839463	0.307851839463	0.631841525741	0.0397994295534	0.0397994295534	1.20565073033	0.0321339908248
0.307851839463	0.307851839463	0.631841525741	0.0397994295534	0.0397994295534	1.1122322162	0.0354282483472
0.307851839463	0.307851839463	0.626221603012	0.0397994295534	0.0397994295534	0.985101965037	0.0353739895443
0.307851839463	0.307851839463	0.498666658625	0.0397994295534	0.0397994295534	0.985101965037	0.0221880590316
0.307851839463	0.307851839463	0.508607237382	0.215784410839	0.215784410839	0.996316418341	0.0182598260989
0.375637116374	0.375637116374	0.508607237382	0.215784410839	0.215784410839	0.996316418341	0.0254889626089
0.375637116374	0.375637116374	0.508607237382	0.414336101412	0.414336101412	0.996316418341	0.0275319859122
0.375637116374	0.375637116374	0.486274116242	0.414336101412	0.414336101412	0.996316418341	0.0266032945134
0.375637116374	0.375637116374	0.517493305424	-0.0883023633326	-0.0883023633326	0.996316418341	0.0308882344965
0.375637116374	0.375637116374	0.650677948556	-0.0883023633326	-0.0883023633326	0.986833606422	0.0374779578767
0.375637116374	0.375637116374	0.650677948556	0.26853344867	0.26853344867	0.986833606422	0.0387523978228
0.375637116374	0.375637116374	0.650677948556	0.26853344867	0.26853344867	0.986833606422	0.0387523978228
0.375637116374	0.375637116374	0.650677948556	0.26853344867	0.26853344867	0.986833606422	0.0393558164029
0.375637116374	0.375637116374	0.624528303945	0.26853344867	0.26853344867	0.986833606422	0.0393558164029
0.308225422601	0.308225422601	0.579862255618	0.26853344867	0.26853344867	0.986833606422	0.0303205231319
0.376060551172	0.376060551172	0.555855526787	0.149558838529	0.149558838529	0.986833606422	0.0202115545388
0.376060551172	0.376060551172	0.555855526787	0.149558838529	0.149558838529	0.986833606422	0.03938218515
0.376060551172	0.376060551172	0.555855526787	0.149558838529	0.149558838529	0.81672076285	0.0235803911725
0.286634314246	0.286634314246	0.555855526787	0.149558838529	0.149558838529	0.81672076285	0.0384815255339
0.286634314246	0.286634314246	0.539609351472	0.293671848549	0.293671848549	0.705466821432	0.0397595133746
0.367983948446	0.367983948446	0.539609351472	0.293671848549	0.293671848549	0.846320211338	0.0353931818198
0.367983948446	0.367983948446	0.539609351472	0.293671848549	0.293671848549	0.823194090801	0.0373692110741
0.367983948446	0.367983948446	0.506666023336	0.293671848549	0.293671848549	0.823194090801	0.0360716540639
0.367983948446	0.367983948446	0.506666023336	0.293671848549	0.293671848549	0.823194090801	0.0386546185725
0.367983948446	0.367983948446	0.506666023336	0.293671848549	0.293671848549	0.823194090801	0.0470750375362
0.367983948446	0.367983948446	0.612286212448	0.293671848549	0.293671848549	0.823194090801	0.00782425998035
0.367983948446	0.367983948446	0.612286212448	0.293671848549	0.293671848549	0.789460507405	0.0329934122516
0.367983948446	0.367983948446	0.612286212448	0.293671848549	0.293671848549	0.784948022787	0.0385284510167
0.367983948446	0.367983948446	0.612286212448	0.293671848549	0.293671848549	0.723837612877	0.0335475868953
0.367983948446	0.367983948446	0.652092560201	0.293671848549	0.293671848549	0.723837612877	0.042807424215
0.367983948446	0.367983948446	0.652092560201	0.293671848549	0.293671848549	0.723837612877	0.0365732196341
0.367983948446	0.367983948446	0.652092560201	0.293671848549	0.293671848549	0.723837612877	0.025938488411
0.367983948446	0.367983948446	0.652092560201	0.293671848549	0.293671848549	0.723837612877	0.0456480863068
0.367983948446	0.367983948446	0.652092560201	0.293671848549	0.293671848549	0.723837612877	0.040858088278
0.367983948446	0.367983948446	0.652092560201	0.293671848549	0.293671848549	0.56931419003	0.0333482079538
0.367983948446	0.367983948446	0.663020611825	0.293671848549	0.293671848549	0.890593648732	0.0330897140026
0.367983948446	0.367983948446	0.568654102151	0.293671848549	0.293671848549	0.890593648732	0.0330897140026
0.367983948446	0.367983948446	0.58822867041	0.293671848549	0.293671848549	0.890593648732	0.0315867288569
0.367983948446	0.367983948446	0.58822867041	0.293671848549	0.293671848549	0.890593648732	0.0315867288569
0.367983948446	0.367983948446	0.58822867041	0.283312793466	0.283312793466	0.890593648732	0.034424267611
0.367983948446	0.367983948446	0.58822867041	0.283312793466	0.283312793466	0.943127360287	0.0414401141442
0.34837544168	0.34837544168	0.58822867041	0.283312793466	0.283312793466	0.849026557362	0.0200652043137
0.34837544168	0.34837544168	0.487888483438	0.347144218948	0.347144218948	0.849026557362	0.0389778914017
0.265969183335	0.265969183335	0.487888483438	0.347144218948	0.347144218948	0.849026557362	0.0304124870976
0.265969183335	0.265969183335	0.495991549118	0.347144218948	0.347144218948	0.849026557362	0.0393429398671
0.265969183335	0.265969183335	0.52131404257	0.347144218948	0.347144218948	0.817321375149	0.0393429398671
0.265969183335	0.265969183335	0.52131404257	0.347144218948	0.347144218948	0.817321375149	0.0331461988945
0.271079016126	0.271079016126	0.453743548402	0.31842945866	0.31842945866	0.849507358514	0.0357815812604
0.264207645167	0.264207645167	0.453743548402	0.31842945866	0.31842945866	0.849507358514	0.0357815812604
0.264207645167	0.264207645167	0.453743548402	0.31842945866	0.31842945866	0.849507358514	0.0302989157522
0.333963011586	0.333963011586	0.453743548402	0.31842945866	0.31842945866	0.849507358514	0.0302989157522
0.393084558733	0.393084558733	0.475674334491	0.456955585224	0.456955585224	0.849507358514	0.036004436225
0.293903611611	0.293903611611	0.425344417832	0.456955585224	0.456955585224	0.849507358514	0.036004436225
0.293903611611	0.293903611611	0.435635952089	0.456955585224	0.456955585224	0.853518544644	0.0354498657447
0.293903611611	0.293903611611	0.437338244288	0.456955585224	0.456955585224	0.729572723383	0.0354498657447
0.30960565953	0.30960565953	0.378216886954	0.204465106708	0.204465106708	0.729572723383	0.0354498657447
0.405785647975	0.405785647975	0.378216886954	0.268027890575	0.268027890575	0.729572723383	0.0367633294652
0.405785647975	0.405785647975	0.378216886954	0.191225315032	0.191225315032	0.729572723383	0.0321904240791
0.36150027224	0.36150027224	0.223051428684	0.191225315032	0.191225315032	0.729572723383	0.0321904240791
0.365435353277	0.365435353277	0.570416033529	0.467756793717	0.467756793717	0.729572723383	0.0379703495047
0.416388243784	0.416388243784	0.570416033529	0.474369688757	0.474369688757	0.636731265691	0.0379703495047
0.364462837999	0.364462837999	0.499068153546	0.287851206941	0.287851206941	0.636731265691	0.0379703495047
0.364462837999	0.364462837999	0.245347706673	0.25588026568	0.25588026568	0.636731265691	0.0375932991203
0.350808845883	0.350808845883	0.245347706673	0.25588026568	0.25588026568	0.549632227553	0.0361473067611
0.350808845883	0.350808845883	0.496188863283	0.25588026568	0.25588026568	0.639449643121	0.0391828858899
0.378143713775	0.378143713775	0.487871490558	0.25588026568	0.25588026568	0.639449643121	0.0381325722381
0.361482390261	0.361482390261	0.486890521944	0.25588026568	0.25588026568	0.598150737755	0.0381325722381
0.434905384881	0.434905384881	0.486890521944	0.25588026568	0.25588026568	0.65346655662	0.0345919561837
0.286174603376	0.286174603376	0.338087322981	0.289324231827	0.289324231827	0.558683422176	0.0315552058654
0.286174603376	0.286174603376	0.495595726103	0.235392971763	0.235392971763	0.566489192895	0.0295171093793
0.405587915818	0.405587915818	0.262860689131	0.235392971763	0.235392971763	0.573007181618	0.0373239006081
0.405587915818	0.405587915818	0.248665057491	0.235392971763	0.235392971763	0.527833319258	0.035376917407
0.411500002251	0.411500002251	0.293544016014	0.235392971763	0.235392971763	0.590394627824	0.0313450665548
0.411500002251	0.411500002251	0.323218861262	0.235392971763	0.235392971763	0.590394627824	0.0313450665548
0.411500002251	0.411500002251	0.325472377279	0.235392971763	0.235392971763	0.540097457273	0.0337196780373
0.411500002251	0.411500002251	0.325472377279	0.235392971763	0.235392971763	0.557766150528	0.0372691693235
0.412728957075	0.412728957075	0.325472377279	0.235392971763	0.235392971763	0.557766150528	0.0322962613422
0.378750437205	0.378750437205	0.325472377279	0.235392971763	0.235392971763	0.55714724787	0.0329291439902
0.378750437205	0.378750437205	0.359393194401	0.235392971763	0.235392971763	0.55714724787	0.0331936173724
0.378750437205	0.378750437205	0.359393194401	0.235392971763	0.235392971763	0.55714724787	0.044557441836
0.378750437205	0.378750437205	0.194655646543	0.339469578259	0.339469578259	0.55714724787	0.0359742473269
0.41851349836	0.41851349836	0.120454276487	0.339469578259	0.339469578259	0.555678381983	0.0356223297117
0.41851349836	0.41851349836	0.241336427879	0.339469578259	0.339469578259	0.577042435506	0.0335937568237
0.41851349836	0.41851349836	0.241336427879	0.339469578259	0.339469578259	0.500306786424	0.0335937568237
0.398400568681	0.398400568681	0.267337668107	0.308255025155	0.308255025155	0.500306786424	0.0302051913561
0.398400568681	0.398400568681	0.281151002507	0.308255025155	0.308255025155	0.500306786424	0.0302051913561
0.398400568681	0.398400568681	0.245724814259	0.308255025155	0.308255025155	0.500306786424	0.0300929491267
0.398400568681	0.398400568681	0.310476526555	0.308255025155	0.308255025155	0.500306786424	0.0331065591317
0.398400568681	0.398400568681	0.310476526555	0.308255025155	0.308255025155	0.452103716574	0.031961543315
0.39659388325	0.39659388325	0.310476526555	0.308255025155	0.308255025155	0.467017895541	0.031961543315
0.39659388325	0.39659388325	0.310476526555	0.308255025155	0.308255025155	0.45501114922	0.031961543315
0.39659388325	0.39659388325	0.310476526555	0.308255025155	0.308255025155	0.467992835995	0.031961543315
0.39659388325	0.39659388325	0.310476526555	0.308255025155	0.308255025155	0.416284188929	0.0421794065626
0.39659388325	0.39659388325	0.223899954316	0.308255025155	0.308255025155	0.506278644586	0.0225083554792
0.39659388325	0.39659388325	0.288757712081	0.308255025155	0.308255025155	0.506278644586	0.0441806477503
0.39659388325	0.39659388325	0.288757712081	0.308255025155	0.308255025155	0.506278644586	0.0384660219783
0.39659388325	0.39659388325	0.294487762804	0.308255025155	0.308255025155	0.500311364538	0.0308060567535
0.39659388325	0.39659388325	0.20376445657	0.308255025155	0.308255025155	0.500311364538	0.0308060567535
0.458569549971	0.458569549971	0.260778628556	0.308255025155	0.308255025155	0.498814488047	0.0308060567535
0.458569549971	0.458569549971	0.22273830599	0.308255025155	0.308255025155	0.498814488047	0.0308060567535
0.422497693224	0.422497693224	0.22273830599	0.308255025155	0.308255025155	0.498814488047	0.0308060567535
0.422497693224	0.422497693224	0.22273830599	0.308255025155	0.308255025155	0.498814488047	0.0308060567535
0.462255172715	0.462255172715	0.280295563935	0.308255025155	0.308255025155	0.473855062954	0.0333663090731
0.462255172715	0.462255172715	0.327128632462	0.308255025155	0.308255025155	0.473855062954	0.0287166785811
0.462255172715	0.462255172715	0.327128632462	0.308255025155	0.308255025155	0.407996200494	0.0290586034249
0.445604014544	0.445604014544	0.351389201294	0.308255025155	0.308255025155	0.407996200494	0.0290586034249
0.445604014544	0.445604014544	0.302491246149	0.308255025155	0.308255025155	0.379516603052	0.0290586034249
0.445604014544	0.445604014544	0.302491246149	0.308255025155	0.308255025155	0.501678435048	0.0335977608064
0.445604014544	0.445604014544	0.302491246149	0.308255025155	0.308255025155	0.501678435048	0.035047711554
0.445604014544	0.445604014544	0.302491246149	0.308255025155	0.308255025155	0.501678435048	0.035047711554
0.445604014544	0.445604014544	0.302491246149	0.308255025155	0.308255025155	0.501678435048	0.0345019698125
0.445604014544	0.445604014544	0.302491246149	0.308255025155	0.308255025155	0.493554804431	0.0339360619724
0.445604014544	0.445604014544	0.31002668095	0.308255025155	0.308255025155	0.493554804431	0.0306222002374
0.445604014544	0.445604014544	0.301981287778	0.308255025155	0.308255025155	0.493554804431	0.0306222002374
0.445604014544	0.445604014544	0.284355600458	0.308255025155	0.308255025155	0.493554804431	0.0306222002374
0.445604014544	0.445604014544	0.284355600458	0.308255025155	0.308255025155	0.52610936527	0.0354920588647
0.445604014544	0.445604014544	0.172062645182	0.308255025155	0.308255025155	0.52610936527	0.0354920588647
0.445604014544	0.445604014544	0.296848535867	0.318862910535	0.318862910535	0.464821154111	0.0255488302607
0.445604014544	0.445604014544	0.296848535867	0.240911148549	0.240911148549	0.598974936251	0.037957360433
0.445604014544	0.445604014544	0.239288730629	0.240911148549	0.240911148549	0.553385728294	0.0351238691884
0.403159816864	0.403159816864	0.311148546584	0.240911148549	0.240911148549	0.667066263834	0.0245336293944
0.403159816864	0.403159816864	0.143089042794	0.240911148549	0.240911148549	0.801937332192	0.0245336293944
0.403159816864	0.403159816864	0.322598757037	0.240911148549	0.240911148549	0.773054592116	0.0424487633452
0.403159816864	0.403159816864	0.322598757037	0.240911148549	0.240911148549	0.773054592116	0.0104726656015
0.403159816864	0.403159816864	0.233947650794	0.323058396956	0.323058396956	0.739359300303	0.00436923140485
0.403159816864	0.403159816864	0.233947650794	0.323058396956	0.323058396956	0.712145796109	0.0300371235377
0.414528805135	0.414528805135	0.301349468003	0.323058396956	0.323058396956	0.766806566229	0.0213266445645
0.460499110439	0.460499110439	0.289811781166	0.323058396956	0.323058396956	0.746199387844	0.0281277136269
0.475068362025	0.475068362025	0.226249758621	0.323058396956	0.323058396956	0.746199387844	0.0242127972089
0.475068362025	0.475068362025	0.226249758621	0.323058396956	0.323058396956	0.665080371565	0.0343103505379
0.440042277387	0.440042277387	0.226249758621	0.323058396956	0.323058396956	0.668423380879	0.0279285098824
0.503838034983	0.503838034983	0.226249758621	0.323058396956	0.323058396956	0.668423380879	0.0368737381092
0.491286847463	0.491286847463	0.226249758621	0.323058396956	0.323058396956	0.684390819757	0.0378754947229
0.491286847463	0.491286847463	0.215179029255	0.323058396956	0.323058396956	0.607796692697	0.0391914160175
0.491286847463	0.491286847463	0.252482764598	0.323058396956	0.323058396956	0.607796692697	0.0383014476387
0.491286847463	0.491286847463	0.252482764598	0.323058396956	0.323058396956	0.607796692697	0.0490629937109
0.491286847463	0.491286847463	0.252482764598	0.323058396956	0.323058396956	0.607796692697	0.0100156482154
0.491286847463	0.491286847463	0.21772001514	0.323058396956	0.323058396956	0.607796692697	0.0431965220895
0.491286847463	0.491286847463	0.21772001514	0.323058396956	0.323058396956	0.614463014244	0.0547539019141
0.489602877157	0.489602877157	0.21772001514	0.323058396956	0.323058396956	0.565188425049	0.030663121194
0.489602877157	0.489602877157	0.21772001514	0.323058396956	0.323058396956	0.579732007616	0.0396486151863
0.489602877157	0.489602877157	0.21772001514	0.323058396956	0.323058396956	0.471232506207	0.0303676423883
0.489602877157	0.489602877157	0.21772001514	0.323058396956	0.323058396956	0.474209671429	0.0390715359044
0.489602877157	0.489602877157	0.21772001514	0.323058396956	0.323058396956	0.29860959075	0.0318577712739
0.489602877157	0.489602877157	0.187762652823	0.316119326537	0.316119326537	0.337088149007	0.0413641198602
0.489602877157	0.489602877157	0.187762652823	0.316119326537	0.316119326537	0.38451169373	0.0374563926905
0.491080327403	0.491080327403	0.131406025888	0.316119326537	0.316119326537	0.384311699423	0.0330858418359
0.491080327403	0.491080327403	0.138507686893	0.316119326537	0.316119326537	0.339321872597	0.030983453299
0.491080327403	0.491080327403	0.138507686893	0.316119326537	0.316119326537	0.339321872597	0.0353113365679
0.571173843225	0.571173843225	0.138507686893	0.316119326537	0.316119326537	0.339321872597	0.034820048452
0.480389016939	0.480389016939	0.138507686893	0.316119326537	0.316119326537	0.339321872597	0.0349022629302
0.480389016939	0.480389016939	0.138507686893	0.316119326537	0.316119326537	0.339321872597	0.0349022629302
0.504409401959	0.504409401959	0.187127432481	0.316119326537	0.316119326537	0.339321872597	0.0320345304771
0.564963373188	0.564963373188	0.187127432481	0.316119326537	0.316119326537	0.339321872597	0.0263107244678
0.567834848852	0.567834848852	0.187127432481	0.316119326537	0.316119326537	0.339321872597	0.0328560969129
0.567834848852	0.567834848852	0.187127432481	0.275176924417	0.275176924417	0.250140194409	0.0295332761532
0.567834848852	0.567834848852	0.187127432481	0.275176924417	0.275176924417	0.177753572769	0.0396269076204
0.567834848852	0.567834848852	0.189024096436	0.275176924417	0.275176924417	0.0879402896289	0.0149964686829
0.578917611778	0.578917611778	0.189024096436	0.34116405382	0.34116405382	0.537984367937	0.0196553142266
0.578917611778	0.578917611778	0.189024096436	0.34116405382	0.34116405382	0.199939832965	0.0179166825732
0.576462286422	0.576462286422	0.189024096436	0.361343467813	0.361343467813	0.183598410457	0.0230807261241
0.611269018049	0.611269018049	0.182757309033	0.325807009292	0.325807009292	0.522583357402	0.0239988927481
0.616447431827	0.616447431827	0.182757309033	0.325807009292	0.325807009292	0.522583357402	0.0129126902929
0.616447431827	0.616447431827	0.182757309033	0.325807009292	0.325807009292	0.284226370287	0.0236409432222
0.616447431827	0.616447431827	0.182757309033	0.325807009292	0.325807009292	0.411246258436	0.0284545218984
0.616447431827	0.616447431827	0.182757309033	0.325807009292	0.325807009292	0.411246258436	0.0284545218984
0.619111417514	0.619111417514	0.182757309033	0.325807009292	0.325807009292	0.584290751857	0.0259662316094
0.640242894703	0.640242894703	0.182757309033	0.325807009292	0.325807009292	0.625647411554	0.0306897066891
0.640242894703	0.640242894703	0.182757309033	0.325807009292	0.325807009292	0.625647411554	0.0295399960771
0.642204306725	0.642204306725	0.182757309033	0.325807009292	0.325807009292	0.625647411554	0.0295399960771
0.644190910897	0.644190910897	0.182757309033	0.325807009292	0.325807009292	0.607933541648	0.0298678925203
0.644190910897	0.644190910897	0.182757309033	0.325807009292	0.325807009292	0.640775190631	0.0298678925203
0.667684057727	0.667684057727	0.182757309033	0.325807009292	0.325807009292	0.640775190631	0.0257286007878
0.672068013288	0.672068013288	0.182757309033	0.324663037215	0.324663037215	0.640775190631	0.0230378633877
0.651728553862	0.651728553862	0.182757309033	0.324663037215	0.324663037215	0.640775190631	0.0240624031205
0.647196743997	0.647196743997	0.182757309033	0.324663037215	0.324663037215	0.640775190631	0.0292159886015
0.655457484049	0.655457484049	0.182757309033	0.30786209971	0.30786209971	0.640775190631	0.0292159886015
0.655457484049	0.655457484049	0.123922823464	0.30786209971	0.30786209971	0.64765910985	0.026436123303
0.655457484049	0.655457484049	0.200894348801	0.30786209971	0.30786209971	0.607694552639	0.0259989741006
0.65040973777	0.65040973777	0.200894348801	0.30786209971	0.30786209971	0.607694552639	0.0293051687227
0.65040973777	0.65040973777	0.200894348801	0.30786209971	0.30786209971	0.607694552639	0.0242032274104
0.65040973777	0.65040973777	0.189311392104	0.257507267427	0.257507267427	0.607694552639	0.0264064781154
0.65040973777	0.65040973777	0.189311392104	0.316639262592	0.316639262592	0.607694552639	0.0377275871428
0.594814455373	0.594814455373	0.189311392104	0.310032604125	0.310032604125	0.526165954861	0.0353941455615
0.643008392699	0.643008392699	0.189311392104	0.310032604125	0.310032604125	0.526165954861	0.0270882208645
0.643008392699	0.643008392699	0.189311392104	0.30944235238	0.30944235238	0.559327279512	0.0300015927793
0.637813922376	0.637813922376	0.189311392104	0.30944235238	0.30944235238	0.547575905307	0.031190223094
0.63674277104	0.63674277104	0.189311392104	0.30944235238	0.30944235238	0.452290949524	0.0274499334745
0.63674277104	0.63674277104	0.189311392104	0.30944235238	0.30944235238	0.452290949524	0.0309750148392
0.634045240327	0.634045240327	0.170952547912	0.30944235238	0.30944235238	0.438971059617	0.0309750148392
0.613734127253	0.613734127253	0.170952547912	0.30944235238	0.30944235238	0.384377371911	0.0309750148392
0.64748595071	0.64748595071	0.170952547912	0.30944235238	0.30944235238	0.280264058837	0.049066619007
0.724287103697	0.724287103697	0.170952547912	0.30944235238	0.30944235238	0.277018654953	0.0193140707702
0.724287103697	0.724287103697	0.170952547912	0.30944235238	0.30944235238	0.277018654953	0.016723355146
0.69187321236	0.69187321236	0.170952547912	0.30944235238	0.30944235238	0.277018654953	0.0352382844462
0.649077553044	0.649077553044	0.170952547912	0.30944235238	0.30944235238	0.309119554983	0.0261548692835
0.638475340153	0.638475340153	0.170952547912	0.30944235238	0.30944235238	0.337243215742	0.0235617220131
0.717634974545	0.717634974545	0.170952547912	0.30944235238	0.30944235238	0.221466898131	0.0272347964056
0.717634974545	0.717634974545	0.170952547912	0.30944235238	0.30944235238	0.282616896012	0.0272347964056
0.694341407005	0.694341407005	0.170952547912	0.30944235238	0.30944235238	0.282616896012	0.0272347964056
0.683329989133	0.683329989133	0.189775839543	0.30944235238	0.30944235238	0.282616896012	0.0272347964056
0.725273126148	0.725273126148	0.176774476685	0.30944235238	0.30944235238	0.282616896012	0.0287644352184
0.725273126148	0.725273126148	0.161039631799	0.30944235238	0.30944235238	0.324116047678	0.0287644352184
0.725273126148	0.725273126148	0.161039631799	0.30944235238	0.30944235238	0.324116047678	0.0287644352184
0.788420923227	0.788420923227	0.161039631799	0.30944235238	0.30944235238	0.272167812202	0.0277518672747
0.788420923227	0.788420923227	0.158700358807	0.30944235238	0.30944235238	0.272167812202	0.0277518672747
0.788420923227	0.788420923227	0.158700358807	0.309323307235	0.309323307235	0.308207448403	0.0277518672747
0.756345089418	0.756345089418	0.158700358807	0.309323307235	0.309323307235	0.329303356656	0.0277518672747
0.756345089418	0.756345089418	0.158700358807	0.309323307235	0.309323307235	0.329303356656	0.0286782095436
0.840523086297	0.840523086297	0.158700358807	0.309323307235	0.309323307235	0.299198855889	0.0258196372777
0.821216680751	0.821216680751	0.143351208452	0.309323307235	0.309323307235	0.299198855889	0.0258196372777
0.821216680751	0.821216680751	0.143351208452	0.309323307235	0.309323307235	0.299198855889	0.0258196372777
0.821216680751	0.821216680751	0.143351208452	0.309323307235	0.309323307235	0.299198855889	0.0258196372777
0.838630703143	0.838630703143	0.143351208452	0.309323307235	0.309323307235	0.200186733973	0.0258196372777
1.1831049635	1.1831049635	0.143351208452	0.309323307235	0.309323307235	0.200186733973	0.0258196372777
0.272046712941	0.272046712941	0.143351208452	0.309323307235	0.309323307235	0.281078451551	0.0258196372777
1.15035340095	1.15035340095	0.143351208452	0.309323307235	0.309323307235	0.281078451551	0.027563744733
1.13604209672	1.13604209672	0.136680516339	0.336309398433	0.336309398433	0.26359364828	0.027563744733
1.04582930707	1.04582930707	0.136680516339	0.336309398433	0.336309398433	0.26359364828	0.027563744733
1.02518821786	1.02518821786	0.136680516339	0.336309398433	0.336309398433	0.26359364828	0.0310060495512
1.0355042087	1.0355042087	0.136680516339	0.336309398433	0.336309398433	0.182753871943	0.0268098329237
0.802868508849	0.802868508849	0.136680516339	0.336309398433	0.336309398433	0.150183720744	0.0268098329237
0.869689979044	0.869689979044	0.136680516339	0.336309398433	0.336309398433	0.188062355853	0.0268098329237
0.498549501342	0.498549501342	0.136680516339	0.336309398433	0.336309398433	0.312684164889	0.0268098329237
0.830638728629	0.830638728629	0.136680516339	0.336309398433	0.336309398433	0.339118215495	0.030086727548
0.770956188003	0.770956188003	0.136680516339	0.336309398433	0.336309398433	0.339118215495	0.030086727548
0.770956188003	0.770956188003	0.136680516339	0.336309398433	0.336309398433	0.240670438216	0.030086727548
0.770279746709	0.770279746709	0.136680516339	0.344935083276	0.344935083276	0.240670438216	0.0273053876849
0.735597022978	0.735597022978	0.136680516339	0.344935083276	0.344935083276	0.390031409122	0.0273053876849
0.934981703175	0.934981703175	0.136680516339	0.344935083276	0.344935083276	0.390031409122	0.0293141779939
1.13314487685	1.13314487685	0.136680516339	0.344935083276	0.344935083276	0.390031409122	0.0287972845812
0.784900413519	0.784900413519	0.136680516339	0.344935083276	0.344935083276	0.390031409122	0.0264354066533
0.83919488648	0.83919488648	0.136680516339	0.344935083276	0.344935083276	0.361762890165	0.0264354066533
0.83919488648	0.83919488648	0.136680516339	0.344935083276	0.344935083276	0.361762890165	0.0288151307894
0.863290230794	0.863290230794	0.136680516339	0.32459936647	0.32459936647	0.265448591571	0.0288151307894
0.865765215356	0.865765215356	0.136680516339	0.32459936647	0.32459936647	0.29879846815	0.0288151307894
0.96623685981	0.96623685981	0.136680516339	0.32459936647	0.32459936647	0.29879846815	0.0254811355861
0.916736026964	0.916736026964	0.134001852413	0.32459936647	0.32459936647	0.29879846815	0.0254811355861
1.07909166588	1.07909166588	0.134001852413	0.32459936647	0.32459936647	0.299738947034	0.0254811355861
0.806885386805	0.806885386805	0.134001852413	0.295563975855	0.295563975855	0.367606606275	0.0260246837059
0.992870637193	0.992870637193	0.134001852413	0.295563975855	0.295563975855	0.440560738828	0.0260246837059
1.05042606144	1.05042606144	0.134001852413	0.295563975855	0.295563975855	0.346885078613	0.0160226213272
1.05042606144	1.05042606144	0.134001852413	0.295563975855	0.295563975855	0.403247530139	0.0394167956818
1.23702189368	1.23702189368	0.134001852413	0.277496339409	0.277496339409	0.410272731717	0.0460143670723
1.08594863904	1.08594863904	0.134001852413	0.277496339409	0.277496339409	0.410272731717	0.0298048015004
1.23898853052	1.23898853052	0.134001852413	0.277496339409	0.277496339409	0.410272731717	0.0294002368439
1.34403643731	1.34403643731	0.134001852413	0.299968566733	0.299968566733	0.423570330077	0.0153832342158
1.28839591346	1.28839591346	0.134001852413	0.299968566733	0.299968566733	0.423570330077	0.045055556542
1.35103915682	1.35103915682	0.134001852413	0.299968566733	0.299968566733	0.433037565553	0.0600943099679
1.28956722027	1.28956722027	0.12176351715	0.299968566733	0.299968566733	0.382846657258	0.0258258541843
1.58272870021	1.58272870021	0.12176351715	0.299968566733	0.299968566733	0.382846657258	0.0561544001379
1.47507525224	1.47507525224	0.121180143712	0.299968566733	0.299968566733	0.372647220797	0.0186998217995
1.44171862358	1.44171862358	0.121180143712	0.299968566733	0.299968566733	0.298945715852	0.0139704169176
1.55029544604	1.55029544604	0.108662955846	0.323616825946	0.323616825946	0.375053513982	0.00715830706773
1.88267739633	1.88267739633	0.108869032305	0.323616825946	0.323616825946	0.375053513982	0.0190134868796
1.95749570911	1.95749570911	0.108869032305	0.323616825946	0.323616825946	0.375053513982	0.0190134868796
1.88501206585	1.88501206585	0.108869032305	0.323616825946	0.323616825946	0.33627317926	0.0190134868796
2.19360716661	2.19360716661	0.108869032305	0.323616825946	0.323616825946	0.412812415349	0.0216470504077
2.10760842765	2.10760842765	0.108869032305	0.323616825946	0.323616825946	0.264952568907	0.0216470504077
2.10760842765	2.10760842765	0.160196766274	0.323616825946	0.323616825946	0.38325675081	0.00508243747653
2.21223585222	2.21223585222	0.132864293331	0.323616825946	0.323616825946	0.4179872008	0.0105329394561
2.12337766185	2.12337766185	0.0771072095465	0.323616825946	0.323616825946	0.566649172916	0.0146065934545
2.12337766185	2.12337766185	0.0771072095465	0.323616825946	0.323616825946	0.563271334907	0.0146065934545
2.23768357292	2.23768357292	0.110709986963	0.323414816824	0.323414816824	0.471997208168	0.0110628385249
2.21639514789	2.21639514789	0.118631877725	0.323414816824	0.323414816824	0.483603451174	0.0145679760478
2.2963705317	2.2963705317	0.118631877725	0.323414816824	0.323414816824	0.48088036131	0.0229763287283
2.35776298253	2.35776298253	0.118631877725	0.326184318009	0.326184318009	0.489044627922	0.00820893237328
2.30518708711	2.30518708711	0.118631877725	0.326184318009	0.326184318009	0.489044627922	0.0202933443328
2.31689636523	2.31689636523	0.118631877725	0.326184318009	0.326184318009	0.458565778657	0.0149332811274
2.30458176903	2.30458176903	0.118631877725	0.326184318009	0.326184318009	0.42605662099	0.0134651129064
2.35631095214	2.35631095214	0.118631877725	0.326184318009	0.326184318009	0.496673031817	0.0134651129064
2.29838643011	2.29838643011	0.105123143949	0.326184318009	0.326184318009	0.406358856631	0.0151690008997
2.28825801261	2.28825801261	0.105123143949	0.326184318009	0.326184318009	0.271968357978	0.0050503726902
2.28825801261	2.28825801261	0.105123143949	0.326184318009	0.326184318009	0.407572740121	0.0192944297481
2.29658464718	2.29658464718	0.123932016535	0.326184318009	0.326184318009	0.490909859536	0.0143302744834
2.29658464718	2.29658464718	0.123932016535	0.326184318009	0.326184318009	0.43901875939	0.0143302744834
2.29658464718	2.29658464718	0.123932016535	0.326184318009	0.326184318009	0.432398315989	0.0143302744834
2.29658464718	2.29658464718	0.123932016535	0.326184318009	0.326184318009	0.432398315989	0.0143302744834
2.29658464718	2.29658464718	0.123932016535	0.326184318009	0.326184318009	0.431448683666	0.0143302744834
2.29658464718	2.29658464718	0.123932016535	0.326184318009	0.326184318009	0.431448683666	0.00625739158975
2.29658464718	2.29658464718	0.109348841517	0.326184318009	0.326184318009	0.431448683666	0.00702221853791
2.29658464718	2.29658464718	0.109348841517	0.326171121659	0.326171121659	0.431448683666	0.0161279019166
2.2792581452	2.2792581452	0.1122871728	0.326171121659	0.326171121659	0.459021969659	0.0280705632403
2.2709492138	2.2709492138	0.106422082452	0.326171121659	0.326171121659	0.566782381783	0.0111579601814
2.2709492138	2.2709492138	0.106422082452	0.326171121659	0.326171121659	0.477730033591	0.0250625901416
2.29262300028	2.29262300028	0.106422082452	0.326171121659	0.326171121659	0.421897149998	0.00987555938938
2.29262300028	2.29262300028	0.123250457097	0.326171121659	0.326171121659	0.421897149998	0.0156713364416
2.34109638667	2.34109638667	0.123250457097	0.326171121659	0.326171121659	0.421897149998	0.00883000836953
2.3388353573	2.3388353573	0.123250457097	0.326171121659	0.326171121659	0.421897149998	0.0148010740504
2.28140324446	2.28140324446	0.123250457097	0.326171121659	0.326171121659	0.421897149998	0.0165213927837
2.36083251902	2.36083251902	0.123089624824	0.326171121659	0.326171121659	0.431539562915	0.0165213927837
2.36083251902	2.36083251902	0.123089624824	0.326171121659	0.326171121659	0.339582159079	0.0135908973568
2.37828406661	2.37828406661	0.123089624824	0.326171121659	0.326171121659	0.376827793959	0.0122172081102
2.37828406661	2.37828406661	0.123475572826	0.326171121659	0.326171121659	0.437394956163	0.0126631241845
2.38051308277	2.38051308277	0.123475572826	0.326171121659	0.326171121659	0.379223516659	0.0172745406795
2.40893463456	2.40893463456	0.134242303935	0.326171121659	0.326171121659	0.379223516659	0.00625364313198
2.37471419564	2.37471419564	0.128530659075	0.326171121659	0.326171121659	0.407951721556	0.0122446153839
2.30256085273	2.30256085273	0.128530659075	0.326171121659	0.326171121659	0.407951721556	0.00743873982013
2.40834585276	2.40834585276	0.128530659075	0.326171121659	0.326171121659	0.336274761516	0.0170401733339
2.35821012404	2.35821012404	0.128530659075	0.326171121659	0.326171121659	0.337465835747	0.0170401733339
2.35821012404	2.35821012404	0.12198161063	0.326171121659	0.326171121659	0.337465835747	0.0181927757496
2.4426526468	2.4426526468	0.12198161063	0.326171121659	0.326171121659	0.337465835747	0.0154448897826
2.46876092232	2.46876092232	0.130929223322	0.326171121659	0.326171121659	0.347020742388	0.0129647168553
2.37757280798	2.37757280798	0.130929223322	0.326171121659	0.326171121659	0.347020742388	0.0129647168553
2.47180822384	2.47180822384	0.130929223322	0.326171121659	0.326171121659	0.3314302585	0.0129647168553
2.47095104387	2.47095104387	0.12178932501	0.326171121659	0.326171121659	0.3314302585	0.0147640679667
2.50058361666	2.50058361666	0.12178932501	0.326171121659	0.326171121659	0.311134454389	0.0185967700151
2.37386602958	2.37386602958	0.12178932501	0.326171121659	0.326171121659	0.311134454389	0.00986637467359
2.52549238399	2.52549238399	0.12178932501	0.326171121659	0.326171121659	0.310133435325	0.0216584104979
2.13157165845	2.13157165845	0.116188171079	0.326171121659	0.326171121659	0.235584722528	0.00114084368797
2.68892130282	2.68892130282	0.116188171079	0.326171121659	0.326171121659	0.299648530139	0.0268312310386
2.64162104218	2.64162104218	0.116188171079	0.330342948133	0.330342948133	0.299648530139	0.0330558726629
2.64685168456	2.64685168456	0.116188171079	0.330342948133	0.330342948133	0.299648530139	0.0208245728772
2.35235577219	2.35235577219	0.116188171079	0.330342948133	0.330342948133	0.318766391971	0.0142398178001
2.59821126461	2.59821126461	0.116188171079	0.330342948133	0.330342948133	0.312583915396	0.00895976844774
2.7248068545	2.7248068545	0.116188171079	0.330342948133	0.330342948133	0.312583915396	0.013868324562
2.62325683278	2.62325683278	0.116188171079	0.330342948133	0.330342948133	0.273871889615	0.0170414825304
3.12129270728	3.12129270728	0.116188171079	0.330342948133	0.330342948133	0.218565541948	0.0143427238064
3.40165646764	3.40165646764	0.116188171079	0.330342948133	0.330342948133	0.218565541948	0.0143427238064
3.06858705592	3.06858705592	0.116188171079	0.330342948133	0.330342948133	0.218565541948	0.0405732140918
2.86652081418	2.86652081418	0.116188171079	0.330342948133	0.330342948133	0.195464795986	0.0223966640641
2.8775110755	2.8775110755	0.116188171079	0.330342948133	0.330342948133	0.301831771285	0.0215697138726
3.28715832014	3.28715832014	0.116188171079	0.330342948133	0.330342948133	0.301406788742	0.0252905882445
3.08071117403	3.08071117403	0.116188171079	0.330342948133	0.330342948133	0.301406788742	0.0181532527401
2.60530606182	2.60530606182	0.116188171079	0.330342948133	0.330342948133	0.301406788742	0.0181911195253
2.86719672389	2.86719672389	0.116188171079	0.330342948133	0.330342948133	0.301406788742	0.0135704475787
2.5575983733	2.5575983733	0.116188171079	0.330342948133	0.330342948133	0.301406788742	0.03101509186
2.64799125637	2.64799125637	0.116188171079	0.330342948133	0.330342948133	0.312241439348	0.0228918900922
2.7835201512	2.7835201512	0.116188171079	0.330342948133	0.330342948133	0.312241439348	0.0166909129935
3.00937389916	3.00937389916	0.116188171079	0.330342948133	0.330342948133	0.312241439348	0.0199797407664
2.50786414696	2.50786414696	0.116188171079	0.330342948133	0.330342948133	0.359010788196	0.0123549952425
2.48152158364	2.48152158364	0.116188171079	0.330342948133	0.330342948133	0.359010788196	0.0253241547395
2.83382555629	2.83382555629	0.116188171079	0.330342948133	0.330342948133	0.356281710892	0.01143245609
2.02802089553	2.02802089553	0.116188171079	0.330342948133	0.330342948133	0.354809911729	0.0230412164645
2.92896866198	2.92896866198	0.116365799414	0.330342948133	0.330342948133	0.36383558709	0.0212225681196
2.81388557189	2.81388557189	0.116365799414	0.330342948133	0.330342948133	0.36383558709	0.0500225923981
2.96580470984	2.96580470984	0.116365799414	0.330342948133	0.330342948133	0.369288255684	0.0120105851352
2.99110214325	2.99110214325	0.116365799414	0.330342948133	0.330342948133	0.391315604231	0.0118350924732
2.99110214325	2.99110214325	0.116365799414	0.350915052051	0.350915052051	0.391315604231	0.0253836893017
3.13930777405	3.13930777405	0.108953977517	0.350915052051	0.350915052051	0.391315604231	0.0253836893017
3.19577651662	3.19577651662	0.108953977517	0.350915052051	0.350915052051	0.391315604231	0.00930913000578
2.67859449954	2.67859449954	0.108953977517	0.350915052051	0.350915052051	0.391315604231	0.0187157297869
2.44121511085	2.44121511085	0.108953977517	0.350915052051	0.350915052051	0.391315604231	0.0118151720866
2.76496685917	2.76496685917	0.108953977517	0.350915052051	0.350915052051	0.391315604231	0.0164098959666
2.56522441064	2.56522441064	0.108953977517	0.334501783624	0.334501783624	0.309298902492	0.0125800933544
2.70098047633	2.70098047633	0.112341489609	0.334501783624	0.334501783624	0.309298902492	0.0189559645479
3.16822826725	3.16822826725	0.112526985909	0.334501783624	0.334501783624	0.309298902492	0.0223915145998
2.43596513882	2.43596513882	0.112526985909	0.334501783624	0.334501783624	0.309298902492	0.00606727506867
2.60789733789	2.60789733789	0.112526985909	0.334501783624	0.334501783624	0.134517261127	0.00910157281014
2.30295319147	2.30295319147	0.112526985909	0.334501783624	0.334501783624	0.436473236925	0.0135545768693
2.76540538463	2.76540538463	0.112526985909	0.334501783624	0.334501783624	0.353907022629	0.0156551171587
2.21366032894	2.21366032894	0.112526985909	0.334501783624	0.334501783624	0.353907022629	0.0135864495756
2.35979129721	2.35979129721	0.112526985909	0.334501783624	0.334501783624	0.359262996175	0.0257641357164
2.61012135997	2.61012135997	0.112526985909	0.334501783624	0.334501783624	0.359262996175	0.0104706554679
2.53748159586	2.53748159586	0.112526985909	0.332154202145	0.332154202145	0.365478507554	0.0281559471862
2.72437184195	2.72437184195	0.112526985909	0.332154202145	0.332154202145	0.365478507554	0.0120343449196
2.72524735845	2.72524735845	0.112535581076	0.335969680697	0.335969680697	0.355252126026	0.0283817568736
3.01127605761	3.01127605761	0.112535581076	0.335969680697	0.335969680697	0.355252126026	0.0271843559294
3.63474990654	3.63474990654	0.112535581076	0.335969680697	0.335969680697	0.355252126026	0.0301776490287
3.15714536565	3.15714536565	0.112535581076	0.335969680697	0.335969680697	0.353234465472	0.00975434537571
3.24416524266	3.24416524266	0.112535581076	0.315324002876	0.315324002876	0.353234465472	0.0138667093461
2.97555808975	2.97555808975	0.112535581076	0.315324002876	0.315324002876	0.353234465472	0.00131878034222
2.51847458016	2.51847458016	0.112535581076	0.315324002876	0.315324002876	0.294354093545	0.0236549454041
2.74888561743	2.74888561743	0.118478485454	0.342435042445	0.342435042445	0.294354093545	0.0247175730679
2.7778248178	2.7778248178	0.118478485454	0.342435042445	0.342435042445	0.477219038531	0.00856573605741
2.89088636664	2.89088636664	0.118478485454	0.342435042445	0.342435042445	0.263932941157	0.0183541110561
2.71351495017	2.71351495017	0.118478485454	0.342435042445	0.342435042445	0.321052543958	0.0274304521167
2.73215819097	2.73215819097	0.118478485454	0.342435042445	0.342435042445	0.323544971482	0.0097865090248
2.73215819097	2.73215819097	0.118478485454	0.329241908978	0.329241908978	0.287409293464	0.0301978881463
2.8692746735	2.8692746735	0.112915552493	0.332476571893	0.332476571893	0.351450610296	0.00866823607863
3.01579418261	3.01579418261	0.112915552493	0.332476571893	0.332476571893	0.32015029794	0.0235286092469
3.01579418261	3.01579418261	0.117525743571	0.332476571893	0.332476571893	0.32015029794	0.0136144781503
2.98897361599	2.98897361599	0.121389830151	0.332476571893	0.332476571893	0.32015029794	0.0170619865696
2.98233128924	2.98233128924	0.121389830151	0.332476571893	0.332476571893	0.32015029794	0.0225250674942
3.02304552921	3.02304552921	0.100000995525	0.368897560209	0.368897560209	0.32015029794	0.00704233148992
3.24120563047	3.24120563047	0.100000995525	0.368897560209	0.368897560209	0.32015029794	0.0220843250916
2.34854033294	2.34854033294	0.119623948732	0.368897560209	0.368897560209	0.324629562868	0.0226516938776
2.80577731226	2.80577731226	0.119623948732	0.368897560209	0.368897560209	0.349296992194	0.0120609094228
3.43375104449	3.43375104449	0.119623948732	0.368897560209	0.368897560209	0.239716110273	0.0133658357224
3.30409608347	3.30409608347	0.119623948732	0.368897560209	0.368897560209	0.239716110273	0.0209288078258
3.19831692302	3.19831692302	0.119623948732	0.368897560209	0.368897560209	0.2537648144	0.011390408101
3.32129387722	3.32129387722	0.119623948732	0.368897560209	0.368897560209	0.2537648144	0.0270871130949
3.37019352354	3.37019352354	0.119477407144	0.368897560209	0.368897560209	0.2537648144	0.0271561328253
3.23787182524	3.23787182524	0.119477407144	0.368897560209	0.368897560209	0.2537648144	0.019133042345
3.15128871202	3.15128871202	0.119477407144	0.368897560209	0.368897560209	0.2537648144	0.00155419030591
3.19757982379	3.19757982379	0.118982106553	0.368897560209	0.368897560209	0.2537648144	0.00193031056925
3.45505614214	3.45505614214	0.118982106553	0.368897560209	0.368897560209	0.2537648144	0.00363322229131
3.36375923748	3.36375923748	0.111848829123	0.368897560209	0.368897560209	0.2537648144	0.0220409501969
3.233875852	3.233875852	0.111848829123	0.368897560209	0.368897560209	0.284291498282	0.00042679044965
3.17829488531	3.17829488531	0.111848829123	0.368897560209	0.368897560209	0.284291498282	0.00655178349683
3.01819713189	3.01819713189	0.115579844878	0.395396882797	0.395396882797	0.284291498282	0.0223673978368
2.7150649619	2.7150649619	0.115579844878	0.409455457127	0.409455457127	0.284291498282	0.00184080179709
3.08889372536	3.08889372536	0.113349948716	0.407446774266	0.407446774266	0.284291498282	0.00184080179709
3.2721766548	3.2721766548	0.113349948716	0.358782177821	0.358782177821	0.284291498282	0.0130627908019
3.20352115645	3.20352115645	0.113349948716	0.358782177821	0.358782177821	0.284291498282	0.00315906546614
3.12178025376	3.12178025376	0.113349948716	0.358782177821	0.358782177821	0.284291498282	0.0153421713131
3.12178025376	3.12178025376	0.11012109473	0.358782177821	0.358782177821	0.279671195317	0.0158344907558
3.21343782987	3.21343782987	0.115980055823	0.358782177821	0.358782177821	0.279671195317	0.0158344907558
3.22202232197	3.22202232197	0.11723410632	0.358782177821	0.358782177821	0.279671195317	0.0101524049294
3.07291957414	3.07291957414	0.128248885421	0.352523991511	0.352523991511	0.279671195317	0.0198318544994
3.23221239114	3.23221239114	0.128248885421	0.352523991511	0.352523991511	0.279671195317	0.0320937831071
3.23221239114	3.23221239114	0.128769645089	0.335705905049	0.335705905049	0.279671195317	0.0094347196328
3.23221239114	3.23221239114	0.128769645089	0.385629905614	0.385629905614	0.279671195317	0.00844971387722
3.23221239114	3.23221239114	0.128769645089	0.40489779069	0.40489779069	0.279671195317	0.0100040820784
3.23221239114	3.23221239114	0.0935787517164	0.40489779069	0.40489779069	0.279671195317	0.0100040820784
3.14548556258	3.14548556258	0.0935787517164	0.348122416544	0.348122416544	0.279671195317	0.023235472656
2.91364660837	2.91364660837	0.132970745353	0.342630629905	0.342630629905	0.279671195317	0.0102461718589
3.21924391132	3.21924391132	0.132970745353	0.368569281261	0.368569281261	0.279671195317	0.0142083511446
3.21924391132	3.21924391132	0.132970745353	0.424582972314	0.424582972314	0.279671195317	0.0196681724006
3.18978860783	3.18978860783	0.120128285016	0.355545624357	0.355545624357	0.279671195317	0.0145645800015
3.18978860783	3.18978860783	0.120128285016	0.4155180641	0.4155180641	0.279671195317	0.00321561668413
3.36388823444	3.36388823444	0.120128285016	0.417695750666	0.417695750666	0.279671195317	0.0122354989527
3.37820155452	3.37820155452	0.103749809465	0.44137824462	0.44137824462	0.279671195317	0.0107565431776
3.44239930031	3.44239930031	0.103749809465	0.427123515114	0.427123515114	0.272597798793	0.0107565431776
3.48499181102	3.48499181102	0.107294722746	0.339043452857	0.339043452857	0.272597798793	0.0198201454103
3.36469893023	3.36469893023	0.119097029949	0.306398607243	0.306398607243	0.272597798793	0.00674166082333
3.30232851193	3.30232851193	0.106032221021	0.369828310853	0.369828310853	0.272597798793	0.0100569941383
3.34006643272	3.34006643272	0.103609931973	0.359821608908	0.359821608908	0.272597798793	0.013966485868
3.10899113331	3.10899113331	0.103609931973	0.36518071224	0.36518071224	0.272597798793	0.0230444887116
3.11160120728	3.11160120728	0.103609931973	0.36518071224	0.36518071224	0.272597798793	0.0241760018344
3.11160120728	3.11160120728	0.131439900212	0.36518071224	0.36518071224	0.272597798793	0.0165507460754
3.08176915532	3.08176915532	0.12520932026	0.354565075515	0.354565075515	0.272597798793	0.0238929071806
3.16483438076	3.16483438076	0.12520932026	0.354565075515	0.354565075515	0.272111223389	0.0161338780317
3.30155145314	3.30155145314	0.1055515932	0.354565075515	0.354565075515	0.272111223389	0.0105143306621
3.30155145314	3.30155145314	0.120498427346	0.354565075515	0.354565075515	0.272111223389	0.0105143306621
3.38601126132	3.38601126132	0.122056809974	0.343922096572	0.343922096572	0.272111223389	0.00584981432231
3.36469360662	3.36469360662	0.122056809974	0.343922096572	0.343922096572	0.272111223389	0.00214236203503
3.23078774285	3.23078774285	0.122056809974	0.446021364443	0.446021364443	0.264877746296	0.00895454072174
3.32116782573	3.32116782573	0.122056809974	0.361969312772	0.361969312772	0.258163138214	0.0434763984838
3.65266259784	3.65266259784	0.101269853242	0.31933514588	0.31933514588	0.258163138214	0.0312986627572
3.58031007045	3.58031007045	0.101269853242	0.294668703201	0.294668703201	0.258163138214	0.0224088617915
3.33424966595	3.33424966595	0.111455376545	0.332260529208	0.332260529208	0.258163138214	0.0132005449952
3.24673192448	3.24673192448	0.111455376545	0.415577597587	0.415577597587	0.258163138214	0.0132005449952
2.91476808712	2.91476808712	0.111455376545	0.415577597587	0.415577597587	0.258163138214	0.00401044020166
3.70479666919	3.70479666919	0.114382380822	0.403527918907	0.403527918907	0.258163138214	0.0117197422058
3.1809459015	3.1809459015	0.116953162881	0.403527918907	0.403527918907	0.258163138214	0.0209964320726
3.50004059719	3.50004059719	0.116953162881	0.403527918907	0.403527918907	0.258163138214	0.0166384930172
3.43359480812	3.43359480812	0.0915752207342	0.403527918907	0.403527918907	0.245982372446	0.0216082914909
3.40334078396	3.40334078396	0.123885055508	0.368116744899	0.368116744899	0.260433463586	0.024663098697
3.53217195706	3.53217195706	0.101166011546	0.419939214916	0.419939214916	0.260433463586	0.0177018520889
3.84614690214	3.84614690214	0.101166011546	0.393142250814	0.393142250814	0.260433463586	0.0251675138778
3.7210836281	3.7210836281	0.129338447213	0.380651473442	0.380651473442	0.260433463586	0.0145224554536
3.87998936576	3.87998936576	0.0988127327212	0.369139312731	0.369139312731	0.252610115451	0.0124741864276
4.0009457279	4.0009457279	0.0728548139447	0.375292208638	0.375292208638	0.252610115451	0.0119915212339
3.08229993689	3.08229993689	0.103589907181	0.366683709932	0.366683709932	0.252610115451	0.00903749480241
2.61045613641	2.61045613641	0.106426913364	0.369095029009	0.369095029009	0.252610115451	0.0378107042999
3.11213931152	3.11213931152	0.11707263527	0.338708531059	0.338708531059	0.252610115451	0.00652473639904
2.06172202245	2.06172202245	0.11707263527	0.396360520946	0.396360520946	0.255920564578	0.00586289314554
2.62113777233	2.62113777233	0.114776230916	0.396360520946	0.396360520946	0.255920564578	0.0116135429201
3.76468515293	3.76468515293	0.114776230916	0.396360520946	0.396360520946	0.255920564578	0.00995395728588
2.37631512747	2.37631512747	0.114776230916	0.396360520946	0.396360520946	0.257891325917	0.0164719666621
3.17115385465	3.17115385465	0.114776230916	0.396360520946	0.396360520946	0.257891325917	0.0110959415248
3.103898142	3.103898142	0.114776230916	0.396360520946	0.396360520946	0.257891325917	0.0148334126948
3.103898142	3.103898142	0.117660661124	0.35611997389	0.35611997389	0.248292495288	0.0148672673885
3.1026871902	3.1026871902	0.117660661124	0.411180509074	0.411180509074	0.235668426354	0.0119900285034
3.11184545367	3.11184545367	0.101658689889	0.442437177187	0.442437177187	0.243765134698	0.0151299783508
2.99475105996	2.99475105996	0.127492523657	0.360416637429	0.360416637429	0.243765134698	0.00931534177255
2.92563970963	2.92563970963	0.127492523657	0.279995510353	0.279995510353	0.243765134698	0.00588921295727
2.85435049531	2.85435049531	0.127492523657	0.287705303378	0.287705303378	0.243765134698	0.00216567840309
2.98154262764	2.98154262764	0.114344953135	0.36372109674	0.36372109674	0.243765134698	0.0117306591961
2.98154262764	2.98154262764	0.114344953135	0.6029807833	0.6029807833	0.243765134698	0.00743107500873
3.12323686052	3.12323686052	0.114344953135	0.256765368589	0.256765368589	0.240938387869	0.00711028356149
2.87310788828	2.87310788828	0.114344953135	0.43548641695	0.43548641695	0.240938387869	0.00367725700475
2.94086055922	2.94086055922	0.114344953135	0.43548641695	0.43548641695	0.240938387869	0.0164994288343
3.11322517742	3.11322517742	0.114344953135	0.461007048667	0.461007048667	0.221565102328	0.00558827075079
2.91986572927	2.91986572927	0.114344953135	0.352630254265	0.352630254265	0.207794032945	0.00558827075079
3.29375287512	3.29375287512	0.114344953135	0.459491676133	0.459491676133	0.207794032945	0.000441269978758
3.6769761745	3.6769761745	0.112367563019	0.472418028692	0.472418028692	0.225269680256	0.0309410954651
3.33672608784	3.33672608784	0.112367563019	0.472418028692	0.472418028692	0.225269680256	0.00977398142953
2.71905828766	2.71905828766	0.110167480407	0.437233072703	0.437233072703	0.225269680256	0.00855243385865
2.84220163751	2.84220163751	0.110167480407	0.384865477183	0.384865477183	0.221549618637	0.0146229433736
2.8506293514	2.8506293514	0.110167480407	0.462581560987	0.462581560987	0.221549618637	0.019314290806
3.68058126774	3.68058126774	0.115328919187	0.462581560987	0.462581560987	0.221549618637	0.00420562235167
4.17492456128	4.17492456128	0.115328919187	0.441181637531	0.441181637531	0.221549618637	0.0104347887099
3.19321478969	3.19321478969	0.115328919187	0.338063121893	0.338063121893	0.221248361839	0.0104347887099
3.82872663295	3.82872663295	0.115328919187	0.495059444584	0.495059444584	0.221248361839	0.00130188215801
1.99930170472	1.99930170472	0.115328919187	0.459206800493	0.459206800493	0.221248361839	0.0208830814275
2.6512310165	2.6512310165	0.127607576591	0.413683568293	0.413683568293	0.221248361839	0.0128380622369
2.70968659992	2.70968659992	0.127607576591	0.699869651421	0.699869651421	0.221248361839	0.0101519865738
3.43730669848	3.43730669848	0.146813027607	0.663513480547	0.663513480547	0.221248361839	0.0101519865738
3.44465384797	3.44465384797	0.146813027607	0.354622173191	0.354622173191	0.209647468032	0.0147575930108
2.97856188025	2.97856188025	0.146813027607	0.354622173191	0.354622173191	0.209647468032	0.0223743472398
3.55785030876	3.55785030876	0.146813027607	0.354622173191	0.354622173191	0.21700243482	0.00718254334679
3.42595476083	3.42595476083	0.145138132524	0.350955305663	0.350955305663	0.219521074312	0.0187698159743
3.46331602655	3.46331602655	0.117261080847	0.350955305663	0.350955305663	0.193348742934	0.00947800465771
3.41421489201	3.41421489201	0.105870875238	0.449408729423	0.449408729423	0.193348742934	0.0118049059633
3.43771142832	3.43771142832	0.105870875238	0.449408729423	0.449408729423	0.193348742934	0.0118049059633
3.43771142832	3.43771142832	0.105870875238	0.438168085411	0.438168085411	0.193348742934	0.0271345409397
3.33949466644	3.33949466644	0.100774681489	0.438168085411	0.438168085411	0.186415175498	0.0371506929683
3.33949466644	3.33949466644	0.100774681489	0.438168085411	0.438168085411	0.186415175498	0.0340679129862
3.46678888261	3.46678888261	0.107666585617	0.468230107076	0.468230107076	0.186415175498	0.0178237190896
3.36207418002	3.36207418002	0.13969772483	0.46845927875	0.46845927875	0.186415175498	0.0149540107057
3.36207418002	3.36207418002	0.112424414058	0.469729976501	0.469729976501	0.186415175498	0.0149540107057
3.38478116758	3.38478116758	0.112424414058	0.435988672729	0.435988672729	0.186415175498	0.0236197803256
3.38478116758	3.38478116758	0.112424414058	0.435988672729	0.435988672729	0.186415175498	0.0121383449908
3.35062525109	3.35062525109	0.112424414058	0.435988672729	0.435988672729	0.186415175498	0.0178047701272
3.32422771956	3.32422771956	0.112424414058	0.435988672729	0.435988672729	0.186415175498	0.00884939249628
3.31175811719	3.31175811719	0.112424414058	0.300351848147	0.300351848147	0.186415175498	0.00884939249628
3.31415585732	3.31415585732	0.112424414058	0.411395279299	0.411395279299	0.186415175498	0.0180748121057
3.2466442015	3.2466442015	0.112424414058	0.49138455327	0.49138455327	0.183529396227	0.00752885935944
3.24268357217	3.24268357217	0.112424414058	0.525284952287	0.525284952287	0.183529396227	0.0198524012859
3.2571960146	3.2571960146	0.112424414058	0.527052901546	0.527052901546	0.183529396227	0.0205288933756
3.13210995093	3.13210995093	0.112424414058	0.468502176163	0.468502176163	0.183529396227	0.0107870323626
3.21380018973	3.21380018973	0.112424414058	0.531729064136	0.531729064136	0.183529396227	0.0107870323626
3.20946558993	3.20946558993	0.112424414058	0.534621176997	0.534621176997	0.185877371013	0.0107870323626
3.20946558993	3.20946558993	0.112424414058	0.534621176997	0.534621176997	0.185877371013	0.0107870323626
3.20657011426	3.20657011426	0.104593747075	0.52126011234	0.52126011234	0.185877371013	0.00986569500579
3.37519867737	3.37519867737	0.125184459868	0.483672463102	0.483672463102	0.185877371013	0.00934672363997
3.21686198346	3.21686198346	0.125741962904	0.512035102798	0.512035102798	0.166077175668	0.00828847871178
3.01668565964	3.01668565964	0.117914882193	0.512035102798	0.512035102798	0.166077175668	0.00828847871178
3.21371656159	3.21371656159	0.117914882193	0.512035102798	0.512035102798	0.1767239488	0.00839462162015
3.41850213811	3.41850213811	0.112620031898	0.512035102798	0.512035102798	0.1767239488	0.00839462162015
3.74902849795	3.74902849795	0.115137176258	0.512035102798	0.512035102798	0.1767239488	0.00864173423836
3.58061259501	3.58061259501	0.115137176258	0.512035102798	0.512035102798	0.172707142709	0.0109400127737
3.58061259501	3.58061259501	0.115137176258	0.511826547377	0.511826547377	0.172904660548	0.00192278706603
3.58030028192	3.58030028192	0.114367614829	0.511826547377	0.511826547377	0.172904660548	0.00879098218025
3.45307973678	3.45307973678	0.112758067487	0.508862105122	0.508862105122	0.16513459534	0.0106418609698
3.09727241608	3.09727241608	0.112758067487	0.508862105122	0.508862105122	0.16513459534	0.0106418609698
3.41630895893	3.41630895893	0.110087914527	0.531961278976	0.531961278976	0.16513459534	0.0106418609698
3.44949936878	3.44949936878	0.110087914527	0.531961278976	0.531961278976	0.160839712064	0.0109531943112
3.11541791659	3.11541791659	0.110087914527	0.531961278976	0.531961278976	0.160839712064	0.0109531943112
3.48997994203	3.48997994203	0.110087914527	0.531961278976	0.531961278976	0.160839712064	0.0109531943112
3.58291051686	3.58291051686	0.113875612772	0.531961278976	0.531961278976	0.160839712064	0.0109531943112
3.26894510679	3.26894510679	0.107312016202	0.543998667302	0.543998667302	0.160839712064	0.00263530276307
3.25100951674	3.25100951674	0.127524946823	0.543998667302	0.543998667302	0.160839712064	0.0062350794959
3.53899628793	3.53899628793	0.12393566619	0.543998667302	0.543998667302	0.160839712064	0.00590482215591
3.28287502671	3.28287502671	0.103919881	0.543998667302	0.543998667302	0.160839712064	0.0107665489214
3.06729329903	3.06729329903	0.103919881	0.543998667302	0.543998667302	0.160839712064	0.0104203798851
3.41889163751	3.41889163751	0.11061549209	0.543998667302	0.543998667302	0.160839712064	0.00401867529484
3.41889163751	3.41889163751	0.11061549209	0.543998667302	0.543998667302	0.160839712064	0.0118372905304
3.44850495753	3.44850495753	0.110566021486	0.554016749889	0.554016749889	0.122612951699	0.00853582290905
3.53044308921	3.53044308921	0.110566021486	0.554016749889	0.554016749889	0.187694736822	0.00853582290905
3.53116105892	3.53116105892	0.111082124525	0.554016749889	0.554016749889	0.0970353346751	0.00853582290905
3.40210581752	3.40210581752	0.111082124525	0.554016749889	0.554016749889	0.153479388968	0.00861911201377
2.90460109619	2.90460109619	0.110670403097	0.554016749889	0.554016749889	0.123354481996	0.0052801070364
3.78361175701	3.78361175701	0.110670403097	0.554016749889	0.554016749889	0.126438237261	0.0134791758849
2.64492490561	2.64492490561	0.113902888159	0.554016749889	0.554016749889	0.150012315618	0.00650827605785
2.57413099824	2.57413099824	0.107044062119	0.554016749889	0.554016749889	0.114611472642	0.0136291413466
3.3063178855	3.3063178855	0.121922272904	0.554016749889	0.554016749889	0.114611472642	0.0136291413466
3.26295565875	3.26295565875	0.111994215722	0.554016749889	0.554016749889	0.148146712616	0.0134016715423
3.25948813149	3.25948813149	0.107327893794	0.554016749889	0.554016749889	0.138575793753	0.00297203395237
3.4646753349	3.4646753349	0.109655888785	0.554016749889	0.554016749889	0.138575793753	0.0120698855806
3.31150142943	3.31150142943	0.11486193148	0.554016749889	0.554016749889	0.138575793753	0.0135525902959
3.10354654133	3.10354654133	0.11486193148	0.554016749889	0.554016749889	0.138575793753	0.0135525902959
3.14343584553	3.14343584553	0.11486193148	0.554016749889	0.554016749889	0.126302112473	0.00260881840999
3.39834642092	3.39834642092	0.11486193148	0.554016749889	0.554016749889	0.126302112473	0.0194574009262
3.7058975091	3.7058975091	0.11486193148	0.554016749889	0.554016749889	0.137584414152	0.0172780883906
3.38583559863	3.38583559863	0.11486193148	0.554016749889	0.554016749889	0.137584414152	0.0119437381243
4.05664808316	4.05664808316	0.11486193148	0.554016749889	0.554016749889	0.137584414152	0.0119437381243
4.79285812705	4.79285812705	0.11486193148	0.554016749889	0.554016749889	0.137584414152	0.0124753640679
4.3099701596	4.3099701596	0.11486193148	0.554016749889	0.554016749889	0.137584414152	0.025463198693
1.50295142607	1.50295142607	0.11486193148	0.554016749889	0.554016749889	0.137584414152	0.0101114374817
2.02837139874	2.02837139874	0.11486193148	0.554016749889	0.554016749889	0.140632502882	0.0166320804126
3.40198636775	3.40198636775	0.113302282607	0.554016749889	0.554016749889	0.134546057372	0.0166320804126
3.29923642635	3.29923642635	0.113302282607	0.554016749889	0.554016749889	0.134546057372	0.0166320804126
3.66222162504	3.66222162504	0.113302282607	0.554016749889	0.554016749889	0.134546057372	0.0166320804126
3.65088414764	3.65088414764	0.113302282607	0.54700708173	0.54700708173	0.134546057372	0.0166320804126
3.95770810824	3.95770810824	0.11587615501	0.54700708173	0.54700708173	0.13880863737	0.00940306179324
3.41225324935	3.41225324935	0.112938779464	0.555625906042	0.555625906042	0.13880863737	0.0139247748348
3.97150233706	3.97150233706	0.112938779464	0.555625906042	0.555625906042	0.138417856181	0.0124270148206
3.25657291584	3.25657291584	0.112938779464	0.601499972308	0.601499972308	0.136873809128	0.00134184728493
3.57115549174	3.57115549174	0.112938779464	0.631242971462	0.631242971462	0.140357847464	0.00855041498939
3.50102834548	3.50102834548	0.112938779464	0.631242971462	0.631242971462	0.140357847464	0.00725943683983
3.75545710975	3.75545710975	0.112938779464	0.631242971462	0.631242971462	0.140357847464	0.0103384159414
4.08258043848	4.08258043848	0.112938779464	0.61457600678	0.61457600678	0.136898794171	0.00726150237034
3.20591708884	3.20591708884	0.112938779464	0.61457600678	0.61457600678	0.136898794171	0.01067359325
3.18154204309	3.18154204309	0.112938779464	0.647627828794	0.647627828794	0.131976225791	0.0101907698408
3.91032431987	3.91032431987	0.11114037818	0.647627828794	0.647627828794	0.131976225791	0.00887827519231
4.10505050906	4.10505050906	0.11114037818	0.647627828794	0.647627828794	0.131976225791	0.00965581460424
3.32169189025	3.32169189025	0.11114037818	0.647627828794	0.647627828794	0.131976225791	0.00172575542754
3.41912582478	3.41912582478	0.11114037818	0.647627828794	0.647627828794	0.131976225791	0.00750336991482
3.62231306958	3.62231306958	0.11114037818	0.739894728666	0.739894728666	0.119955083132	0.00930798444343
3.54626768257	3.54626768257	0.11114037818	0.739894728666	0.739894728666	0.119955083132	0.0144928424508
3.54626768257	3.54626768257	0.11114037818	0.705093801145	0.705093801145	0.119955083132	0.0107449544513
3.59798352342	3.59798352342	0.11114037818	0.705093801145	0.705093801145	0.119955083132	0.00603740859001
3.59353967589	3.59353967589	0.11114037818	0.705093801145	0.705093801145	0.117542602367	0.00463222895622
3.64867624684	3.64867624684	0.118330767182	0.705093801145	0.705093801145	0.117542602367	0.0252646020327
3.64867624684	3.64867624684	0.118330767182	0.752184118535	0.752184118535	0.117542602367	0.0188816279824
3.59302686699	3.59302686699	0.118330767182	0.671943020467	0.671943020467	0.117542602367	0.0206572065346
3.63940373496	3.63940373496	0.118330767182	0.828430075335	0.828430075335	0.117542602367	0.00176045806146
3.63940373496	3.63940373496	0.118330767182	0.82734257399	0.82734257399	0.117542602367	0.00243784036437
3.67314172277	3.67314172277	0.118330767182	0.887878605536	0.887878605536	0.117542602367	0.0108039387025
3.65048974559	3.65048974559	0.118330767182	0.895060706338	0.895060706338	0.117542602367	0.00104832998707
3.51707365693	3.51707365693	0.118330767182	0.895060706338	0.895060706338	0.117542602367	0.0131913005329
3.51707365693	3.51707365693	0.118330767182	0.895060706338	0.895060706338	0.117542602367	0.0059470560336
3.5157354353	3.5157354353	0.118330767182	0.857102542979	0.857102542979	0.106279761056	0.00763505839929
3.5157354353	3.5157354353	0.123274229582	1.03406561831	1.03406561831	0.106279761056	0.00588105972543
3.62257800934	3.62257800934	0.123274229582	0.964475719851	0.964475719851	0.106279761056	0.00668209530703
3.62257800934	3.62257800934	0.100369452678	0.964475719851	0.964475719851	0.106199322976	0.00706069458267
3.60592392444	3.60592392444	0.100369452678	0.964475719851	0.964475719851	0.106199322976	0.00706069458267
3.71269284305	3.71269284305	0.112798331786	1.04228814114	1.04228814114	0.106199322976	0.00630515937251
3.71269284305	3.71269284305	0.112798331786	1.08656771759	1.08656771759	0.106199322976	0.00630515937251
3.65303074286	3.65303074286	0.112798331786	1.07026448553	1.07026448553	0.106199322976	0.00630515937251
3.68516257663	3.68516257663	0.11097533097	1.07026448553	1.07026448553	0.100971583735	0.00287913682769
3.68516257663	3.68516257663	0.116349806916	1.07026448553	1.07026448553	0.100971583735	0.00287913682769
3.77115930865	3.77115930865	0.116349806916	1.11214109861	1.11214109861	0.100971583735	0.0259973362299
3.77115930865	3.77115930865	0.115018227362	1.43983400782	1.43983400782	0.100971583735	0.00143307966385
3.7652388451	3.7652388451	0.115018227362	1.4866528649	1.4866528649	0.100971583735	0.00143307966385
3.7652388451	3.7652388451	0.116403031614	1.36997593716	1.36997593716	0.100971583735	0.00143307966385
3.7652388451	3.7652388451	0.111569192841	1.3943770249	1.3943770249	0.100971583735	0.00612159854309
3.73341556789	3.73341556789	0.111569192841	1.59089293338	1.59089293338	0.100971583735	0.00612159854309
3.73444224406	3.73444224406	0.111569192841	1.43769453684	1.43769453684	0.101817054238	0.00543570467349
3.73444224406	3.73444224406	0.107546387011	1.39124722575	1.39124722575	0.0997627293121	0.00543570467349
3.73444224406	3.73444224406	0.106628522937	1.50337816401	1.50337816401	0.0997627293121	0.00543570467349
3.69633848364	3.69633848364	0.11339974079	1.54252136069	1.54252136069	0.0997627293121	0.000181260457396
3.69633848364	3.69633848364	0.11339974079	1.5242047381	1.5242047381	0.0997627293121	0.0015630081094
3.69633848364	3.69633848364	0.11339974079	1.50765777995	1.50765777995	0.0997627293121	0.0015630081094
3.75243065666	3.75243065666	0.11339974079	1.50765777995	1.50765777995	0.0997627293121	0.0015630081094
3.75357800621	3.75357800621	0.110683231941	1.50765777995	1.50765777995	0.0997627293121	0.00348446545434
3.75357800621	3.75357800621	0.110683231941	1.49185436446	1.49185436446	0.0999160292872	0.00397147079527
3.79066979409	3.79066979409	0.110683231941	1.55751297141	1.55751297141	0.0999160292872	0.00397147079527
3.79066979409	3.79066979409	0.110683231941	1.55751297141	1.55751297141	0.0999160292872	0.00471577823429
3.70649160326	3.70649160326	0.110683231941	1.67542909515	1.67542909515	0.0999160292872	0.00365997647287
3.70649160326	3.70649160326	0.110683231941	1.67542909515	1.67542909515	0.0999160292872	0.00454173741758
3.82214250271	3.82214250271	0.110683231941	1.56526186633	1.56526186633	0.0999160292872	0.00585650672727
3.53096420355	3.53096420355	0.110683231941	1.59678234017	1.59678234017	0.0999160292872	0.000524236873586
3.62622977129	3.62622977129	0.110683231941	1.59678234017	1.59678234017	0.0999160292872	0.00496923107471
3.83167052109	3.83167052109	0.110683231941	1.59678234017	1.59678234017	0.0999160292872	0.00496923107471
3.95425537036	3.95425537036	0.110602751767	1.59678234017	1.59678234017	0.0999160292872	0.00102956885641
3.65733443154	3.65733443154	0.110602751767	1.2948505329	1.2948505329	0.0999160292872	0.00409851198362
3.51930016604	3.51930016604	0.110602751767	1.45503474211	1.45503474211	0.0999160292872	0.00984472972219
3.51783386633	3.51783386633	0.112436609655	1.40326056152	1.40326056152	0.0999160292872	0.00940774092986
3.51783386633	3.51783386633	0.109650102026	1.42121713455	1.42121713455	0.0999160292872	0.00646296377855
3.46400694284	3.46400694284	0.109650102026	1.5426669589	1.5426669589	0.0999160292872	0.00325913170984
3.34486952429	3.34486952429	0.109650102026	1.48511584544	1.48511584544	0.0999160292872	0.00138013540808
3.12360610729	3.12360610729	0.109650102026	1.80329585937	1.80329585937	0.0999160292872	0.000982047281301
3.48120049809	3.48120049809	0.109650102026	1.86649447736	1.86649447736	0.0999160292872	0.00257494086742
3.71925796026	3.71925796026	0.109650102026	1.6878709171	1.6878709171	0.0999160292872	0.00257494086742
3.42902227339	3.42902227339	0.109650102026	1.53579702955	1.53579702955	0.0999160292872	0.00087632878707
3.86741489585	3.86741489585	0.109650102026	1.52435151273	1.52435151273	0.0999160292872	0.00087632878707
3.9335037572	3.9335037572	0.109650102026	1.56772074879	1.56772074879	0.0999160292872	0.00126380947911
3.98417807119	3.98417807119	0.116886948099	1.625557223	1.625557223	0.0999160292872	0.000602765465837
3.98417807119	3.98417807119	0.116886948099	1.69704151437	1.69704151437	0.0999160292872	0.00120984731617
3.82476815345	3.82476815345	0.116886948099	1.68335792786	1.68335792786	0.0997401882035	0.00120984731617
3.82666189901	3.82666189901	0.116599797489	1.5502307193	1.5502307193	0.0997401882035	0.00400357762882
3.82449884042	3.82449884042	0.116599797489	1.46647441798	1.46647441798	0.0997401882035	0.000125656738462
4.07778192496	4.07778192496	0.111693296548	1.36580368174	1.36580368174	0.0997401882035	0.00233908087117
3.96408955173	3.96408955173	0.111693296548	1.69563904587	1.69563904587	0.0997401882035	0.00233908087117
3.48949074926	3.48949074926	0.111693296548	1.51325617198	1.51325617198	0.0997401882035	0.00294349499006
3.23176908884	3.23176908884	0.115806343846	1.66606605583	1.66606605583	0.0997401882035	0.0012036145428
3.54190922789	3.54190922789	0.115806343846	1.68881240714	1.68881240714	0.0997401882035	0.0012036145428
3.26324316209	3.26324316209	0.115599096562	1.81250226677	1.81250226677	0.0997401882035	0.00247316317575
3.39339777131	3.39339777131	0.115599096562	1.95514643662	1.95514643662	0.0997401882035	0.00282221806619
3.76350946494	3.76350946494	0.115599096562	1.78838529676	1.78838529676	0.0997401882035	0.00282221806619
3.48680851821	3.48680851821	0.115599096562	1.59769257925	1.59769257925	0.0997401882035	0.00282221806619
3.88719915771	3.88719915771	0.113546625506	1.82408079422	1.82408079422	0.0997401882035	0.00282221806619
3.59844296398	3.59844296398	0.109657186631	1.76090237966	1.76090237966	0.0997401882035	0.00282221806619
3.82490743215	3.82490743215	0.108483876002	2.03128491462	2.03128491462	0.0997401882035	0.00282221806619
4.07436241816	4.07436241816	0.108483876002	1.87810751183	1.87810751183	0.0997401882035	0.00174439069633
3.83423363503	3.83423363503	0.108483876002	1.36312819807	1.36312819807	0.0997401882035	0.00174439069633
3.72982563694	3.72982563694	0.108483876002	1.923802023	1.923802023	0.0997401882035	0.00174439069633
3.96789357257	3.96789357257	0.116391620707	1.82622772494	1.82622772494	0.0997401882035	0.00178381392599
3.64684575057	3.64684575057	0.116391620707	1.50296284968	1.50296284968	0.0997401882035	0.00196220158649
3.62492412489	3.62492412489	0.112364239263	1.64851185284	1.64851185284	0.0997401882035	0.00315709622776
3.74945786673	3.74945786673	0.110749237007	2.00783017793	2.00783017793	0.0997401882035	0.011644133465
3.37394447846	3.37394447846	0.110749237007	1.75919845108	1.75919845108	0.0997401882035	0.011644133465
5.09261716799	5.09261716799	0.110749237007	1.43535823981	1.43535823981	0.0997401882035	0.00623146099557
3.40508574546	3.40508574546	0.110749237007	1.53951554326	1.53951554326	0.100839730779	0.00233215386163
3.67203242762	3.67203242762	0.110749237007	1.50166075189	1.50166075189	0.0930320439334	0.00399937631755
4.28774322546	4.28774322546	0.110749237007	1.77429109123	1.77429109123	0.0930320439334	0.00399937631755
3.64023933983	3.64023933983	0.110749237007	1.81970248761	1.81970248761	0.0930320439334	0.0026016821712
3.47654734433	3.47654734433	0.110749237007	1.30200033265	1.30200033265	0.0930320439334	0.00143829032186
3.88222236361	3.88222236361	0.110749237007	1.64113434841	1.64113434841	0.0930320439334	0.00143829032186
3.3450614032	3.3450614032	0.110749237007	1.93111444978	1.93111444978	0.0916404330787	0.00143829032186
3.81445694945	3.81445694945	0.110749237007	1.89508080968	1.89508080968	0.0930553855545	0.00143829032186
3.74360770886	3.74360770886	0.110749237007	1.86612919831	1.86612919831	0.0930553855545	0.00170577242867
3.85157738109	3.85157738109	0.110749237007	2.24556496476	2.24556496476	0.0930553855545	0.00170577242867
3.38689442215	3.38689442215	0.110749237007	2.01983603357	2.01983603357	0.0930553855545	0.00309106955315
3.36090819731	3.36090819731	0.110749237007	2.01983603357	2.01983603357	0.0930553855545	0.00293101873406
3.60242740144	3.60242740144	0.110749237007	1.78018948768	1.78018948768	0.0930553855545	0.00291823581881
3.87605912551	3.87605912551	0.111082508467	1.56895576877	1.56895576877	0.0930553855545	0.00291823581881
3.51413975798	3.51413975798	0.111082508467	1.99733849924	1.99733849924	0.0933656329266	0.00291823581881
3.45395641726	3.45395641726	0.111082508467	1.948942411	1.948942411	0.0933656329266	0.00291823581881
3.45481304352	3.45481304352	0.111082508467	1.948942411	1.948942411	0.0933656329266	0.00291823581881
3.45481304352	3.45481304352	0.111082508467	1.99525325371	1.99525325371	0.0933656329266	0.00208393114158
3.61201923415	3.61201923415	0.111082508467	1.99525325371	1.99525325371	0.0933656329266	0.00208393114158
3.55453186118	3.55453186118	0.111082508467	1.85124088422	1.85124088422	0.0933656329266	0.000447167028123
3.55453186118	3.55453186118	0.11144377188	1.86647887157	1.86647887157	0.0933656329266	0.000447167028123
3.57006942553	3.57006942553	0.11053595285	2.01138444585	2.01138444585	0.0933656329266	0.00247313374149
3.86366165905	3.86366165905	0.11053595285	2.01138444585	2.01138444585	0.0933656329266	0.0024149535973
3.52528807671	3.52528807671	0.11053595285	2.01138444585	2.01138444585	0.0896243581619	0.0024149535973
3.5941682004	3.5941682004	0.11053595285	1.98789074423	1.98789074423	0.0896243581619	0.0024149535973
3.52311886865	3.52311886865	0.11053595285	2.14702547233	2.14702547233	0.0896243581619	0.00137060646992
3.82742047788	3.82742047788	0.11053595285	1.88558467843	1.88558467843	0.0896243581619	0.00137060646992
3.55793708185	3.55793708185	0.11053595285	2.19014713897	2.19014713897	0.0896243581619	0.00137060646992
3.55310243679	3.55310243679	0.11053595285	2.08575257952	2.08575257952	0.0896243581619	0.00249792345882
