x0_HIS3_C05	r_HIS3_C05	K_HIS3_C05	x0_RAD52_C05	r_RAD52_C05	K_RAD52_C05	x0_C05
3.59136797079	3.59136797079	0.106332730311	3.9737484831	3.9737484831	0.079618133858	0.000385854463459
3.5217844009	3.5217844009	0.110636273417	3.67244553444	3.67244553444	0.0803534324953	6.59650563641e-05
3.49651813006	3.49651813006	0.112874422728	3.4921898319	3.4921898319	0.0667420218238	0.000308585157349
3.47060532956	3.47060532956	0.0862505496562	3.5662312036	3.5662312036	0.0935138638607	6.79981243954e-05
3.33985841976	3.33985841976	0.112135429242	3.68074385102	3.68074385102	0.0939714082322	0.000452340925019
3.43105992693	3.43105992693	0.108458087607	3.81748561531	3.81748561531	0.0816364742809	0.000315036212423
3.39578036059	3.39578036059	0.106429630385	3.65798260881	3.65798260881	0.0742069764235	0.000977902960315
3.35162764088	3.35162764088	0.108615669801	3.67212747675	3.67212747675	0.0791591579484	0.000101495546235
3.46883304709	3.46883304709	0.119075335656	3.44323102547	3.44323102547	0.080344842443	0.00115851440778
3.40585913315	3.40585913315	0.110983906137	3.3974977222	3.3974977222	0.0829034635816	0.000325455832737
3.43790638513	3.43790638513	0.109004995059	3.41592991007	3.41592991007	0.0746165839812	0.000481802586759
3.47737496437	3.47737496437	0.110877469318	3.46539058042	3.46539058042	0.0780432716847	0.000370745491605
3.49635387869	3.49635387869	0.113709945179	3.44229721364	3.44229721364	0.0854639869984	0.000314117785972
3.49714414133	3.49714414133	0.102093320028	3.48694572068	3.48694572068	0.0792676373013	0.000244371353196
3.29881142202	3.29881142202	0.110636206124	3.36434425341	3.36434425341	0.0879050096633	0.000514308179018
3.41735693199	3.41735693199	0.117179889902	3.63701681547	3.63701681547	0.0827904037991	0.000706739183305
3.43194043749	3.43194043749	0.108080210058	3.56018614198	3.56018614198	0.083192169236	0.000331359739487
3.5554804293	3.5554804293	0.1198300509	3.3367790681	3.3367790681	0.081009871371	0.00207388807087
3.59570146417	3.59570146417	0.11207852004	3.49205350407	3.49205350407	0.0826887151392	0.000317735677341
3.43225467759	3.43225467759	0.109224168743	3.31918604817	3.31918604817	0.0817355459462	0.000374636785057
3.42267927864	3.42267927864	0.111025278034	3.35925763712	3.35925763712	0.0678550735404	0.00075047797485
3.41763017342	3.41763017342	0.109722255537	3.21655369587	3.21655369587	0.0848027896367	0.000470668753539
3.40071585183	3.40071585183	0.110654356834	3.42172594959	3.42172594959	0.0826385523499	0.000435483457944
3.4073914882	3.4073914882	0.109526984943	3.39666564483	3.39666564483	0.0753680345062	0.000634374578513
3.41567580624	3.41567580624	0.109952116039	3.63919710553	3.63919710553	0.0957853595549	0.000168407987286
3.48872262991	3.48872262991	0.110191515354	3.95150473092	3.95150473092	0.0745042096678	0.000715198379232
3.41984270432	3.41984270432	0.111601219661	3.2844106291	3.2844106291	0.0614372439624	0.000320049012356
3.62005590227	3.62005590227	0.109857197515	3.31003471136	3.31003471136	0.0860729809347	3.61693372222e-05
3.53735576303	3.53735576303	0.105579332834	3.58072346238	3.58072346238	0.079568507745	9.64174540116e-06
3.61297081396	3.61297081396	0.111908064271	3.84095786261	3.84095786261	0.0768185750815	1.01739615567e-05
3.34738885034	3.34738885034	0.105650188526	3.39881578578	3.39881578578	0.0767004629193	0.000486204939957
3.30739072039	3.30739072039	0.106747734506	3.49714235784	3.49714235784	0.0684231589584	0.00026518464612
3.61779222203	3.61779222203	0.106091002871	3.66406607862	3.66406607862	0.0730797413321	0.00023567587229
3.35673574099	3.35673574099	0.103714173498	3.46106957146	3.46106957146	0.0808570760669	0.000463351280645
3.46232947165	3.46232947165	0.10739340912	3.4641878054	3.4641878054	0.0852639533603	0.000273752680236
3.77880767533	3.77880767533	0.106451801081	3.67119619917	3.67119619917	0.0745640899823	0.00026341641315
3.70839990589	3.70839990589	0.102525089469	3.88475480783	3.88475480783	0.0780247534002	0.00037525844347
3.82851719761	3.82851719761	0.108019773529	3.78767516677	3.78767516677	0.0860367050999	0.000315239639398
3.73952509198	3.73952509198	0.10906070016	3.77597479374	3.77597479374	0.0776674669615	0.000997835400074
3.7374681511	3.7374681511	0.110991277839	3.36486589027	3.36486589027	0.0831355217131	0.000337011101399
3.35329652309	3.35329652309	0.116618483549	3.85050420592	3.85050420592	0.0771493333978	0.000426894175278
3.13902787682	3.13902787682	0.111498877191	3.58598874878	3.58598874878	0.0724419112796	0.000449938749617
3.38646987395	3.38646987395	0.104966612152	3.59273436457	3.59273436457	0.0855664210632	0.000310355285931
3.65371635913	3.65371635913	0.107271359692	3.38840347214	3.38840347214	0.0807329998095	0.00018380838737
3.55126749963	3.55126749963	0.108593475586	3.80702034507	3.80702034507	0.0817301832209	0.000587411964093
3.80903096976	3.80903096976	0.110778604534	3.79277536806	3.79277536806	0.0766339357246	0.000181100194426
3.33766159874	3.33766159874	0.10967793783	3.7573012892	3.7573012892	0.079544276032	0.000658137503521
3.66092727937	3.66092727937	0.107784546499	3.66839979446	3.66839979446	0.0847522145481	0.000358465019943
3.78020751693	3.78020751693	0.105399181861	3.77344328306	3.77344328306	0.0782061302625	4.18146546847e-06
3.68780847534	3.68780847534	0.106497276272	3.62268150044	3.62268150044	0.0727194277524	0.000579872004135
3.40210931291	3.40210931291	0.110742837165	3.43085029808	3.43085029808	0.0648469706801	4.27316426717e-06
3.78600336511	3.78600336511	0.112192092654	3.74942527593	3.74942527593	0.086230509174	0.000836764774204
3.62080815641	3.62080815641	0.11084145152	3.70943917629	3.70943917629	0.0796675742749	0.000189598253659
3.66989240449	3.66989240449	0.107856267296	3.85788521142	3.85788521142	0.0822254257403	0.000522778221206
3.48591395803	3.48591395803	0.106509444861	3.60053635879	3.60053635879	0.0781211548269	0.0003054724388
3.73613083098	3.73613083098	0.108757008806	3.67100371796	3.67100371796	0.0804530307303	0.000132969700905
3.49439214788	3.49439214788	0.108109974275	3.58077880474	3.58077880474	0.0794867197415	7.39838009362e-05
3.4925441084	3.4925441084	0.107774812018	3.32908565073	3.32908565073	0.0815498463677	0.000624370932785
3.39006559079	3.39006559079	0.112932495762	3.42419103951	3.42419103951	0.0801609249812	0.000167569328346
3.56486604129	3.56486604129	0.108470514849	3.59242347828	3.59242347828	0.0968118921852	6.40303541659e-05
3.4101582209	3.4101582209	0.10493366435	3.70478944156	3.70478944156	0.0894950013993	0.000561422404534
3.55974607745	3.55974607745	0.103160384969	3.72080825726	3.72080825726	0.0792103794741	0.000229859191165
3.68113065185	3.68113065185	0.108821895476	3.69746421858	3.69746421858	0.0761666084045	0.000740212097606
3.50257774327	3.50257774327	0.102406746091	3.48108449045	3.48108449045	0.0841851101567	0.000500589638204
3.57735146541	3.57735146541	0.0913129849002	3.47044913112	3.47044913112	0.0782505266247	0.00022750598884
3.40797629479	3.40797629479	0.111461449496	3.23391134533	3.23391134533	0.0850937405302	0.00073238630935
3.58441889115	3.58441889115	0.11469235136	3.45500617808	3.45500617808	0.0800727613509	0.000545950916671
3.25114776995	3.25114776995	0.109425525351	3.78838106152	3.78838106152	0.073959936411	0.000627838706712
3.47101875666	3.47101875666	0.110295314588	3.37382719401	3.37382719401	0.082327914615	0.00056288953519
3.39424057654	3.39424057654	0.108046157453	3.35554176954	3.35554176954	0.0811860343215	0.000188702710068
3.45118866427	3.45118866427	0.109125536339	3.43539966861	3.43539966861	0.0852642526438	8.94159184027e-05
3.5234687564	3.5234687564	0.109479494105	3.45207236574	3.45207236574	0.0806431259913	0.000480757742088
3.51344348776	3.51344348776	0.111944310413	3.57872745324	3.57872745324	0.0846478539552	0.000942631833233
3.57460281643	3.57460281643	0.113786631485	3.63291420995	3.63291420995	0.0801008437588	0.000263479647418
3.55662162784	3.55662162784	0.110141518116	3.34630514753	3.34630514753	0.0799452348704	0.00033428591585
3.63990310467	3.63990310467	0.110667870554	3.66567528686	3.66567528686	0.0800936780784	0.000450796817656
3.49423443973	3.49423443973	0.110955339758	3.48139774662	3.48139774662	0.0829852556825	0.000975076702055
3.70252313146	3.70252313146	0.109093621448	3.3628686379	3.3628686379	0.0844919583888	1.23279387959e-05
3.60727905844	3.60727905844	0.109332973495	3.6474246193	3.6474246193	0.0818091858221	0.000512461286611
3.82267443259	3.82267443259	0.108140476724	3.72568313884	3.72568313884	0.0734460760767	0.00015304500389
3.7092979669	3.7092979669	0.104909208228	3.71626753349	3.71626753349	0.0806671484991	0.000193891803457
3.27481368915	3.27481368915	0.0993033686241	3.50929576659	3.50929576659	0.0789036927322	0.000262636678042
3.56976970432	3.56976970432	0.112335518292	3.45148115765	3.45148115765	0.0681155181188	0.000814932632302
3.44631153059	3.44631153059	0.099598627284	3.62047787045	3.62047787045	0.0790942105077	0.000431988487357
3.72720149551	3.72720149551	0.108523851204	3.28175967616	3.28175967616	0.0776261290021	0.000386142021298
3.37002250259	3.37002250259	0.113106182931	3.3931642514	3.3931642514	0.0795838590954	0.000590279417318
3.41062996235	3.41062996235	0.107667765176	3.64033068864	3.64033068864	0.0826744030226	0.000427611152344
3.46241727192	3.46241727192	0.109733606061	3.58227474776	3.58227474776	0.0813890121318	0.000421442586897
3.83762747485	3.83762747485	0.0984791085482	4.06358779306	4.06358779306	0.0800742403645	6.90369193601e-05
3.62857729108	3.62857729108	0.121972955615	3.65156052708	3.65156052708	0.0776256176432	0.000123359622714
3.68760077688	3.68760077688	0.10356786032	3.7446060699	3.7446060699	0.0742368348097	0.000398528672603
3.59471922191	3.59471922191	0.106488478399	3.62297271187	3.62297271187	0.0719136619824	0.000555538377361
3.72352935723	3.72352935723	0.0981440679601	3.74025371005	3.74025371005	0.0576070066803	0.00035046134789
3.68607709951	3.68607709951	0.108557085852	3.65650886647	3.65650886647	0.100582759595	0.000241930026029
3.61006491682	3.61006491682	0.109822088961	3.59220269948	3.59220269948	0.0794043049102	0.000211435259892
3.48756938132	3.48756938132	0.108228883964	3.44450060478	3.44450060478	0.0800188977777	0.000207277922886
3.39519131513	3.39519131513	0.110771445368	3.4444859545	3.4444859545	0.0907149490034	0.000285460853611
3.57202447972	3.57202447972	0.100613069438	3.68130300086	3.68130300086	0.0787777113089	0.000790435783785
3.41040371625	3.41040371625	0.109286174316	3.49227001786	3.49227001786	0.0767036355536	0.000121329525449
3.36129356535	3.36129356535	0.106718084909	3.28011582709	3.28011582709	0.0784908445514	0.000401186901331
3.28337480156	3.28337480156	0.109162556321	3.21160114967	3.21160114967	0.0734252712838	0.000508720562821
3.71551399162	3.71551399162	0.114387008661	3.36045841394	3.36045841394	0.0890195715711	0.000238609163701
3.84750738918	3.84750738918	0.109483682961	3.74100871604	3.74100871604	0.0806833200767	3.20615347041e-05
3.79266627759	3.79266627759	0.0884968188314	3.73027869658	3.73027869658	0.0817297709235	0.000625838926525
3.63342649471	3.63342649471	0.110333253886	3.66530364511	3.66530364511	0.0807150940694	0.000348710079313
3.38547743691	3.38547743691	0.112475155708	3.41195287752	3.41195287752	0.0758868534631	0.000298954390826
3.16847799749	3.16847799749	0.110588066087	3.33566272287	3.33566272287	0.0808320956204	0.00048295153146
3.51350324391	3.51350324391	0.10987711181	3.56601458538	3.56601458538	0.0760488889867	0.000372369355642
3.51363365413	3.51363365413	0.109508512734	3.55023330947	3.55023330947	0.0853268712538	0.000119943657194
3.4223185454	3.4223185454	0.109228645383	3.55078640128	3.55078640128	0.0765011011933	0.000226791688033
3.26625958789	3.26625958789	0.104074421836	3.47807382807	3.47807382807	0.0806965643121	0.000444402340859
3.59787565538	3.59787565538	0.11723730111	3.52702831169	3.52702831169	0.0951501731948	5.02035868665e-05
3.53252332735	3.53252332735	0.109726038201	3.42252409406	3.42252409406	0.0897330054933	2.43913879803e-05
3.46219863598	3.46219863598	0.11061916601	3.77858760675	3.77858760675	0.0735565138256	0.00110622605194
3.62242561202	3.62242561202	0.106012067774	3.69771095108	3.69771095108	0.0755144472473	0.000256052963239
3.4598345616	3.4598345616	0.104607647204	3.75939076989	3.75939076989	0.0779064368116	0.000286250438233
3.42021319361	3.42021319361	0.110120441853	3.64282262507	3.64282262507	0.0789933073731	0.000308280743596
3.38463279199	3.38463279199	0.110707991881	3.65157734878	3.65157734878	0.0774734440404	0.00071616506341
3.51380500113	3.51380500113	0.108945647762	3.51934667919	3.51934667919	0.0951438545126	0.000330927120675
3.56005594936	3.56005594936	0.110368671144	3.32722394762	3.32722394762	0.0746447339735	0.000317092289394
3.3499228215	3.3499228215	0.112795257076	3.3693652316	3.3693652316	0.0926624463112	0.00054797005478
3.32301687181	3.32301687181	0.11383944879	3.4731925604	3.4731925604	0.0806116829585	0.000417058981278
3.33522406864	3.33522406864	0.106598316115	3.50879004034	3.50879004034	0.0911942954087	0.000300523474654
3.29852248096	3.29852248096	0.0901552924387	3.30406617863	3.30406617863	0.0606030179261	0.000975688484431
3.49621175096	3.49621175096	0.105565907411	3.49328662148	3.49328662148	0.0938702129632	0.000371609339766
3.39756868101	3.39756868101	0.106421387284	3.42730509573	3.42730509573	0.0694199990598	0.000406030862564
3.41488514832	3.41488514832	0.107044915263	3.56949763137	3.56949763137	0.0807556208074	0.000219297633059
3.36177576605	3.36177576605	0.107224817547	3.65791490015	3.65791490015	0.0939244539706	0.000393746091186
3.49629705611	3.49629705611	0.102901642636	3.68166279801	3.68166279801	0.0764413117654	0.00041460568213
3.59853387632	3.59853387632	0.108535144442	3.64111024524	3.64111024524	0.0783774412532	0.0002085046231
3.49156962002	3.49156962002	0.109553914736	4.27341080323	4.27341080323	0.0853327353778	7.51735643995e-05
3.71052413677	3.71052413677	0.108581419798	3.58410233427	3.58410233427	0.0791155349081	0.000318615399166
3.51576071468	3.51576071468	0.112637949849	3.83762400748	3.83762400748	0.0786174279933	0.000513188697386
3.78732900258	3.78732900258	0.0894772620506	3.61070530819	3.61070530819	0.0819516178037	0.000293317893989
3.62185146176	3.62185146176	0.0987834540952	3.71030754029	3.71030754029	0.0793684259565	0.000144280703085
3.64395790616	3.64395790616	0.108480266178	3.64214228145	3.64214228145	0.0775879294923	0.000333735217005
3.34254098424	3.34254098424	0.109569212606	3.59453351761	3.59453351761	0.0776149553189	0.000328926979427
3.65894546802	3.65894546802	0.10973821548	3.636615862	3.636615862	0.0675050497089	0.000848238078622
3.47183573093	3.47183573093	0.113213613283	3.4396723363	3.4396723363	0.0982491615168	0.000391508189841
3.28026820153	3.28026820153	0.107437662605	3.5456791353	3.5456791353	0.0777953238822	0.000274681885176
3.39197736333	3.39197736333	0.105556568268	3.8900249446	3.8900249446	0.0733855882502	0.000231260446027
3.38809162315	3.38809162315	0.10948417039	3.53709478596	3.53709478596	0.0856537968658	0.000605080997867
3.28162934456	3.28162934456	0.112054233045	3.69586846524	3.69586846524	0.0563035997385	0.00032376609131
3.58901607612	3.58901607612	0.106577650544	3.67742946288	3.67742946288	0.0684533309756	0.000165180036944
3.48730341731	3.48730341731	0.108904520213	3.60518723607	3.60518723607	0.0859650675267	0.000303073877248
3.30892791274	3.30892791274	0.113787522736	3.47696820765	3.47696820765	0.0810876086838	0.00043638707851
3.57449200911	3.57449200911	0.106875707068	3.79097637443	3.79097637443	0.0782663406315	0.000299197897221
3.53335410171	3.53335410171	0.103239536085	3.55247999082	3.55247999082	0.0733301983903	0.000280841791799
3.57958905858	3.57958905858	0.107674815539	3.3160065408	3.3160065408	0.0784579256015	0.000294483270714
3.55974345496	3.55974345496	0.0995154604184	3.40389764643	3.40389764643	0.0825976510674	0.000634192080388
3.38212375188	3.38212375188	0.0960957447337	4.14318485553	4.14318485553	0.0765401346027	0.000441441654114
3.59612958349	3.59612958349	0.108881883895	3.90148263866	3.90148263866	0.0860497025953	0.000363083744432
3.35329115508	3.35329115508	0.110991520465	3.53927019833	3.53927019833	0.0774344826543	0.000436349842127
3.1895047557	3.1895047557	0.112661995332	3.48924564628	3.48924564628	0.0761305452095	0.000597433715363
3.52178579916	3.52178579916	0.11108902219	3.59650379795	3.59650379795	0.0783338779603	0.000144482297288
3.34028854791	3.34028854791	0.110606771704	3.40044095781	3.40044095781	0.0842178807227	0.000380640378732
3.39085434411	3.39085434411	0.110965879397	3.39709221226	3.39709221226	0.0821465685877	0.000233948654057
3.71298558785	3.71298558785	0.0940607553308	3.93691058333	3.93691058333	0.0774800739428	0.000154851699897
3.60972425418	3.60972425418	0.112624332822	3.69528119886	3.69528119886	0.0710830083842	0.000449901166404
3.47400832558	3.47400832558	0.107757166251	3.5925171484	3.5925171484	0.081132622848	0.000505564102311
3.52715147965	3.52715147965	0.104609508136	3.38858682156	3.38858682156	0.0783596321638	0.000228691929844
3.68511132004	3.68511132004	0.107948279588	3.2064344639	3.2064344639	0.0770073324983	0.000345809773856
3.62080147811	3.62080147811	0.106838918632	3.74394047984	3.74394047984	0.0727332254505	6.36849790562e-05
3.29344441723	3.29344441723	0.104711939348	3.57061562821	3.57061562821	0.0877979617601	0.000430074167538
3.53351654221	3.53351654221	0.109334182264	3.15462074059	3.15462074059	0.0898393263289	4.36840154463e-05
3.46006643468	3.46006643468	0.120746561173	3.55909183798	3.55909183798	0.0785207364271	0.00316296405862
3.5667707299	3.5667707299	0.106098199191	3.68430210996	3.68430210996	0.0765976708509	0.000376014721366
3.89185118432	3.89185118432	0.112009205793	3.76054794834	3.76054794834	0.0763462533629	0.000427320290284
3.64941486337	3.64941486337	0.113762769744	3.64514309401	3.64514309401	0.0807786083634	0.000231686759081
3.68953724995	3.68953724995	0.106961785842	3.7327021551	3.7327021551	0.0809532240144	0.000296098399981
3.71852127135	3.71852127135	0.110457651956	3.73277099795	3.73277099795	0.0805991231289	0.000110401772056
3.70630595487	3.70630595487	0.109790184602	3.70550095086	3.70550095086	0.0607399115938	0.000441198437219
3.65345939549	3.65345939549	0.110017705968	3.68805976304	3.68805976304	0.069176500953	0.000315320332714
3.68320212399	3.68320212399	0.111208252926	3.67778998517	3.67778998517	0.0796091819171	0.000125141571851
3.6965488564	3.6965488564	0.110902918821	3.59247681047	3.59247681047	0.0788772497473	0.000282027893436
3.49947314642	3.49947314642	0.109078801139	3.51255789156	3.51255789156	0.0783057933189	0.000127606512414
3.41820111008	3.41820111008	0.114932483397	3.47022640083	3.47022640083	0.0702735879791	2.59264359908e-05
3.33491481304	3.33491481304	0.124074208649	3.32630707586	3.32630707586	0.082375877806	0.000274432491548
3.34791594649	3.34791594649	0.109629385343	3.7615237744	3.7615237744	0.0684467660584	7.62273606602e-05
3.66874568601	3.66874568601	0.110885009766	3.67131426559	3.67131426559	0.0815807169809	0.000326438875289
3.8266134397	3.8266134397	0.104767947345	3.82304912919	3.82304912919	0.095055525248	0.000270843984465
3.66234133585	3.66234133585	0.108871315171	3.62177155663	3.62177155663	0.0862472632946	0.000205254180663
3.81600964358	3.81600964358	0.112784270813	3.82644357696	3.82644357696	0.0701735379298	0.000535946960761
3.35404976146	3.35404976146	0.101431731917	3.81919853464	3.81919853464	0.0775883041914	0.00109876074622
3.44266432441	3.44266432441	0.0995528500631	3.51344407822	3.51344407822	0.0722516896753	0.000718627767365
3.50606219085	3.50606219085	0.108695570366	3.61985920747	3.61985920747	0.103813097181	0.000297435264293
3.77428249134	3.77428249134	0.106581350033	3.71802633034	3.71802633034	0.0766010283272	0.000503180649013
3.6347701476	3.6347701476	0.0948349761695	3.41323641573	3.41323641573	0.0871280972513	0.000257890238884
3.66847787783	3.66847787783	0.107444984687	3.57646446231	3.57646446231	0.0871703936544	0.000246671148004
3.4759612188	3.4759612188	0.109487363482	3.72831268898	3.72831268898	0.0868666339143	0.000353926396002
3.54111103417	3.54111103417	0.10654078774	3.6465748038	3.6465748038	0.0859906408159	0.00030413626986
3.78942914065	3.78942914065	0.0997717822693	3.81295242197	3.81295242197	0.0761009408451	0.000299018506566
3.57697805672	3.57697805672	0.108438507239	3.70480299746	3.70480299746	0.0820351276245	0.000355941339215
3.49004699089	3.49004699089	0.103313438532	3.58000432508	3.58000432508	0.0838911233876	0.000376960334611
3.3156310405	3.3156310405	0.115082536572	3.47362587099	3.47362587099	0.100360810255	0.000367106558779
3.13792965328	3.13792965328	0.110775298011	3.49208754164	3.49208754164	0.0803184703246	0.000478493419556
3.50229198806	3.50229198806	0.109584408196	3.48192899308	3.48192899308	0.0806945887673	0.000172599911938
3.49757464739	3.49757464739	0.110798780012	3.49136172883	3.49136172883	0.0980144179839	0.000254512557669
3.68355973838	3.68355973838	0.109349086537	3.60942469808	3.60942469808	0.0741509687187	0.000139188284701
3.53053526205	3.53053526205	0.1072554175	3.68139187127	3.68139187127	0.0823524641794	0.000643739350279
3.61442503902	3.61442503902	0.109042367009	3.35825706654	3.35825706654	0.0814140668149	0.000247043907502
3.64406388648	3.64406388648	0.107963860508	3.29386366699	3.29386366699	0.0729460060351	0.000572144611797
3.78573653978	3.78573653978	0.111988481087	3.46190923587	3.46190923587	0.0845852909647	0.000163799297975
3.53907614613	3.53907614613	0.110544440662	3.44594129988	3.44594129988	0.0760269568937	0.000141870624707
3.59453427898	3.59453427898	0.113750525974	3.60660733297	3.60660733297	0.0862539457551	0.000431710143119
3.65734322687	3.65734322687	0.109749453584	3.63962588275	3.63962588275	0.0798774572067	0.000370598378955
3.67889829438	3.67889829438	0.109884924927	3.63716410726	3.63716410726	0.0771243196277	0.000157011179179
3.25956948387	3.25956948387	0.11362252926	3.4285673788	3.4285673788	0.0907879374559	0.000158823481848
3.60670930062	3.60670930062	0.109956997585	3.66343304195	3.66343304195	0.0799303227091	0.000380291677587
3.47064024202	3.47064024202	0.105076332374	3.71798535812	3.71798535812	0.0881557003738	0.000510853287601
3.52762211346	3.52762211346	0.105708518474	3.74910757144	3.74910757144	0.0784331836647	0.00044086943809
3.60352371979	3.60352371979	0.109921743305	3.75114577373	3.75114577373	0.079141807989	0.000461185192736
3.52506574409	3.52506574409	0.109878581408	3.7508696013	3.7508696013	0.0759560219779	0.000509639955783
3.53808159989	3.53808159989	0.107537062593	3.81645303352	3.81645303352	0.0841674246262	0.000342471767026
3.40985968635	3.40985968635	0.106809005181	3.35590308466	3.35590308466	0.0820206646896	0.000241954709891
3.50554299603	3.50554299603	0.0996536694697	3.68980626655	3.68980626655	0.0736833568649	0.000269288704865
3.68974940522	3.68974940522	0.115569259678	3.68296369441	3.68296369441	0.0847747566236	0.00061356599973
3.82435120293	3.82435120293	0.112622014781	3.77985990545	3.77985990545	0.0746840595735	0.00035383839803
3.38832476663	3.38832476663	0.107156673088	3.51295156363	3.51295156363	0.0780212404188	0.000482589617258
3.58615853377	3.58615853377	0.113573722657	3.46325485513	3.46325485513	0.0801555106029	0.000183828337798
3.66714517585	3.66714517585	0.106613825929	3.78915844746	3.78915844746	0.0749426942427	0.000195609877059
3.64038131573	3.64038131573	0.109705376666	3.5916561678	3.5916561678	0.0766078975918	0.000591102252275
3.46142493226	3.46142493226	0.109986399998	3.86708988588	3.86708988588	0.0811363580592	0.000268397200984
3.46698053191	3.46698053191	0.110390194778	3.63482156227	3.63482156227	0.094426410781	0.000344762942655
3.28810025673	3.28810025673	0.109251314038	3.38534574915	3.38534574915	0.0722359959518	0.00127136425664
3.59980890978	3.59980890978	0.109970290894	3.66836369326	3.66836369326	0.0775255374382	0.000791230144352
3.71860814926	3.71860814926	0.108396293411	3.79501420353	3.79501420353	0.0868817579889	7.81990954704e-05
3.60002193436	3.60002193436	0.108627789165	3.50135249793	3.50135249793	0.0778624560571	0.000340492345619
3.69782242315	3.69782242315	0.106763474436	3.66776958926	3.66776958926	0.0819465424948	0.000156459096832
3.45859004399	3.45859004399	0.107987715149	3.53572901486	3.53572901486	0.0772778992764	0.000188381753338
3.40686177849	3.40686177849	0.11000965691	3.47681981212	3.47681981212	0.0826695990113	0.00022736115608
3.53361353295	3.53361353295	0.103513055099	3.27336321264	3.27336321264	0.0831356772237	0.00114674535822
3.51005299132	3.51005299132	0.113687431751	3.38026904363	3.38026904363	0.0775367153051	0.000438601854068
3.4688708877	3.4688708877	0.106798552265	3.33925567993	3.33925567993	0.0787106395247	0.000396856619108
3.25638072443	3.25638072443	0.109009106119	3.59568160257	3.59568160257	0.0834244282054	0.000310643728362
3.54581679959	3.54581679959	0.108198758588	3.55591199983	3.55591199983	0.0824267689427	0.000559415702689
3.9018857197	3.9018857197	0.112940060864	3.78316214447	3.78316214447	0.0800458856837	0.000322989931141
3.67087995974	3.67087995974	0.108053396237	3.84605717353	3.84605717353	0.0777808520161	0.000325021818644
3.29925964616	3.29925964616	0.11190868571	3.56411292636	3.56411292636	0.0813383362999	0.000626267137512
3.60985541665	3.60985541665	0.106976639771	3.60540469549	3.60540469549	0.0763221206584	0.000217210194442
3.45342036523	3.45342036523	0.108629688115	3.40372091563	3.40372091563	0.0732466829757	0.000281277181048
3.34827395295	3.34827395295	0.11348030124	3.38542684861	3.38542684861	0.0829002001519	0.000448146842222
3.33713450046	3.33713450046	0.101207065423	3.36527106944	3.36527106944	0.0911324658311	0.000396601562061
3.35989383127	3.35989383127	0.112084613152	3.34306477603	3.34306477603	0.0810474310984	0.00065088658954
3.33185014792	3.33185014792	0.108250325	3.33324259191	3.33324259191	0.0839438372554	0.000679844410338
3.32902394704	3.32902394704	0.111055415427	3.33737058043	3.33737058043	0.078057943669	0.000511423267973
3.36196403566	3.36196403566	0.109837338617	3.30645952098	3.30645952098	0.0764502164817	0.000418719411986
3.38501769925	3.38501769925	0.0987782766404	3.44961619315	3.44961619315	0.0794525809394	0.00028342042216
3.41195662156	3.41195662156	0.104906497253	3.42351288766	3.42351288766	0.0859261190213	0.000196114601251
3.43541109868	3.43541109868	0.1080682914	3.45412441109	3.45412441109	0.0809308029724	0.000416786322105
3.35101889389	3.35101889389	0.103544862229	3.38152659533	3.38152659533	0.078112583186	0.000330553381156
3.48993915876	3.48993915876	0.111613398823	3.50147871998	3.50147871998	0.0799940686103	0.000508095759433
3.46384137386	3.46384137386	0.100868316959	3.48315078238	3.48315078238	0.0755293864468	0.000309743551619
3.40679445171	3.40679445171	0.107065225768	3.69113372531	3.69113372531	0.0785269004161	0.000322513019129
3.56687814821	3.56687814821	0.0926479622957	3.30457728136	3.30457728136	0.082313004133	0.0004080932391
3.33711613132	3.33711613132	0.110349187163	3.50761678597	3.50761678597	0.0782728054801	0.000906300737848
3.60342819392	3.60342819392	0.10962146768	3.44361824074	3.44361824074	0.0828798455145	0.00015862211781
3.61597522969	3.61597522969	0.111422853957	3.49362170129	3.49362170129	0.0870737366371	0.000222885328895
3.49260186906	3.49260186906	0.109316520579	3.3688756359	3.3688756359	0.071953674113	0.000860195621552
3.24463070949	3.24463070949	0.107725510339	3.49303126688	3.49303126688	0.0862831717996	0.000872717454252
3.70651187185	3.70651187185	0.104576494162	3.72085047846	3.72085047846	0.0807291475866	0.000354600337943
3.64514376325	3.64514376325	0.108748273995	3.75262670788	3.75262670788	0.0813029076732	0.000293364664059
3.43651864607	3.43651864607	0.108650942305	3.80620841421	3.80620841421	0.0796055811199	0.000389649503147
3.72471229865	3.72471229865	0.107168375683	3.65431222651	3.65431222651	0.0817058182738	0.00025319065848
3.63257698001	3.63257698001	0.108208646089	3.73894490148	3.73894490148	0.0793189535467	0.000250508854605
3.6475624353	3.6475624353	0.113073028423	3.86706994751	3.86706994751	0.0808611755815	8.87311569506e-05
3.6533010805	3.6533010805	0.102320416749	3.79570663916	3.79570663916	0.0790326482511	0.000268435041363
3.62618509811	3.62618509811	0.114459896087	3.59023683646	3.59023683646	0.0855942991382	0.000191926342579
3.47855021747	3.47855021747	0.104701574285	3.40037205673	3.40037205673	0.0805802584527	0.000478694267348
3.31678591941	3.31678591941	0.0945920058854	3.57525347094	3.57525347094	0.0970713964997	0.000331487591194
3.47392242466	3.47392242466	0.112344393236	3.66253690218	3.66253690218	0.088618923552	0.000298223977465
3.59796910492	3.59796910492	0.103657829142	3.74527921594	3.74527921594	0.0842567342541	0.000289070224701
3.6439431035	3.6439431035	0.110465365945	3.56796225882	3.56796225882	0.0805289134167	0.000261868865727
3.65724492625	3.65724492625	0.111569383885	3.4426183332	3.4426183332	0.0851681052994	0.000221440078244
3.74783234966	3.74783234966	0.106180615813	3.77601978543	3.77601978543	0.0829161225113	0.000291841721026
3.28793757742	3.28793757742	0.108465017208	3.60219152771	3.60219152771	0.0788749277219	0.000184910067796
3.86728191151	3.86728191151	0.110150764997	3.98019362102	3.98019362102	0.0796165900626	0.000589101485792
3.186400458	3.186400458	0.110509572046	3.74793204825	3.74793204825	0.0610578776056	0.000301553723554
3.53661495725	3.53661495725	0.113503728352	3.59970448365	3.59970448365	0.0817874879573	0.000350667830592
3.47285386353	3.47285386353	0.10048970383	3.77272218064	3.77272218064	0.0694705315067	0.000104472132112
3.49451637368	3.49451637368	0.106865609033	3.53486076957	3.53486076957	0.0820181372328	0.000154484239363
3.48868876258	3.48868876258	0.10682781791	3.65817814678	3.65817814678	0.0789670936542	0.000377396477018
3.41909710625	3.41909710625	0.103368209857	3.2948136874	3.2948136874	0.0865691033999	0.000510907845491
3.42099805522	3.42099805522	0.105651659379	3.52709513125	3.52709513125	0.0402172005046	0.00044911177352
3.35656748652	3.35656748652	0.109367567517	3.61432925409	3.61432925409	0.0789784579488	0.000330291754411
3.29039370984	3.29039370984	0.109872349812	3.70301347266	3.70301347266	0.0760943694568	0.000199336569899
3.60976142577	3.60976142577	0.114030818493	3.65277320207	3.65277320207	0.0766226324468	0.000117579078109
3.56442499193	3.56442499193	0.108106469782	3.84807324968	3.84807324968	0.0785841278046	0.000226796195066
3.3907201159	3.3907201159	0.109027161698	3.57858735929	3.57858735929	0.0983543857297	0.000396776299383
3.50505054628	3.50505054628	0.111344211988	3.60446288578	3.60446288578	0.0773250973378	0.000369466864594
3.58858298917	3.58858298917	0.117932803985	3.69412792308	3.69412792308	0.0761085839584	0.000185995925723
3.73248800952	3.73248800952	0.10619744642	3.76936877559	3.76936877559	0.0783900751602	0.00020720966592
3.53775338091	3.53775338091	0.106586079499	3.73430501229	3.73430501229	0.0766428287312	0.000317775121873
3.73258760167	3.73258760167	0.112935597246	3.73332306252	3.73332306252	0.0727265848276	0.000555085990307
3.57725442339	3.57725442339	0.112733361171	3.80592156995	3.80592156995	0.0908993422175	0.000177180691727
3.60655329512	3.60655329512	0.103888150492	3.57689312175	3.57689312175	0.0758112954146	0.000171534729829
3.53746270247	3.53746270247	0.110119259107	3.83667716772	3.83667716772	0.0833684573153	0.0004018329466
3.43736206128	3.43736206128	0.0999326193363	3.61588933707	3.61588933707	0.0914863323149	0.000336905060969
3.52968414092	3.52968414092	0.10884893434	3.66417776804	3.66417776804	0.0798992035978	0.000457808818977
3.5637645857	3.5637645857	0.112971738494	3.58166225058	3.58166225058	0.074963258188	0.000665751159168
3.5755413587	3.5755413587	0.107777485539	4.04141039118	4.04141039118	0.0802228125892	0.00149048426038
3.51906577785	3.51906577785	0.11063732024	3.66073425523	3.66073425523	0.0826405322013	0.000696451448374
3.66966653127	3.66966653127	0.0987295233552	3.59347090682	3.59347090682	0.0792085741898	0.000337594173773
3.50773526055	3.50773526055	0.0932728400386	3.53260697756	3.53260697756	0.0897431016594	0.000342429269249
3.4481078917	3.4481078917	0.107852797642	3.40837487193	3.40837487193	0.0785038644078	0.000370792789735
3.56442424563	3.56442424563	0.106481679978	3.49435016213	3.49435016213	0.0800708370731	0.000319612402429
3.50761368188	3.50761368188	0.119389115868	3.62896920021	3.62896920021	0.0865138063937	0.000154563756132
3.48639854139	3.48639854139	0.108192391117	4.10790638681	4.10790638681	0.08115640368	0.000382776714532
3.41972246878	3.41972246878	0.11462103016	3.60367547516	3.60367547516	0.0789672279609	0.00066859606575
3.70015812256	3.70015812256	0.108271709524	3.91460833766	3.91460833766	0.0772253631937	0.000302749885447
3.42825078237	3.42825078237	0.110208865054	3.52110909346	3.52110909346	0.082226036871	0.000379547607573
3.57507406262	3.57507406262	0.116769642862	3.50377683701	3.50377683701	0.0678858145564	0.00035551911206
3.68722241646	3.68722241646	0.107326559896	3.73449955778	3.73449955778	0.0756163139889	0.000543088503493
4.04456708107	4.04456708107	0.108006314056	3.92251035863	3.92251035863	0.0811363912848	4.51937762746e-05
3.53511876457	3.53511876457	0.1071502112	3.66926051596	3.66926051596	0.076904377703	0.000953375304185
3.50598835242	3.50598835242	0.109733908775	3.67825673815	3.67825673815	0.0833080968211	0.000225984481489
3.49828616633	3.49828616633	0.109697059441	3.50448998855	3.50448998855	0.0905964216068	0.000526183090587
3.5552554627	3.5552554627	0.108809050873	3.25713080941	3.25713080941	0.0817145329801	0.000641505584696
3.39357371514	3.39357371514	0.111050057645	3.42082403707	3.42082403707	0.0762938789469	0.000283268482973
3.68915331175	3.68915331175	0.106332827526	3.6115577361	3.6115577361	0.0824159442652	0.000277251187733
3.48563935111	3.48563935111	0.102518559696	3.63182997152	3.63182997152	0.0644188631446	0.000466253169782
3.59824015974	3.59824015974	0.103293245818	3.85033566819	3.85033566819	0.0840868886387	9.63645674305e-05
3.64147642994	3.64147642994	0.103851556753	3.65613766677	3.65613766677	0.0745240685876	0.000398565175879
3.66620377737	3.66620377737	0.109856035335	3.67566214314	3.67566214314	0.0795944019515	0.000239613129162
3.55238896383	3.55238896383	0.106059605099	3.59870002748	3.59870002748	0.0812626433526	0.000420554011713
3.35269592001	3.35269592001	0.106817825211	3.37516872724	3.37516872724	0.0780864153124	0.000848071166647
3.45208149531	3.45208149531	0.101335783665	3.47700848055	3.47700848055	0.0851321085419	0.000597984591588
3.42652794196	3.42652794196	0.103643946754	3.38103839445	3.38103839445	0.0736667181018	0.00132214279209
3.36671241945	3.36671241945	0.108950415807	3.46800132574	3.46800132574	0.0774125833126	0.000577174136398
3.64021424548	3.64021424548	0.10968992068	3.94154863819	3.94154863819	0.0747793655534	0.000289937969628
3.46481327212	3.46481327212	0.109962590511	3.52299469377	3.52299469377	0.0756809099434	0.000311058315933
3.3658668092	3.3658668092	0.0887262560826	3.85957388005	3.85957388005	0.0780264720354	0.000298649121528
3.34681410326	3.34681410326	0.111359383663	3.44073284717	3.44073284717	0.0923657863492	0.000299798917261
3.6180093123	3.6180093123	0.103328947232	3.64539631665	3.64539631665	0.0739154421774	0.000270013288127
3.48920730836	3.48920730836	0.107111967099	3.36768060127	3.36768060127	0.0838973018023	0.000424175291244
3.32169177046	3.32169177046	0.108133830911	3.35014713717	3.35014713717	0.0802318940345	0.000403994510159
3.63299419507	3.63299419507	0.106404918738	3.59596119968	3.59596119968	0.0808994278693	0.000279321101669
3.47568171609	3.47568171609	0.104972016921	3.43222104517	3.43222104517	0.0846224533008	0.000155117361031
3.48230079793	3.48230079793	0.106231133836	3.43621625483	3.43621625483	0.0793183550661	0.000342968208965
3.48136901712	3.48136901712	0.102474463395	3.44586700103	3.44586700103	0.0717962993971	0.000172597050694
3.50578859728	3.50578859728	0.115986436264	3.60966405306	3.60966405306	0.0823717791661	0.000611901464598
3.65899155461	3.65899155461	0.10961547114	3.66147650317	3.66147650317	0.0791645102373	0.000346489356985
3.5173140696	3.5173140696	0.095096940696	3.77510236355	3.77510236355	0.0775938672438	0.000878144335271
3.61540947801	3.61540947801	0.109384776011	3.58504030803	3.58504030803	0.0767062299767	0.000445411533308
3.61701461475	3.61701461475	0.115556064451	3.68516457914	3.68516457914	0.0782828774154	0.000101193659791
3.59520807521	3.59520807521	0.107653073618	3.70233021071	3.70233021071	0.083749716147	0.000836976300396
3.65296392202	3.65296392202	0.109872723752	3.2728336346	3.2728336346	0.0821212223679	9.25604198263e-05
3.39877026568	3.39877026568	0.106415740954	3.38150260312	3.38150260312	0.0807441910516	0.000390277248848
3.39713867291	3.39713867291	0.109466459293	3.37383018318	3.37383018318	0.0751290394156	0.000388514719006
3.55215217402	3.55215217402	0.107997299212	3.72404346948	3.72404346948	0.0774284507797	0.000203597917961
3.77278798804	3.77278798804	0.109030836342	3.63492103307	3.63492103307	0.0837161539142	0.000128283747383
3.75213439065	3.75213439065	0.109232538841	3.74324153747	3.74324153747	0.0840425446816	0.000138795431762
3.66344850314	3.66344850314	0.108264331795	3.73414785929	3.73414785929	0.0882012547939	0.000252115816737
3.67249588902	3.67249588902	0.107585448005	3.6627045653	3.6627045653	0.0817350303054	0.000312682769736
3.61505048142	3.61505048142	0.109015884406	3.61653177121	3.61653177121	0.0802243463429	0.000227462767076
3.53217933513	3.53217933513	0.109740464224	3.73307475057	3.73307475057	0.0891032400354	0.000226706674101
3.60970143038	3.60970143038	0.106847690338	3.53592381822	3.53592381822	0.0787760207866	0.000330074868522
3.23784809493	3.23784809493	0.0996329400251	3.50091998347	3.50091998347	0.0898797785604	0.000106110523622
3.14407307531	3.14407307531	0.107990397006	3.34773619111	3.34773619111	0.0787899301377	0.000390109933288
3.48591732578	3.48591732578	0.111577684488	3.54848369636	3.54848369636	0.0842824717256	0.000139671485025
3.80640932009	3.80640932009	0.114866689493	3.55841773852	3.55841773852	0.0860378275929	0.000313884054652
3.69829988583	3.69829988583	0.105093232795	3.22459109685	3.22459109685	0.0788928675637	5.69389971841e-05
3.25861847815	3.25861847815	0.109509881689	3.27454073442	3.27454073442	0.0798758655269	0.000181459336177
3.64096501234	3.64096501234	0.10854126944	3.54974223248	3.54974223248	0.0772042051978	0.000286687357883
3.6628954798	3.6628954798	0.110901054068	3.79755342812	3.79755342812	0.0727372063723	0.00018481836565
3.43996805743	3.43996805743	0.109459601627	3.94719322284	3.94719322284	0.0799632560875	0.000560934562216
3.45306721291	3.45306721291	0.106783911133	3.44071004846	3.44071004846	0.0632279160585	0.000263661733926
3.51038911588	3.51038911588	0.111024526192	3.4437543498	3.4437543498	0.0813813313481	0.000590315117757
3.58946605474	3.58946605474	0.110082356302	3.66116602936	3.66116602936	0.0694358473197	0.000465784617554
3.56812234875	3.56812234875	0.109801110851	3.72435890067	3.72435890067	0.0883995360276	0.000666816817628
3.7052576584	3.7052576584	0.108098617073	3.72244628334	3.72244628334	0.0789204544997	0.000304679884842
3.51674150598	3.51674150598	0.109799739486	3.5344848774	3.5344848774	0.0878701407517	0.000298469829466
3.40323933867	3.40323933867	0.107868494984	3.6251781377	3.6251781377	0.0765990635161	0.000258910496555
3.74581874321	3.74581874321	0.105769340368	3.62368759285	3.62368759285	0.0812655803647	0.000356500824748
3.7777372351	3.7777372351	0.110042492231	3.54674168926	3.54674168926	0.079485098029	0.000183732304021
3.92934604747	3.92934604747	0.111364117918	4.00692290877	4.00692290877	0.0833158327639	0.000451238516805
3.92535070791	3.92535070791	0.110440956344	3.92508878471	3.92508878471	0.0786954926566	0.000413512875987
3.20536595136	3.20536595136	0.115031790022	3.84580960978	3.84580960978	0.0615058772992	0.000353997898225
3.60104317034	3.60104317034	0.112452604097	3.86692269305	3.86692269305	0.070378382457	0.000195356424503
3.41328805048	3.41328805048	0.108237934115	4.07553623056	4.07553623056	0.0846922265338	0.000349453855364
3.51559373314	3.51559373314	0.104871166779	3.4988296651	3.4988296651	0.0794494870638	0.000378807514853
3.44753851543	3.44753851543	0.109198864213	3.5780490777	3.5780490777	0.0798364373828	0.000821663901828
3.54580093786	3.54580093786	0.109845166478	3.38309833561	3.38309833561	0.0852782783731	0.000327346732013
3.72695933649	3.72695933649	0.107027965955	3.78661337286	3.78661337286	0.0757318215338	0.000123318527568
3.73307669465	3.73307669465	0.111006462948	3.59704891109	3.59704891109	0.0846024613028	0.000184933847451
3.62780302068	3.62780302068	0.104497776653	3.47096243788	3.47096243788	0.0604027044949	0.000451513697243
3.55855892881	3.55855892881	0.110288857115	3.71958528804	3.71958528804	0.0765762343943	0.000113023017497
3.53692300451	3.53692300451	0.110148334005	3.43977629787	3.43977629787	0.078421839118	0.000217753450104
3.77066502781	3.77066502781	0.106873640654	3.76188982749	3.76188982749	0.0714664785639	0.000212440943455
3.60590805011	3.60590805011	0.107349342785	3.74991731236	3.74991731236	0.0762077128818	0.000341651572788
3.33765341122	3.33765341122	0.117219027249	3.45964053629	3.45964053629	0.0766848408428	0.000559986367465
3.43088624717	3.43088624717	0.111584936825	3.44757271975	3.44757271975	0.093010561233	0.000288128032285
3.42362754688	3.42362754688	0.108909949963	3.48511804091	3.48511804091	0.0820170777336	0.000568834113986
3.52544500086	3.52544500086	0.109796857658	3.47722611394	3.47722611394	0.0841786180587	0.000320036583971
3.36902648792	3.36902648792	0.109058201318	3.41283867756	3.41283867756	0.0814241720321	0.000267673294929
3.73648439544	3.73648439544	0.108294298844	3.62710109527	3.62710109527	0.0822319236985	0.000253130058407
3.69535627825	3.69535627825	0.095894795783	3.59289897742	3.59289897742	0.080631369197	0.000108397356378
3.59757100204	3.59757100204	0.11127783256	3.48927865046	3.48927865046	0.0799349762779	0.000317783930415
3.50135801458	3.50135801458	0.108639795289	3.53023677181	3.53023677181	0.0827835867442	0.000342598797127
3.17270194475	3.17270194475	0.112197280556	3.74457034314	3.74457034314	0.0805302300746	0.00086930869112
3.68523522975	3.68523522975	0.12454204985	3.41096803778	3.41096803778	0.0982684270391	0.000723675327707
3.4035856754	3.4035856754	0.113350403059	3.33283483252	3.33283483252	0.0785092325011	0.000224930914453
3.34170487222	3.34170487222	0.117251338235	3.34562356384	3.34562356384	0.0833427876008	0.000369393202589
3.52811227517	3.52811227517	0.105052321743	3.55599349123	3.55599349123	0.0775869254145	0.000272317074776
3.5318938929	3.5318938929	0.110155018962	3.51329955894	3.51329955894	0.0819426607248	0.000680906720823
3.52980712372	3.52980712372	0.107158009697	3.50181256701	3.50181256701	0.0682711246192	0.000508245283177
3.48768193882	3.48768193882	0.108838537829	3.62881501899	3.62881501899	0.0802431905	0.000706196216881
3.4815213537	3.4815213537	0.109407425996	3.48311368478	3.48311368478	0.0819001133061	0.000379678710562
3.40298181166	3.40298181166	0.110082935951	3.51148958474	3.51148958474	0.0912294749472	0.000221258312861
3.34004123535	3.34004123535	0.109357359239	3.59723817155	3.59723817155	0.084730392425	0.00107893420262
3.53192781725	3.53192781725	0.107931705316	3.71761786699	3.71761786699	0.0872973190143	0.00018285320345
3.4455286986	3.4455286986	0.150689489164	3.49605156125	3.49605156125	0.117693776297	0.0003437948799
3.45956250878	3.45956250878	0.10877161837	3.51243368842	3.51243368842	0.0610552938682	0.000502600380015
3.57501663389	3.57501663389	0.11059503587	3.56997460706	3.56997460706	0.0683033661294	0.00112180984853
3.57924297924	3.57924297924	0.108206750149	3.66591588749	3.66591588749	0.0793598863376	0.000400026198411
3.59268009488	3.59268009488	0.109676751699	3.55116717354	3.55116717354	0.0837500168101	0.000601563427893
3.5115368921	3.5115368921	0.110731101406	3.7286221386	3.7286221386	0.0780339915555	0.000402758479639
3.51515386121	3.51515386121	0.106479455794	3.37413419471	3.37413419471	0.0936360775873	0.000386375656623
3.49241301163	3.49241301163	0.109937935911	3.45366096617	3.45366096617	0.0823183650438	0.000419389756134
3.62641746561	3.62641746561	0.099284101267	3.64236810387	3.64236810387	0.0813609286488	0.000444436162516
3.7140882854	3.7140882854	0.108443509599	3.26609414544	3.26609414544	0.0659058189113	0.000349603591734
3.35999475727	3.35999475727	0.10233839497	3.5192866181	3.5192866181	0.0886256405865	3.68592979062e-05
3.6100855938	3.6100855938	0.10805225512	3.51421990917	3.51421990917	0.083897867367	6.82688848716e-05
3.43199961268	3.43199961268	0.109042215521	3.41182241863	3.41182241863	0.0826893438569	0.000368563419933
3.32193947826	3.32193947826	0.107756491631	3.28706852058	3.28706852058	0.083876743463	0.000110143260445
3.30270679151	3.30270679151	0.109067601158	3.45951069778	3.45951069778	0.0583876196933	0.000433065079243
3.4801511487	3.4801511487	0.109720060102	3.4487576194	3.4487576194	0.0776689706133	0.00123267856053
3.69955894646	3.69955894646	0.112343930409	3.63040863099	3.63040863099	0.0720614721344	6.68870346754e-05
3.82330328264	3.82330328264	0.109650106477	3.61920050122	3.61920050122	0.0769471229376	0.000299827556029
3.74048724572	3.74048724572	0.10901628835	3.38710913017	3.38710913017	0.0779121673113	0.000222814865766
3.81970489917	3.81970489917	0.103498529809	3.59170394264	3.59170394264	0.081053117464	0.000237375204055
3.54774528917	3.54774528917	0.115135084199	3.1967929341	3.1967929341	0.0778372783559	0.000544759121365
3.3918351127	3.3918351127	0.118592477231	3.69024641034	3.69024641034	0.0369384149508	0.00114725548574
3.60266848656	3.60266848656	0.109297012098	3.4240137244	3.4240137244	0.0918042767106	0.000113728261827
3.68621083626	3.68621083626	0.101338398831	3.55994818951	3.55994818951	0.0809430866528	0.000120701885114
3.61220382229	3.61220382229	0.110505444786	3.53422874711	3.53422874711	0.0798589036785	0.000193343915723
3.75361792248	3.75361792248	0.110809745794	3.56579459039	3.56579459039	0.0779009738167	1.82199675805e-05
3.49457862809	3.49457862809	0.108287337289	3.72800466431	3.72800466431	0.0787683021093	0.000237865458307
3.60700129035	3.60700129035	0.108581213502	3.62968901243	3.62968901243	0.0840881517642	9.00908026522e-05
3.38484739856	3.38484739856	0.110765514807	3.25852471287	3.25852471287	0.0847216764069	0.000183068419157
3.57682436573	3.57682436573	0.110378319421	3.51091540458	3.51091540458	0.0802168314406	0.000308448460256
3.40317316955	3.40317316955	0.108897441111	3.52358194135	3.52358194135	0.0752867074655	0.000337665815465
3.38192363203	3.38192363203	0.108091781303	4.00270897411	4.00270897411	0.077702071571	0.000241962431284
3.62650543209	3.62650543209	0.109651667579	4.12892606725	4.12892606725	0.107085212414	0.000263403119517
3.72550706397	3.72550706397	0.112146983338	3.57116212781	3.57116212781	0.0827506684081	0.000179908173798
3.3790056502	3.3790056502	0.11006351393	3.44624279692	3.44624279692	0.0770308657938	0.000230719439679
3.37541389685	3.37541389685	0.102946192591	3.71603923829	3.71603923829	0.0738886620908	0.000556992679082
3.51730495943	3.51730495943	0.108432583655	3.59219993291	3.59219993291	0.0904919828592	0.000350240823335
3.53618281187	3.53618281187	0.123405954985	3.52027684869	3.52027684869	0.0779313124234	0.000410754992643
3.62358729553	3.62358729553	0.108701205231	3.58399247651	3.58399247651	0.0802335703396	0.000414840047674
3.39643588982	3.39643588982	0.110761984947	4.03331099062	4.03331099062	0.0774793865358	0.000252296975856
3.56592411825	3.56592411825	0.110242602758	3.58399147312	3.58399147312	0.0804913229219	0.000559574389261
3.45152985857	3.45152985857	0.110397333903	3.50593386708	3.50593386708	0.0873874236497	0.000234961573526
3.34449367602	3.34449367602	0.110507770803	3.21586729932	3.21586729932	0.0834873127609	0.000300660434012
3.43304679915	3.43304679915	0.105187306106	3.46926043856	3.46926043856	0.0793088824248	0.000131204021313
3.59735197533	3.59735197533	0.108735699537	3.53521323532	3.53521323532	0.0829595740107	0.000320136814627
3.40090808177	3.40090808177	0.10902402768	3.51915285963	3.51915285963	0.0770648633452	0.00042579156397
3.61515634263	3.61515634263	0.109139653328	3.50126645996	3.50126645996	0.0761644025253	9.16537851648e-05
3.61390036549	3.61390036549	0.118143178269	3.48439578847	3.48439578847	0.0834723218359	0.000232322935914
3.40746513985	3.40746513985	0.109837613858	3.63888655082	3.63888655082	0.0790204347055	0.000640408666247
3.65526427783	3.65526427783	0.109487671766	3.6649774658	3.6649774658	0.0750052891121	0.000212037470156
3.66270696645	3.66270696645	0.108076097472	3.64872195159	3.64872195159	0.0790634817211	0.000296307904754
3.64911614766	3.64911614766	0.111033867982	3.66002989352	3.66002989352	0.076062736347	0.000137919330371
3.67648291582	3.67648291582	0.1074940073	3.67248035495	3.67248035495	0.0796159488715	0.000481706294639
3.64111357372	3.64111357372	0.116608452331	3.59170972548	3.59170972548	0.0789817546051	0.0003166926379
3.32268153535	3.32268153535	0.108992289654	3.55481941951	3.55481941951	0.0811307053475	0.000264913369499
3.68194093375	3.68194093375	0.112384046306	3.67167315985	3.67167315985	0.0764481711844	0.00023527744654
3.64136571459	3.64136571459	0.107297545466	3.76721263842	3.76721263842	0.0851344737255	0.000182188925469
3.4924926791	3.4924926791	0.105018803958	3.69999320106	3.69999320106	0.0679641593808	0.000144171054276
3.53954075084	3.53954075084	0.104381853271	3.7949422382	3.7949422382	0.0720909003919	0.000855000702644
3.67693116195	3.67693116195	0.109892750998	3.54724262085	3.54724262085	0.0710358574339	9.45382896768e-05
3.71875525101	3.71875525101	0.111550837244	3.4953582107	3.4953582107	0.0796822533811	0.000692331844584
3.56974229915	3.56974229915	0.109442069509	3.67796005062	3.67796005062	0.0772685905683	0.000263046060846
3.25575389058	3.25575389058	0.110736311773	3.79705828543	3.79705828543	0.0865948729826	0.000961019002547
3.62132698087	3.62132698087	0.110696680443	3.62116933281	3.62116933281	0.0790555187732	0.000332197894107
3.58355441253	3.58355441253	0.109054496253	3.75355275667	3.75355275667	0.0806415446379	0.00018643007093
3.80021707062	3.80021707062	0.102596339952	3.73058662619	3.73058662619	0.0796943369008	0.000308948366688
3.50074129894	3.50074129894	0.11416577268	3.35028338785	3.35028338785	0.0746691711444	0.000262949564081
3.52701645076	3.52701645076	0.102835188867	3.58620332604	3.58620332604	0.0981219285168	0.000147225659516
3.31003913321	3.31003913321	0.10885879441	3.25826749713	3.25826749713	0.0771204155287	0.000718913067287
3.35373093407	3.35373093407	0.110305790832	3.32265861722	3.32265861722	0.0883387328545	0.000794643709919
3.60151349988	3.60151349988	0.10591403866	3.55277533604	3.55277533604	0.0715301142982	0.000291172340333
3.57188420597	3.57188420597	0.110053744925	3.59470409219	3.59470409219	0.0673096709015	0.000248036950083
3.57115020383	3.57115020383	0.103752659212	3.56618508388	3.56618508388	0.0772952349171	0.00027913161031
3.56235192822	3.56235192822	0.111678060254	3.56610622759	3.56610622759	0.082897968059	6.70114502844e-05
3.58284383305	3.58284383305	0.112803083194	3.50084007649	3.50084007649	0.0763751645097	0.000599949629907
3.54386526096	3.54386526096	0.109986716307	3.57252972602	3.57252972602	0.077940255348	0.000278703902979
3.59563130382	3.59563130382	0.112102254983	3.68897770131	3.68897770131	0.0838844534367	0.000256544272802
3.59838184857	3.59838184857	0.107916120159	3.64584019313	3.64584019313	0.0756989096761	0.00056862194766
3.25160690494	3.25160690494	0.108602717201	3.40358081368	3.40358081368	0.0800910989724	0.00030871821869
3.837670733	3.837670733	0.106800257875	3.69108925168	3.69108925168	0.081813992922	0.000214338371508
3.59621183429	3.59621183429	0.110750095392	3.62905796771	3.62905796771	0.0846996600661	3.21896277419e-05
3.67332723236	3.67332723236	0.108049602731	3.39910942069	3.39910942069	0.0823864498605	0.000307935552143
3.37239881954	3.37239881954	0.113535996411	3.70083488436	3.70083488436	0.0882503147757	0.00137462998914
3.62321675855	3.62321675855	0.107533940163	3.69873616398	3.69873616398	0.0849875268563	0.000345295134041
3.45539576589	3.45539576589	0.110981333857	3.62789465328	3.62789465328	0.083720968235	0.000412945926577
3.45366188854	3.45366188854	0.112762943945	3.6061192991	3.6061192991	0.086508543863	0.000305268409764
3.62765062616	3.62765062616	0.108397854574	3.72632039312	3.72632039312	0.0808004127649	0.000372723184159
3.63323449312	3.63323449312	0.108363872019	3.66340644974	3.66340644974	0.0777410464258	0.000558285330626
4.00199464299	4.00199464299	0.110353764293	4.068191212	4.068191212	0.0776924283776	8.34783420852e-05
3.70331173546	3.70331173546	0.107672269974	3.77016247368	3.77016247368	0.0754014350383	0.000344468173536
3.57238330474	3.57238330474	0.109981170861	3.81237476338	3.81237476338	0.078657350194	0.000253187683345
3.50320041459	3.50320041459	0.111985326944	3.61779637963	3.61779637963	0.0830499522903	0.000372643801981
3.50177096297	3.50177096297	0.0936664107346	3.51696644883	3.51696644883	0.0924665801614	0.00037307064513
3.49196361123	3.49196361123	0.109468147488	3.48435609803	3.48435609803	0.0737904443798	0.00115587273458
3.49114871595	3.49114871595	0.105104398647	3.4851465467	3.4851465467	0.0774038104828	0.000311381881305
3.54104488845	3.54104488845	0.106646684225	3.50114059864	3.50114059864	0.0656560331548	0.000528635655267
3.28332302703	3.28332302703	0.114876763793	3.3743887372	3.3743887372	0.0820907365929	0.000647516342869
3.50266895249	3.50266895249	0.109928936724	3.4491134664	3.4491134664	0.0810365351572	0.000339688155449
3.44191646682	3.44191646682	0.111049250471	3.65770085207	3.65770085207	0.0866793593283	0.000123418753224
3.45427724248	3.45427724248	0.109295844244	3.5618337914	3.5618337914	0.0630019336133	0.000308904529795
3.41433376617	3.41433376617	0.106960869394	3.27513736454	3.27513736454	0.0783520216512	0.000730182677959
3.35036332517	3.35036332517	0.114770542957	3.53519734175	3.53519734175	0.0803717350832	0.000337743166051
3.49306473246	3.49306473246	0.109037441496	3.75629940666	3.75629940666	0.0816083978228	0.000348467071789
3.51591449645	3.51591449645	0.111037277674	3.40421748432	3.40421748432	0.0811935058249	0.000291973321361
3.46650342898	3.46650342898	0.0907881249499	3.7870795029	3.7870795029	0.0862031660443	0.000617283340931
3.49978500684	3.49978500684	0.109088784359	3.40792438879	3.40792438879	0.0774414431812	0.000423568579167
3.26255692433	3.26255692433	0.111770217955	3.62332659319	3.62332659319	0.0831235727651	7.22040963255e-05
3.63513049934	3.63513049934	0.114976755255	3.26707576975	3.26707576975	0.077725884197	0.000108559249794
3.47351172573	3.47351172573	0.107260808056	3.40385317239	3.40385317239	0.0754612393271	0.00022002690022
3.47128572645	3.47128572645	0.124260170003	3.65864211075	3.65864211075	0.0834406674625	0.000293385340402
3.69032485737	3.69032485737	0.112713349018	3.68136618416	3.68136618416	0.0789215543491	0.000370586664699
3.34207052111	3.34207052111	0.105302040907	3.70512933396	3.70512933396	0.0816107083842	0.000252330988954
3.53118056513	3.53118056513	0.108857516103	3.53321254552	3.53321254552	0.0730011476928	0.0024945388204
3.43910848722	3.43910848722	0.114111423674	3.47037627216	3.47037627216	0.0921143074287	0.0020191772519
3.7005062089	3.7005062089	0.108525579761	3.43736682804	3.43736682804	0.0780890319611	0.000379017330614
3.26342105344	3.26342105344	0.108478733105	3.47946197676	3.47946197676	0.0703742993467	0.000344319984686
3.46760202224	3.46760202224	0.11074157356	3.84663681785	3.84663681785	0.0853501759201	0.000346842249028
3.37265173749	3.37265173749	0.11424135693	3.65174375922	3.65174375922	0.0897387460818	0.000263091901417
3.64792930927	3.64792930927	0.111842362037	3.49440013891	3.49440013891	0.0729742619174	0.000134314383651
3.62629077116	3.62629077116	0.109180171518	3.65633398654	3.65633398654	0.0780083185361	0.000304495998212
3.62737319534	3.62737319534	0.109568813763	3.42446002494	3.42446002494	0.0992194203733	0.000380596485532
3.53929500454	3.53929500454	0.105768422167	3.59633994055	3.59633994055	0.0827220300404	0.000478092859822
3.50634588048	3.50634588048	0.104085950544	3.64521986485	3.64521986485	0.0780023721229	0.000273508616188
3.48934343325	3.48934343325	0.110073189103	3.49691382687	3.49691382687	0.0809718776504	0.000324061479747
3.26125985881	3.26125985881	0.109905704336	3.32961545152	3.32961545152	0.0801141323292	3.32254569707e-05
3.58370290961	3.58370290961	0.102420809274	3.56431741413	3.56431741413	0.0805801498379	0.00058542529807
3.30071702409	3.30071702409	0.107811869618	3.86623531946	3.86623531946	0.0753600057287	0.000383668227874
3.61028497605	3.61028497605	0.109974890295	3.7444059982	3.7444059982	0.086418927532	0.00016592878689
3.44606906156	3.44606906156	0.108900025591	3.49193501043	3.49193501043	0.0774815055023	0.000496919274875
3.59953797774	3.59953797774	0.109634227362	3.56127830555	3.56127830555	0.079393154911	0.000509614138146
3.55641506526	3.55641506526	0.106628989806	3.19053490547	3.19053490547	0.0782876537209	0.000410082146679
3.53400760799	3.53400760799	0.112978766424	3.84074338638	3.84074338638	0.0805214008255	0.000960660189261
3.71614050626	3.71614050626	0.102767081941	3.97383982883	3.97383982883	0.0813332969233	0.000257629300955
3.55806110666	3.55806110666	0.110197791701	3.63797801522	3.63797801522	0.0772767817269	0.000217994318546
3.45461226843	3.45461226843	0.105996842293	3.49192379242	3.49192379242	0.0805771329313	0.000487766700568
3.42066611375	3.42066611375	0.110270085717	3.53130608219	3.53130608219	0.0785428140071	0.00122642055375
3.55879533267	3.55879533267	0.110013499274	3.51788229316	3.51788229316	0.0751083166092	0.000883824915042
3.43822005788	3.43822005788	0.10299778031	3.61236242972	3.61236242972	0.082864863266	0.000441972884834
3.71153651264	3.71153651264	0.107248632391	3.49911838421	3.49911838421	0.0846664628074	0.000193320989019
3.7775314117	3.7775314117	0.106811809325	3.77561224524	3.77561224524	0.0798076098763	0.000309402431231
3.75077477389	3.75077477389	0.0999834775946	3.75189477449	3.75189477449	0.0685115728744	0.000889658357325
3.33802091057	3.33802091057	0.111142668346	3.25520673682	3.25520673682	0.082571794992	0.000323106293654
3.67680315386	3.67680315386	0.109229048144	3.5945227086	3.5945227086	0.0842816338682	0.00038335127323
3.72179662333	3.72179662333	0.107661848983	3.70770110318	3.70770110318	0.121077124757	0.000147460812309
3.79717854193	3.79717854193	0.109461191109	3.57636830639	3.57636830639	0.0792850019225	0.000310410695608
3.71525369169	3.71525369169	0.107709744914	3.89966461753	3.89966461753	0.0820309978078	0.000244979503135
3.52026206976	3.52026206976	0.102871853927	3.78440347881	3.78440347881	0.0831445684523	0.000207539158501
3.71021850923	3.71021850923	0.111294813566	3.56468413269	3.56468413269	0.0915778609871	0.000272167918485
3.58384979659	3.58384979659	0.111520432054	3.81187221898	3.81187221898	0.0796617472415	0.000576628082993
3.3234219435	3.3234219435	0.104622199441	3.79976409377	3.79976409377	0.0757703890732	0.000378671287237
3.24088123828	3.24088123828	0.11082336435	3.49940318628	3.49940318628	0.078229262941	0.0011538176383
3.31482207465	3.31482207465	0.104766389009	3.62430313369	3.62430313369	0.0783438122925	3.28392607545e-05
3.66418768577	3.66418768577	0.108508116512	3.49722746345	3.49722746345	0.0873143898607	0.000248164865728
3.61175301199	3.61175301199	0.109820368256	3.75939892651	3.75939892651	0.0844982487098	0.000267854757218
3.26880624475	3.26880624475	0.108830003814	3.42640742991	3.42640742991	0.0843915373242	0.000383820833727
3.41446372351	3.41446372351	0.110445927567	3.34259263988	3.34259263988	0.0808896887727	0.000445548719132
3.12977040175	3.12977040175	0.111155408766	3.33250426987	3.33250426987	0.0817149180658	0.000539757029986
3.37600109766	3.37600109766	0.109355951995	3.83119876667	3.83119876667	0.0792794793152	0.000735498812951
3.61595274951	3.61595274951	0.113993063338	3.35648364966	3.35648364966	0.080138560095	0.000419229684151
3.65024684466	3.65024684466	0.109483934523	3.31308439429	3.31308439429	0.0763373749831	0.000362607404572
3.94598196971	3.94598196971	0.109247305058	3.00146677112	3.00146677112	0.0859015630676	0.000222328822801
3.45512670892	3.45512670892	0.107490072125	3.42604381895	3.42604381895	0.0744858186104	0.00051921420862
3.4401862166	3.4401862166	0.126994445896	3.60074222462	3.60074222462	0.0819129357206	0.000206426755247
3.44744400545	3.44744400545	0.109601940389	3.74997589715	3.74997589715	0.0875652543085	0.00123814723866
3.50903235455	3.50903235455	0.10809573155	3.93527115922	3.93527115922	0.0785944017623	0.000192067170157
3.55859169929	3.55859169929	0.111018770532	3.7196605839	3.7196605839	0.0826016903626	0.000327451380386
3.34846277426	3.34846277426	0.10795730186	3.48689542941	3.48689542941	0.0913344355306	0.000568493742596
3.61381328639	3.61381328639	0.118355539893	3.68845777577	3.68845777577	0.0749930712491	0.000415359534936
3.67528883027	3.67528883027	0.11076651898	3.81373512355	3.81373512355	0.0809486874554	0.000343087242201
3.45828083068	3.45828083068	0.110515673151	3.55736882412	3.55736882412	0.0788760056317	0.000599520703336
3.72837923997	3.72837923997	0.106713600285	3.72601926048	3.72601926048	0.084802674887	0.000246825773969
3.44420285373	3.44420285373	0.112091283478	3.17459064379	3.17459064379	0.0819126835215	0.000557266403126
3.67509572081	3.67509572081	0.109848439094	3.25196331879	3.25196331879	0.0813948148969	0.000275012972473
3.55841941631	3.55841941631	0.108167202335	3.55886026903	3.55886026903	0.076509088203	0.000352121864374
3.59246359991	3.59246359991	0.107903244957	3.64448167806	3.64448167806	0.0791764993621	0.000369580514536
3.51438983549	3.51438983549	0.111743202311	3.53058245832	3.53058245832	0.0903926262551	0.000659131652884
3.61834259124	3.61834259124	0.113723069867	3.70364165901	3.70364165901	0.0765834673353	0.000472529723104
3.80151599658	3.80151599658	0.108802271192	3.64076038595	3.64076038595	0.0860854186694	0.000223951511333
3.53502373636	3.53502373636	0.101380282966	4.00461418233	4.00461418233	0.0748508828589	0.000165607783416
3.48062751707	3.48062751707	0.112068932407	3.53755688305	3.53755688305	0.0773578643703	0.000305412140758
3.54098307239	3.54098307239	0.110345999586	3.40567310269	3.40567310269	0.0705316279015	8.07454560885e-05
3.36046919004	3.36046919004	0.103934820632	3.40015856486	3.40015856486	0.0783457494653	0.00066837690615
3.52161966052	3.52161966052	0.108809136919	3.52976105411	3.52976105411	0.083153505157	0.000389743306837
3.48481107965	3.48481107965	0.109363624803	3.46436063794	3.46436063794	0.0794506975681	0.00026052793963
3.51265544687	3.51265544687	0.098071794023	3.53452263592	3.53452263592	0.0760458102276	2.51188495316e-05
3.55637825675	3.55637825675	0.109942291038	3.51208697542	3.51208697542	0.0810526478307	0.000389097724587
3.47675427066	3.47675427066	0.113636451883	3.4666258042	3.4666258042	0.0692385753274	0.000977432526785
3.46447351744	3.46447351744	0.115714786993	3.35361155244	3.35361155244	0.0835880901749	0.000353429529135
3.34598568167	3.34598568167	0.106940715384	3.4666003941	3.4666003941	0.0684614773198	0.000261309973091
3.35242039655	3.35242039655	0.10214124552	3.59369777489	3.59369777489	0.0716665215387	0.000418683390367
3.43908549945	3.43908549945	0.109981486342	3.43395116133	3.43395116133	0.0800632957532	0.000436607197963
3.46977198005	3.46977198005	0.116751297518	3.43692707943	3.43692707943	0.0867728928774	0.00042441454135
3.73587977759	3.73587977759	0.109440397515	3.89731651646	3.89731651646	0.0798600139206	0.000161328242551
3.61078900384	3.61078900384	0.118257304297	3.78243533079	3.78243533079	0.0767952648507	0.0002413922239
3.844600287	3.844600287	0.107984110351	3.93455206596	3.93455206596	0.0719048398397	0.0001132560665
3.62588994828	3.62588994828	0.110807108819	3.35768801873	3.35768801873	0.0797451623724	0.000404294691562
3.82432795449	3.82432795449	0.111174385656	3.8402583325	3.8402583325	0.0727412159507	0.00056978205989
3.483990733	3.483990733	0.105823333834	3.47752319843	3.47752319843	0.0738922199603	0.000213891837752
3.30106444206	3.30106444206	0.109535100616	3.60396641568	3.60396641568	0.0789392480176	0.000654061045345
3.58564583318	3.58564583318	0.074383062021	3.73325058172	3.73325058172	0.0710827406219	0.000732613412435
3.80085965112	3.80085965112	0.108871774605	3.74673545192	3.74673545192	0.0776614804645	6.34803730379e-05
3.81704784411	3.81704784411	0.110202149197	3.86439748376	3.86439748376	0.0788101842794	4.78199580098e-05
3.39206459672	3.39206459672	0.109201094845	3.57598184072	3.57598184072	0.0803452320934	0.000248458460847
3.48989191237	3.48989191237	0.106621898101	3.42972497174	3.42972497174	0.0995955820887	0.000207903259753
3.59760773669	3.59760773669	0.108397990343	3.63745168138	3.63745168138	0.0814865930633	0.000770902862742
3.66111335318	3.66111335318	0.107376553476	3.65376789817	3.65376789817	0.0805496172635	0.000481868972468
3.59313032122	3.59313032122	0.105603459172	3.50120082059	3.50120082059	0.0773607588511	0.000240402013351
3.55370233006	3.55370233006	0.111813044204	3.41916931714	3.41916931714	0.0801682781067	3.73622667355e-05
3.55479759626	3.55479759626	0.109452059797	3.70973209993	3.70973209993	0.0794434267632	0.000347171120437
3.33954181036	3.33954181036	0.111455585631	3.44859725214	3.44859725214	0.0818488044021	0.000149398609583
3.65105658043	3.65105658043	0.107367031507	3.77484492996	3.77484492996	0.0644897951673	0.000785558465161
3.40850933603	3.40850933603	0.117429304453	3.71743991769	3.71743991769	0.0832446396479	0.000127461881931
3.61791294563	3.61791294563	0.106223945146	3.62378602356	3.62378602356	0.0795041159292	0.000195672540845
3.5955061228	3.5955061228	0.106879928357	3.64508131639	3.64508131639	0.0749948722066	0.00032286190036
3.37441858654	3.37441858654	0.106914329631	3.4970015958	3.4970015958	0.0782316814991	0.00114930142901
3.42555208565	3.42555208565	0.108434264661	3.76708423468	3.76708423468	0.0780979003509	0.000467770971758
3.56948518659	3.56948518659	0.108178093387	3.32158404347	3.32158404347	0.0836585501621	0.000130667027064
3.5517470349	3.5517470349	0.108755756048	3.39852197723	3.39852197723	0.0808718807445	0.000592016877695
3.77956504684	3.77956504684	0.109078140192	3.66219074264	3.66219074264	0.0749144346082	0.000305543131599
3.46376337947	3.46376337947	0.113173620387	3.61604117247	3.61604117247	0.073618236968	0.000298406694439
3.52008002339	3.52008002339	0.109651438279	3.69776120785	3.69776120785	0.0800276124264	0.000851513472447
3.81019236463	3.81019236463	0.0916284708833	3.76022964281	3.76022964281	0.0826698856107	0.000182940582914
3.78136461844	3.78136461844	0.103721566111	3.75826162264	3.75826162264	0.068464265074	7.53149270081e-05
3.70064992232	3.70064992232	0.108681811185	3.7083339219	3.7083339219	0.0769120790339	3.64590780819e-05
3.47823071823	3.47823071823	0.108589973293	3.5757373346	3.5757373346	0.0748068043979	0.000549723857108
3.61687962144	3.61687962144	0.10865075869	3.60501020561	3.60501020561	0.0685264483796	0.000962786768163
3.19518028435	3.19518028435	0.1100244928	3.58000500745	3.58000500745	0.0846688481554	8.64260610476e-05
3.3716629797	3.3716629797	0.106059022521	3.12767761637	3.12767761637	0.101023130449	0.000193637262278
3.51860219716	3.51860219716	0.111049525719	3.7094148154	3.7094148154	0.111478125514	0.000110978241995
3.82113250826	3.82113250826	0.112696897443	3.90791125334	3.90791125334	0.0807861259903	0.000200125671407
3.51620835116	3.51620835116	0.0917286539578	3.64612250943	3.64612250943	0.0781006897968	0.000394173182416
3.72011051633	3.72011051633	0.106724066236	3.95677377836	3.95677377836	0.0855502447855	6.30959625253e-05
3.60841204313	3.60841204313	0.110079068447	4.01383760192	4.01383760192	0.0843104998699	5.58079319953e-05
3.61371765461	3.61371765461	0.114167009097	3.53242984477	3.53242984477	0.0838701566481	0.00047938314708
3.57672698726	3.57672698726	0.103011481828	3.35500938897	3.35500938897	0.0782801524412	0.000377220064921
3.4012101573	3.4012101573	0.113832031089	3.43484245665	3.43484245665	0.076088900366	0.00018154632071
3.37199752815	3.37199752815	0.112089742663	3.27957682881	3.27957682881	0.0769519125291	0.000153477169735
3.52112457317	3.52112457317	0.111861674272	3.87055893374	3.87055893374	0.0809500433891	0.000471376277383
3.42057835664	3.42057835664	0.111170167148	3.4524554527	3.4524554527	0.0874243901347	0.000985456238468
3.40453378834	3.40453378834	0.110386707775	3.55963035271	3.55963035271	0.0821453454761	0.000289536065131
3.65582638095	3.65582638095	0.100549176555	3.62925691673	3.62925691673	0.0752692205961	0.000309012208833
3.5515471417	3.5515471417	0.107329841796	3.54727049127	3.54727049127	0.0675138021938	0.000428764933327
3.54726872888	3.54726872888	0.104599299286	3.54776504497	3.54776504497	0.0667797706151	0.000894182044294
3.54410597051	3.54410597051	0.109528841462	3.54781424569	3.54781424569	0.0869882368094	0.000368260179166
3.57423919746	3.57423919746	0.101549148896	3.53475261941	3.53475261941	0.0803603693619	0.000202913362388
3.60163001504	3.60163001504	0.110003712728	3.59745987796	3.59745987796	0.0780939716119	0.00019713450765
3.69617354294	3.69617354294	0.08649125695	3.36502622162	3.36502622162	0.069909890203	0.000322416325594
3.43827873814	3.43827873814	0.109849183595	3.42326442786	3.42326442786	0.0943224702021	0.000751008935516
3.60804977949	3.60804977949	0.108808571363	3.56689954539	3.56689954539	0.0781119331422	0.00040758563937
3.70380456441	3.70380456441	0.109125208733	3.72124236502	3.72124236502	0.065951161223	0.000337225342204
3.52175981532	3.52175981532	0.104596628503	3.74132444671	3.74132444671	0.076613410996	0.000233835274457
3.5470812338	3.5470812338	0.114719191834	3.52728032343	3.52728032343	0.0821020674656	0.000309039246219
3.43067324244	3.43067324244	0.117406767474	3.36971245253	3.36971245253	0.0863992274366	0.000272343248257
3.48295237231	3.48295237231	0.110923161018	3.53052059034	3.53052059034	0.0761540037508	0.000479631159141
3.37588874397	3.37588874397	0.109227254252	3.54814326839	3.54814326839	0.0790913057563	5.93154704863e-05
3.7250318479	3.7250318479	0.106484125887	3.78217463568	3.78217463568	0.0748727721885	0.000115551493086
3.35036221399	3.35036221399	0.109850263096	3.40961756371	3.40961756371	0.0828570060218	0.000247238972317
3.53063939107	3.53063939107	0.109485992349	3.55538615158	3.55538615158	0.0761064864883	0.000361879953088
3.33463995416	3.33463995416	0.103163923439	4.05982409781	4.05982409781	0.0838049691758	0.00051047353001
3.45694554477	3.45694554477	0.108484425709	3.78049112124	3.78049112124	0.0736153532282	0.000202293648009
3.34803806815	3.34803806815	0.110444863616	3.94805693971	3.94805693971	0.0874827339828	0.000505267308018
3.42117847945	3.42117847945	0.108182444364	3.5567750595	3.5567750595	0.0907247846619	0.00010198141418
3.45398358859	3.45398358859	0.112008470838	3.57430286298	3.57430286298	0.0777711149478	6.88711652087e-05
3.72954560036	3.72954560036	0.108357274901	3.82562449779	3.82562449779	0.0596426933763	0.000246035257401
3.46239272128	3.46239272128	0.110895928663	3.49391876844	3.49391876844	0.0743442884925	0.000376066006761
3.59758061262	3.59758061262	0.10868014773	3.5706727116	3.5706727116	0.0796615608358	0.000302293629509
3.65793271218	3.65793271218	0.114158843682	3.69392410241	3.69392410241	0.0804728729227	0.00025755379624
3.48666535698	3.48666535698	0.107373797313	3.70005888315	3.70005888315	0.0726504469979	0.000313309768506
3.81781611278	3.81781611278	0.107674548446	3.83656032508	3.83656032508	0.0725850828718	0.000278128655861
3.67758324243	3.67758324243	0.110261709839	3.78402427115	3.78402427115	0.0715162258789	0.000409165167634
3.51795872782	3.51795872782	0.108788616789	3.55372123887	3.55372123887	0.0772765860428	0.000282048942586
3.48716571523	3.48716571523	0.104246611626	3.60715063302	3.60715063302	0.0851716095411	0.000225391313919
3.4638522298	3.4638522298	0.107395983353	3.56416114053	3.56416114053	0.0835683623756	0.000386686191386
3.64719368242	3.64719368242	0.11729654416	3.70793637521	3.70793637521	0.081986934764	0.000255288247923
3.68994593919	3.68994593919	0.109047965419	3.64515274169	3.64515274169	0.0838550574956	0.000279952560679
3.71950377559	3.71950377559	0.114676496764	3.69827803682	3.69827803682	0.0792023249567	0.000281583165638
3.67452925693	3.67452925693	0.109254917299	3.59604734676	3.59604734676	0.0883476061037	0.000174689103189
3.3877114325	3.3877114325	0.115047444804	3.48146999462	3.48146999462	0.0703137990859	0.000387334406054
3.36653916555	3.36653916555	0.110148305504	3.87080880442	3.87080880442	0.0808833826345	0.000464462502711
3.45413148523	3.45413148523	0.110877160649	3.56650655462	3.56650655462	0.0805611012523	0.000238774302238
3.48642059775	3.48642059775	0.110808537772	3.70506849801	3.70506849801	0.0887220261451	0.000119578576516
3.24031922645	3.24031922645	0.111665281606	3.14625926358	3.14625926358	0.083557387614	0.000531898039524
3.13436486752	3.13436486752	0.110706700469	3.09881366962	3.09881366962	0.0810282671183	0.00185015233915
3.26834068588	3.26834068588	0.10782914275	3.09428452589	3.09428452589	0.0808478242051	0.000197580624062
3.4087583795	3.4087583795	0.109501367426	3.35412472983	3.35412472983	0.0863030457517	0.000254337375004
3.61706905589	3.61706905589	0.10629758463	3.61880507109	3.61880507109	0.0796258783615	0.000376322462971
3.55990070225	3.55990070225	0.11010141864	3.55076415018	3.55076415018	0.0752379405013	0.000314116482822
3.35338616867	3.35338616867	0.108289730562	3.56707208132	3.56707208132	0.0803419162351	0.000540371406691
3.48331363484	3.48331363484	0.123847803498	3.56986449827	3.56986449827	0.0767647630104	0.000121992712573
