x0_HIS3_C06	r_HIS3_C06	K_HIS3_C06	x0_RAD52_C06	r_RAD52_C06	K_RAD52_C06	x0_C06
3.3365365558	3.3365365558	0.111086781943	2.61182186923	2.61182186923	0.0879773828136	0.00126111255817
3.3365365558	3.3365365558	0.111086781943	2.61182186923	2.61182186923	0.0879773828136	0.00126111255817
3.3365365558	3.3365365558	0.111086781943	2.61182186923	2.61182186923	0.0879773828136	0.00126111255817
3.3365365558	3.3365365558	0.111086781943	2.61182186923	2.61182186923	0.0879773828136	0.00126111255817
3.3365365558	3.3365365558	0.111086781943	2.61182186923	2.61182186923	0.082457781645	0.00126111255817
3.3365365558	3.3365365558	0.111086781943	2.61182186923	2.61182186923	0.082457781645	0.00126111255817
3.3365365558	3.3365365558	0.121150695268	2.61182186923	2.61182186923	0.082457781645	0.00238214841957
3.3365365558	3.3365365558	0.121150695268	1.95036857487	1.95036857487	0.082457781645	0.00238214841957
3.3365365558	3.3365365558	0.108685480241	2.52889732799	2.52889732799	0.082457781645	0.00238214841957
3.3365365558	3.3365365558	0.108685480241	2.52889732799	2.52889732799	0.082457781645	0.00238214841957
3.3365365558	3.3365365558	0.108685480241	2.52889732799	2.52889732799	0.082457781645	0.00238214841957
3.3365365558	3.3365365558	0.108685480241	2.52889732799	2.52889732799	0.082457781645	0.00238214841957
3.3365365558	3.3365365558	0.108685480241	2.52889732799	2.52889732799	0.082457781645	0.00238214841957
3.3365365558	3.3365365558	0.0890252704405	2.25211306965	2.25211306965	0.082457781645	0.00238214841957
3.3365365558	3.3365365558	0.0890252704405	2.25211306965	2.25211306965	0.082457781645	0.00238214841957
3.3365365558	3.3365365558	0.121716147212	2.79070028732	2.79070028732	0.082457781645	0.00238214841957
3.3365365558	3.3365365558	0.121716147212	2.4565005926	2.4565005926	0.082457781645	0.00238214841957
3.3365365558	3.3365365558	0.107629869624	2.13547386972	2.13547386972	0.082457781645	0.00238214841957
3.3365365558	3.3365365558	0.131662792976	2.13547386972	2.13547386972	0.082457781645	0.00238214841957
3.3365365558	3.3365365558	0.131662792976	2.13547386972	2.13547386972	0.082457781645	0.00238214841957
3.3365365558	3.3365365558	0.131662792976	2.8067031413	2.8067031413	0.082457781645	0.0024685155375
3.3365365558	3.3365365558	0.116289979947	2.71133500156	2.71133500156	0.082457781645	0.0024685155375
3.3365365558	3.3365365558	0.119042483204	2.71133500156	2.71133500156	0.082457781645	0.0024685155375
3.3365365558	3.3365365558	0.119042483204	2.71133500156	2.71133500156	0.0973386906701	0.0024685155375
3.3365365558	3.3365365558	0.119042483204	2.71133500156	2.71133500156	0.0973386906701	0.0024685155375
3.3365365558	3.3365365558	0.119042483204	2.71133500156	2.71133500156	0.0973386906701	0.0024685155375
3.3365365558	3.3365365558	0.119042483204	2.71133500156	2.71133500156	0.0973386906701	0.0024685155375
3.3365365558	3.3365365558	0.119042483204	2.71133500156	2.71133500156	0.0885331385968	0.00156039443643
3.48732395542	3.48732395542	0.119042483204	2.71133500156	2.71133500156	0.0885331385968	0.00156039443643
3.19830639721	3.19830639721	0.119042483204	2.50672442637	2.50672442637	0.0982932914882	0.00134831952666
3.19830639721	3.19830639721	0.119042483204	2.50672442637	2.50672442637	0.0982932914882	0.00134831952666
3.19830639721	3.19830639721	0.112062286485	2.50672442637	2.50672442637	0.0870500764	0.00134831952666
3.19830639721	3.19830639721	0.112062286485	2.58606966392	2.58606966392	0.0637897579709	0.00134831952666
3.19830639721	3.19830639721	0.112062286485	2.58606966392	2.58606966392	0.0829424403906	0.00134831952666
3.19830639721	3.19830639721	0.112062286485	2.58606966392	2.58606966392	0.0829424403906	0.00134831952666
3.26977019671	3.26977019671	0.112062286485	2.58606966392	2.58606966392	0.0829424403906	0.00134831952666
3.26977019671	3.26977019671	0.112062286485	2.76640147764	2.76640147764	0.0829424403906	0.00134831952666
3.26977019671	3.26977019671	0.112062286485	2.76640147764	2.76640147764	0.0829424403906	0.00123927509189
3.26977019671	3.26977019671	0.112062286485	2.76640147764	2.76640147764	0.0939557072264	0.00123927509189
3.26977019671	3.26977019671	0.112062286485	2.76640147764	2.76640147764	0.0939557072264	0.00123927509189
3.26977019671	3.26977019671	0.105952905207	2.76640147764	2.76640147764	0.0939557072264	0.00123927509189
3.26977019671	3.26977019671	0.121746707092	2.76640147764	2.76640147764	0.0939557072264	0.00123927509189
3.26977019671	3.26977019671	0.116020376209	2.77720507996	2.77720507996	0.0839380128879	0.00123927509189
3.26977019671	3.26977019671	0.116020376209	2.77720507996	2.77720507996	0.0839380128879	0.00123927509189
3.26977019671	3.26977019671	0.115539103382	2.77720507996	2.77720507996	0.0839380128879	0.00123927509189
3.23038041714	3.23038041714	0.115539103382	2.77720507996	2.77720507996	0.0839380128879	0.00123927509189
3.23038041714	3.23038041714	0.119505676296	2.77720507996	2.77720507996	0.0839380128879	0.00123927509189
3.23038041714	3.23038041714	0.119047594771	2.77720507996	2.77720507996	0.0839380128879	0.00123927509189
3.23038041714	3.23038041714	0.119047594771	2.07186271013	2.07186271013	0.0839380128879	0.000122473248771
3.23038041714	3.23038041714	0.119047594771	2.81862376904	2.81862376904	0.0839380128879	0.000122473248771
3.23038041714	3.23038041714	0.119047594771	2.81862376904	2.81862376904	0.0839380128879	0.00137856031421
3.23038041714	3.23038041714	0.108394451497	2.5222508582	2.5222508582	0.0902836728199	0.00137856031421
3.23038041714	3.23038041714	0.108394451497	2.55773634278	2.55773634278	0.0902836728199	0.00137856031421
3.0912490626	3.0912490626	0.115107391921	2.20583694289	2.20583694289	0.0902836728199	0.00137856031421
3.0912490626	3.0912490626	0.111555371526	2.68397427184	2.68397427184	0.0902836728199	0.001613558828
3.0912490626	3.0912490626	0.111555371526	2.49026598504	2.49026598504	0.0905120899498	0.001613558828
3.14537986995	3.14537986995	0.111555371526	2.49026598504	2.49026598504	0.0891460867952	0.001613558828
3.78878286358	3.78878286358	0.111555371526	2.49026598504	2.49026598504	0.0891460867952	0.001613558828
3.13783610902	3.13783610902	0.111555371526	2.45806506649	2.45806506649	0.0885440206576	0.001613558828
3.35495139636	3.35495139636	0.114954962653	2.45806506649	2.45806506649	0.0885440206576	0.001613558828
3.54966128621	3.54966128621	0.107788222655	2.45806506649	2.45806506649	0.0838298684195	0.001613558828
3.22786749686	3.22786749686	0.115695848359	2.45806506649	2.45806506649	0.0838298684195	0.001613558828
3.22786749686	3.22786749686	0.115695848359	2.45806506649	2.45806506649	0.0838298684195	0.001613558828
3.3296403196	3.3296403196	0.115695848359	2.45806506649	2.45806506649	0.0896911704753	0.001613558828
3.3296403196	3.3296403196	0.113264576357	2.45806506649	2.45806506649	0.0896911704753	0.00122777850161
3.3296403196	3.3296403196	0.113264576357	2.45806506649	2.45806506649	0.0896911704753	0.00122777850161
3.3296403196	3.3296403196	0.106904820938	2.45806506649	2.45806506649	0.0876077482961	0.00122777850161
3.39641073882	3.39641073882	0.106904820938	2.45806506649	2.45806506649	0.0780357097203	0.00122777850161
2.83143510939	2.83143510939	0.106904820938	2.45806506649	2.45806506649	0.0780357097203	0.00122777850161
3.14631940763	3.14631940763	0.10855727256	2.45806506649	2.45806506649	0.0780357097203	0.00122777850161
3.14631940763	3.14631940763	0.10855727256	2.45806506649	2.45806506649	0.0784616557853	0.00122777850161
3.62847068055	3.62847068055	0.112647390754	2.45806506649	2.45806506649	0.0869786396224	0.00122777850161
3.62847068055	3.62847068055	0.107677946646	2.45806506649	2.45806506649	0.0898756921866	0.0013745313174
3.62847068055	3.62847068055	0.107677946646	2.45806506649	2.45806506649	0.0830168852283	0.0013745313174
3.53988355945	3.53988355945	0.103506564599	2.45806506649	2.45806506649	0.0830168852283	0.0013745313174
3.53988355945	3.53988355945	0.103506564599	2.45806506649	2.45806506649	0.0765363887492	0.0013745313174
3.53988355945	3.53988355945	0.103506564599	2.45806506649	2.45806506649	0.0765363887492	0.00151409330808
3.14233661947	3.14233661947	0.103506564599	2.45806506649	2.45806506649	0.0798085540654	0.00151409330808
2.86291597276	2.86291597276	0.103506564599	2.45806506649	2.45806506649	0.0798085540654	0.00151409330808
3.3942301912	3.3942301912	0.103506564599	2.45806506649	2.45806506649	0.081484814495	0.00151409330808
3.3942301912	3.3942301912	0.103506564599	2.49502408655	2.49502408655	0.0867243769227	0.00151409330808
3.3942301912	3.3942301912	0.10844839221	2.49502408655	2.49502408655	0.0867243769227	0.00151409330808
3.3942301912	3.3942301912	0.10844839221	2.49502408655	2.49502408655	0.0867243769227	0.00151409330808
3.3942301912	3.3942301912	0.10844839221	2.49502408655	2.49502408655	0.0867243769227	0.00151409330808
3.3942301912	3.3942301912	0.10844839221	2.49502408655	2.49502408655	0.0867243769227	0.00151409330808
3.05348806961	3.05348806961	0.10844839221	2.49502408655	2.49502408655	0.0867243769227	0.00151409330808
3.12893820225	3.12893820225	0.10844839221	2.49502408655	2.49502408655	0.0867243769227	0.00151409330808
3.12893820225	3.12893820225	0.10844839221	2.49502408655	2.49502408655	0.0837979830083	0.00151409330808
3.17902641936	3.17902641936	0.10844839221	2.49502408655	2.49502408655	0.0837979830083	0.00151409330808
3.17902641936	3.17902641936	0.10844839221	2.49502408655	2.49502408655	0.0837979830083	0.00151409330808
3.27530598773	3.27530598773	0.106093831528	2.49502408655	2.49502408655	0.0837979830083	0.00151409330808
3.41961062946	3.41961062946	0.109548788878	2.49502408655	2.49502408655	0.0837979830083	0.00151409330808
3.31808684593	3.31808684593	0.109548788878	2.49502408655	2.49502408655	0.0837979830083	0.00151409330808
3.25401225851	3.25401225851	0.109548788878	2.49502408655	2.49502408655	0.0837979830083	0.00151409330808
3.25401225851	3.25401225851	0.109548788878	2.49502408655	2.49502408655	0.0868435216369	0.00151409330808
3.25401225851	3.25401225851	0.109548788878	2.49502408655	2.49502408655	0.0868435216369	0.00151409330808
3.13037719775	3.13037719775	0.109548788878	2.50873637786	2.50873637786	0.0868435216369	0.00151409330808
3.13037719775	3.13037719775	0.10555339349	2.51356833411	2.51356833411	0.0855258565596	0.00151409330808
3.4220039891	3.4220039891	0.10555339349	2.51356833411	2.51356833411	0.0855258565596	0.00151409330808
3.48786948037	3.48786948037	0.10555339349	2.51356833411	2.51356833411	0.0855258565596	0.00151409330808
3.48786948037	3.48786948037	0.10555339349	2.51356833411	2.51356833411	0.0855258565596	0.000888769102837
3.48786948037	3.48786948037	0.105468395214	2.51356833411	2.51356833411	0.0855258565596	0.000834972489628
3.48786948037	3.48786948037	0.105468395214	2.51356833411	2.51356833411	0.0855258565596	0.00233157779091
3.17201697476	3.17201697476	0.105468395214	2.51356833411	2.51356833411	0.0865660402782	0.00233157779091
3.22645868343	3.22645868343	0.105468395214	2.51356833411	2.51356833411	0.0865415256711	0.00233157779091
3.22645868343	3.22645868343	0.105468395214	2.51356833411	2.51356833411	0.0865415256711	0.00233157779091
3.22645868343	3.22645868343	0.109119098969	2.51356833411	2.51356833411	0.091533650822	0.00233157779091
3.22645868343	3.22645868343	0.109119098969	2.51356833411	2.51356833411	0.084794471471	0.00233157779091
3.22645868343	3.22645868343	0.109119098969	2.51356833411	2.51356833411	0.086024564882	0.00233157779091
3.22645868343	3.22645868343	0.109119098969	2.51356833411	2.51356833411	0.0848277974672	0.00233157779091
3.22645868343	3.22645868343	0.109119098969	2.51356833411	2.51356833411	0.0848277974672	0.00181867101771
3.08324313364	3.08324313364	0.109119098969	2.51356833411	2.51356833411	0.0848277974672	0.00181867101771
3.11089011465	3.11089011465	0.109119098969	2.51356833411	2.51356833411	0.0848277974672	0.000586488931363
3.70513481793	3.70513481793	0.110893755209	2.51356833411	2.51356833411	0.0848277974672	0.000586488931363
3.06721898304	3.06721898304	0.110893755209	2.51356833411	2.51356833411	0.0828215099344	0.000586488931363
3.06721898304	3.06721898304	0.110893755209	2.51356833411	2.51356833411	0.0828215099344	0.00137657350483
3.06721898304	3.06721898304	0.110893755209	2.51356833411	2.51356833411	0.0828215099344	0.00137657350483
3.28484713084	3.28484713084	0.110893755209	2.51356833411	2.51356833411	0.0828215099344	0.00137657350483
3.28484713084	3.28484713084	0.110893755209	2.51356833411	2.51356833411	0.0828215099344	0.00137657350483
3.28484713084	3.28484713084	0.110893755209	2.51356833411	2.51356833411	0.0828215099344	0.00137657350483
3.29598856246	3.29598856246	0.110893755209	2.51356833411	2.51356833411	0.0828215099344	0.00137657350483
3.29598856246	3.29598856246	0.110893755209	2.51356833411	2.51356833411	0.0828215099344	0.00137657350483
3.25357956379	3.25357956379	0.110893755209	2.51356833411	2.51356833411	0.0861186364686	0.000617679081626
3.25357956379	3.25357956379	0.110893755209	2.51356833411	2.51356833411	0.0861186364686	0.000617679081626
3.25357956379	3.25357956379	0.110893755209	2.51356833411	2.51356833411	0.0861186364686	0.000617679081626
3.33928724226	3.33928724226	0.110893755209	2.51356833411	2.51356833411	0.0861186364686	0.000617679081626
3.85125902068	3.85125902068	0.110893755209	2.51356833411	2.51356833411	0.0855042626947	0.000617679081626
3.21953934986	3.21953934986	0.110893755209	2.51356833411	2.51356833411	0.0855042626947	0.000617679081626
3.21953934986	3.21953934986	0.1116739913	2.51356833411	2.51356833411	0.0855042626947	0.000617679081626
3.21953934986	3.21953934986	0.109433419605	2.51356833411	2.51356833411	0.0855042626947	0.000617679081626
3.15883827175	3.15883827175	0.109433419605	2.49168840023	2.49168840023	0.0855042626947	0.000617679081626
3.15883827175	3.15883827175	0.109433419605	2.49168840023	2.49168840023	0.088251651593	0.000617679081626
3.98778468561	3.98778468561	0.109433419605	2.49168840023	2.49168840023	0.088251651593	0.000642897829298
3.89263873306	3.89263873306	0.109433419605	2.49168840023	2.49168840023	0.0876409167394	0.000642897829298
4.17882286206	4.17882286206	0.109433419605	2.49168840023	2.49168840023	0.0876409167394	0.000642897829298
3.25608857958	3.25608857958	0.109433419605	2.49168840023	2.49168840023	0.0876409167394	0.000603057398135
3.25608857958	3.25608857958	0.109433419605	2.49168840023	2.49168840023	0.0876409167394	0.00150498071619
3.25608857958	3.25608857958	0.109433419605	2.49168840023	2.49168840023	0.0807558612005	0.000915633661751
3.25608857958	3.25608857958	0.109433419605	2.49168840023	2.49168840023	0.0808790483244	0.000915633661751
3.4777019651	3.4777019651	0.109433419605	2.49168840023	2.49168840023	0.0808790483244	0.000915633661751
3.43509446561	3.43509446561	0.115106686372	2.49168840023	2.49168840023	0.0885652407609	0.00340616692983
3.43509446561	3.43509446561	0.114788309086	2.49168840023	2.49168840023	0.0842261668769	0.00340616692983
3.20592823729	3.20592823729	0.114788309086	2.49168840023	2.49168840023	0.0842261668769	0.00421951377168
3.05700552614	3.05700552614	0.114788309086	2.49168840023	2.49168840023	0.0842261668769	0.00421951377168
2.96093502494	2.96093502494	0.114788309086	2.49168840023	2.49168840023	0.0842261668769	0.00421951377168
3.45804001106	3.45804001106	0.114788309086	2.49168840023	2.49168840023	0.0842261668769	0.00421951377168
3.27348387819	3.27348387819	0.108337669598	2.49168840023	2.49168840023	0.0842261668769	0.00421951377168
3.2662311151	3.2662311151	0.108337669598	2.53152538414	2.53152538414	0.0842261668769	0.00421951377168
3.32679449473	3.32679449473	0.117324212962	2.53152538414	2.53152538414	0.0842261668769	0.00421951377168
3.32679449473	3.32679449473	0.117324212962	2.53152538414	2.53152538414	0.0842261668769	0.00421951377168
3.20032974662	3.20032974662	0.113151228502	2.35510238439	2.35510238439	0.0861336849963	0.0214166000076
3.20032974662	3.20032974662	0.11388688545	2.55316327099	2.55316327099	0.0825725125979	0.0180644307536
3.23471976601	3.23471976601	0.11388688545	2.34728826752	2.34728826752	0.0825725125979	0.0147936759529
3.19443473172	3.19443473172	0.11388688545	2.34728826752	2.34728826752	0.0798702637849	0.00658956760058
3.17713362817	3.17713362817	0.11388688545	2.47957623346	2.47957623346	0.0798702637849	0.00658956760058
3.28435444844	3.28435444844	0.11388688545	2.39565927548	2.39565927548	0.0809827520193	0.00463974087484
3.34476366037	3.34476366037	0.11388688545	2.39565927548	2.39565927548	0.0809827520193	0.0069301060041
3.32987475226	3.32987475226	0.104206908593	2.44833847469	2.44833847469	0.0915996870667	0.00167951854268
3.32987475226	3.32987475226	0.122383965706	2.44833847469	2.44833847469	0.0915996870667	0.00403909850444
3.32987475226	3.32987475226	0.109151110164	2.44833847469	2.44833847469	0.105161493821	0.000390784787692
3.32987475226	3.32987475226	0.11772694041	2.44833847469	2.44833847469	0.0819170600649	0.000390784787692
3.32987475226	3.32987475226	0.105154597927	2.44833847469	2.44833847469	0.092107712111	0.000390784787692
3.20798060677	3.20798060677	0.115430504455	2.50752183957	2.50752183957	0.0821666692029	0.000390784787692
3.20798060677	3.20798060677	0.112081508581	2.50752183957	2.50752183957	0.0907792259065	0.000337387228391
3.20798060677	3.20798060677	0.112081508581	2.50752183957	2.50752183957	0.0903407512892	0.000337387228391
3.20798060677	3.20798060677	0.112081508581	2.50752183957	2.50752183957	0.0978810532424	0.000337387228391
3.20798060677	3.20798060677	0.112081508581	2.50752183957	2.50752183957	0.0698185581018	0.000471117551152
3.20798060677	3.20798060677	0.112081508581	2.43140201248	2.43140201248	0.0871094303918	0.000471117551152
3.38530095724	3.38530095724	0.113571824706	2.43140201248	2.43140201248	0.0837900771076	0.00033260082675
3.38530095724	3.38530095724	0.109344885683	2.43140201248	2.43140201248	0.0946528416855	0.00033260082675
3.38530095724	3.38530095724	0.111452610274	2.49582377635	2.49582377635	0.085933257353	0.000666654406476
3.0357006803	3.0357006803	0.118119758757	2.49582377635	2.49582377635	0.0998556386054	0.000666654406476
3.0357006803	3.0357006803	0.10481443987	2.46207260867	2.46207260867	0.0926122125221	0.000666654406476
3.10127310595	3.10127310595	0.119334622227	2.46207260867	2.46207260867	0.0926122125221	0.000666654406476
3.10127310595	3.10127310595	0.11805732016	2.46207260867	2.46207260867	0.0907643718486	0.000666654406476
3.10127310595	3.10127310595	0.112256313909	2.46207260867	2.46207260867	0.0985725261766	0.000666654406476
3.10127310595	3.10127310595	0.111738497442	2.45178457136	2.45178457136	0.0863466655518	0.000666654406476
3.07780052397	3.07780052397	0.120943613536	2.45178457136	2.45178457136	0.0863556403137	0.000666654406476
3.07780052397	3.07780052397	0.120943613536	2.45178457136	2.45178457136	0.0951666048419	0.000136007694245
3.02247047645	3.02247047645	0.120769312442	2.45178457136	2.45178457136	0.0638902532215	0.000136007694245
3.13341178723	3.13341178723	0.108818892596	2.45178457136	2.45178457136	0.0778087273214	0.000513313819663
3.13341178723	3.13341178723	0.116618065043	2.45178457136	2.45178457136	0.0713778312825	0.0008429345582
3.2846126287	3.2846126287	0.10854775812	2.45178457136	2.45178457136	0.0778464674168	0.000154912414778
3.09267233975	3.09267233975	0.105849513939	2.39643905126	2.39643905126	0.0911797986785	0.000154912414778
3.09267233975	3.09267233975	0.109660659307	2.63383518093	2.63383518093	0.0771690542993	0.00104954479965
3.15217692139	3.15217692139	0.109660659307	2.63383518093	2.63383518093	0.090564070529	0.00104954479965
3.15217692139	3.15217692139	0.10843196698	2.67265701311	2.67265701311	0.0841128621605	0.00104954479965
3.5063462097	3.5063462097	0.103758030983	2.5576091442	2.5576091442	0.0841128621605	0.00104954479965
2.99620658453	2.99620658453	0.103758030983	2.41705203101	2.41705203101	0.0841128621605	0.00104954479965
3.44335234935	3.44335234935	0.107029827414	2.41705203101	2.41705203101	0.0841128621605	0.00104954479965
3.44335234935	3.44335234935	0.107029827414	2.53589082841	2.53589082841	0.0841128621605	0.00104954479965
3.12682856824	3.12682856824	0.107029827414	2.61432616158	2.61432616158	0.0841128621605	0.00104954479965
3.12682856824	3.12682856824	0.106761524787	2.61432616158	2.61432616158	0.0841128621605	0.00104954479965
3.45889910048	3.45889910048	0.106761524787	2.43176425283	2.43176425283	0.0841128621605	0.00104954479965
3.45889910048	3.45889910048	0.112220398148	2.43176425283	2.43176425283	0.0841128621605	0.00104954479965
3.45889910048	3.45889910048	0.111146727892	2.43176425283	2.43176425283	0.0841128621605	0.00104954479965
3.54508588382	3.54508588382	0.10348604321	2.43176425283	2.43176425283	0.0841128621605	0.00104954479965
3.51200121034	3.51200121034	0.10348604321	2.43176425283	2.43176425283	0.0841128621605	0.00104954479965
3.57194457971	3.57194457971	0.10348604321	2.43176425283	2.43176425283	0.0841128621605	0.00104954479965
3.13182823644	3.13182823644	0.10348604321	2.43176425283	2.43176425283	0.0841128621605	0.00104954479965
2.91557489683	2.91557489683	0.108477918099	2.43176425283	2.43176425283	0.0841128621605	0.000338307613553
2.71459917923	2.71459917923	0.108477918099	2.43176425283	2.43176425283	0.0841128621605	0.000338307613553
2.71459917923	2.71459917923	0.108477918099	2.43176425283	2.43176425283	0.0841128621605	0.000338307613553
2.71459917923	2.71459917923	0.108851630419	2.43176425283	2.43176425283	0.084421872122	0.000338307613553
2.72231516439	2.72231516439	0.108851630419	2.43176425283	2.43176425283	0.084421872122	0.000338307613553
2.67810573864	2.67810573864	0.108851630419	2.43176425283	2.43176425283	0.084421872122	0.000338307613553
2.91242613502	2.91242613502	0.111815804854	2.43176425283	2.43176425283	0.084421872122	0.000346078568008
3.39550963583	3.39550963583	0.111815804854	2.43176425283	2.43176425283	0.0832405906317	0.000870175210704
3.39550963583	3.39550963583	0.111815804854	2.58153639306	2.58153639306	0.0841606069298	0.000870175210704
3.39550963583	3.39550963583	0.117076550514	2.58153639306	2.58153639306	0.0824956255957	0.000870175210704
3.39550963583	3.39550963583	0.119054166045	2.61572341693	2.61572341693	0.0824956255957	0.000870175210704
3.39550963583	3.39550963583	0.119054166045	2.94339982171	2.94339982171	0.0830593055984	0.000870175210704
3.41391911457	3.41391911457	0.119054166045	2.86134025807	2.86134025807	0.0830593055984	0.000870175210704
3.41391911457	3.41391911457	0.116077972993	2.45374629965	2.45374629965	0.0882034812784	0.000870175210704
3.41391911457	3.41391911457	0.119061081987	2.48279415066	2.48279415066	0.0914381547926	0.000817263455042
3.56903116895	3.56903116895	0.119061081987	2.48279415066	2.48279415066	0.0871126207187	0.000817263455042
3.56903116895	3.56903116895	0.119061081987	2.48279415066	2.48279415066	0.0871126207187	0.000817263455042
4.89425185361	4.89425185361	0.102741373439	2.73429391707	2.73429391707	0.0871126207187	0.000817263455042
2.75926681258	2.75926681258	0.101587720504	3.14036602858	3.14036602858	0.0787915685364	0.000817263455042
4.31756189917	4.31756189917	0.101587720504	2.68310470585	2.68310470585	0.0787915685364	0.000817263455042
4.31663527848	4.31663527848	0.101587720504	2.25619077332	2.25619077332	0.0885476075494	0.000817263455042
3.11722417108	3.11722417108	0.101587720504	1.98098945804	1.98098945804	0.0797441520037	0.000848598844971
3.11722417108	3.11722417108	0.101587720504	2.4290770059	2.4290770059	0.0811270706138	0.000214679956687
3.14053466579	3.14053466579	0.109352628263	2.4290770059	2.4290770059	0.0825377636347	0.000214679956687
3.14053466579	3.14053466579	0.103500482275	2.4290770059	2.4290770059	0.0887267372524	0.000214679956687
3.14053466579	3.14053466579	0.0941296342036	2.4290770059	2.4290770059	0.0693223375343	0.000214679956687
3.14053466579	3.14053466579	0.100008517549	2.4290770059	2.4290770059	0.0703193830134	0.000214679956687
3.14053466579	3.14053466579	0.0868764865326	2.4290770059	2.4290770059	0.0913216155464	0.000214679956687
3.14053466579	3.14053466579	0.114583193545	2.4290770059	2.4290770059	0.0913216155464	0.000214679956687
3.43570094923	3.43570094923	0.114583193545	2.4290770059	2.4290770059	0.0914839044221	0.000214679956687
3.43570094923	3.43570094923	0.114583193545	2.4290770059	2.4290770059	0.0948782530615	0.000214679956687
3.43570094923	3.43570094923	0.115521737608	2.4290770059	2.4290770059	0.0858424507314	0.00109042431445
3.43570094923	3.43570094923	0.116896759122	2.4290770059	2.4290770059	0.0858424507314	0.00109042431445
3.43570094923	3.43570094923	0.11319580998	2.4290770059	2.4290770059	0.0858424507314	0.000406334426033
3.43570094923	3.43570094923	0.11319580998	2.46883937826	2.46883937826	0.0862758524095	0.00138217808424
3.60338083215	3.60338083215	0.114184881677	2.44690632629	2.44690632629	0.0862758524095	0.00138217808424
3.60338083215	3.60338083215	0.114184881677	2.46088103088	2.46088103088	0.0862758524095	0.00210436953979
3.60338083215	3.60338083215	0.114184881677	2.51694945851	2.51694945851	0.0862758524095	0.0019263321714
3.17066409049	3.17066409049	0.110381648979	2.51694945851	2.51694945851	0.0831553155019	0.00250221162695
3.45558843257	3.45558843257	0.110381648979	2.51694945851	2.51694945851	0.0831553155019	0.00179658757745
3.45558843257	3.45558843257	0.110381648979	2.51694945851	2.51694945851	0.0831553155019	0.00179658757745
3.45558843257	3.45558843257	0.110381648979	2.51694945851	2.51694945851	0.0831553155019	0.000103015332452
3.36324400439	3.36324400439	0.110381648979	2.51694945851	2.51694945851	0.0861636851119	0.000103015332452
3.36324400439	3.36324400439	0.110381648979	2.50835922949	2.50835922949	0.079810828102	0.000103015332452
3.36324400439	3.36324400439	0.110430754678	2.50835922949	2.50835922949	0.0912380191615	0.000225194173696
3.36324400439	3.36324400439	0.110430754678	2.50835922949	2.50835922949	0.0912380191615	0.000225194173696
3.36324400439	3.36324400439	0.110430754678	2.50835922949	2.50835922949	0.081473677821	0.000225194173696
3.38757913724	3.38757913724	0.110430754678	2.50835922949	2.50835922949	0.0889778414313	0.00104186864954
3.38757913724	3.38757913724	0.110430754678	2.50835922949	2.50835922949	0.0892847411337	0.00104186864954
3.38757913724	3.38757913724	0.110430754678	2.23032650215	2.23032650215	0.0892847411337	0.00104186864954
3.38757913724	3.38757913724	0.110430754678	2.20042656449	2.20042656449	0.085146291992	0.00104186864954
3.38757913724	3.38757913724	0.110430754678	2.51293748402	2.51293748402	0.088522725912	0.00104186864954
3.38436173347	3.38436173347	0.110430754678	2.40338135899	2.40338135899	0.088522725912	0.00104186864954
3.38436173347	3.38436173347	0.110430754678	2.40338135899	2.40338135899	0.088522725912	0.00104186864954
3.38436173347	3.38436173347	0.110430754678	2.4048381007	2.4048381007	0.088522725912	0.00104186864954
3.19033503402	3.19033503402	0.111773916505	2.47202453867	2.47202453867	0.088522725912	0.00080590563255
2.95631681637	2.95631681637	0.110662471675	2.47202453867	2.47202453867	0.088522725912	0.00080590563255
2.96768628193	2.96768628193	0.110662471675	2.47202453867	2.47202453867	0.088522725912	0.00080590563255
2.97758625052	2.97758625052	0.111101472507	2.47202453867	2.47202453867	0.088522725912	0.000965995844167
3.18194720274	3.18194720274	0.111101472507	2.48816043707	2.48816043707	0.0876475158286	0.000965995844167
3.53597065084	3.53597065084	0.110391833921	2.43002687247	2.43002687247	0.0876475158286	0.000965995844167
3.53597065084	3.53597065084	0.112642207089	2.43002687247	2.43002687247	0.0876475158286	0.000793343024149
3.57045291751	3.57045291751	0.112642207089	2.43002687247	2.43002687247	0.0843069852478	0.000793343024149
2.83430287197	2.83430287197	0.112642207089	2.43002687247	2.43002687247	0.0843069852478	0.000793343024149
2.82507082328	2.82507082328	0.112642207089	2.43002687247	2.43002687247	0.0861966423294	0.000793343024149
2.7182216672	2.7182216672	0.112642207089	2.43002687247	2.43002687247	0.0882399067332	0.000793343024149
2.8793790719	2.8793790719	0.113766380703	2.53098154795	2.53098154795	0.073297556856	0.000938816998746
2.873390819	2.873390819	0.113766380703	2.53098154795	2.53098154795	0.0787870988393	0.000938816998746
2.88221305213	2.88221305213	0.112270335652	2.51471874021	2.51471874021	0.0922299635195	0.000938816998746
2.88221305213	2.88221305213	0.112270335652	2.51471874021	2.51471874021	0.0930521486437	0.00032342267606
2.88221305213	2.88221305213	0.112270335652	2.47922812256	2.47922812256	0.0791342105019	0.00032342267606
3.59313547573	3.59313547573	0.112270335652	2.47922812256	2.47922812256	0.0877667297557	0.00017024850243
3.59313547573	3.59313547573	0.112270335652	2.47922812256	2.47922812256	0.0809209323749	0.00017024850243
2.79003238585	2.79003238585	0.112270335652	2.47922812256	2.47922812256	0.0908439818726	0.00017024850243
2.75871222355	2.75871222355	0.112270335652	2.54145968139	2.54145968139	0.0832080959574	0.00017024850243
2.75871222355	2.75871222355	0.112270335652	2.6004223687	2.6004223687	0.0841558935066	0.00017024850243
3.07640177636	3.07640177636	0.112270335652	2.43774991918	2.43774991918	0.0841558935066	0.00017024850243
3.07640177636	3.07640177636	0.113996353757	2.44893093127	2.44893093127	0.0841558935066	0.000861936412291
3.12658172866	3.12658172866	0.113996353757	2.53053563874	2.53053563874	0.0841558935066	0.000861936412291
3.12658172866	3.12658172866	0.108871875566	2.53053563874	2.53053563874	0.0841558935066	0.000861936412291
3.13752747487	3.13752747487	0.108871875566	2.58530279466	2.58530279466	0.0841558935066	0.000861936412291
3.53006422933	3.53006422933	0.108871875566	2.53064407456	2.53064407456	0.0832526767308	0.000861936412291
3.53006422933	3.53006422933	0.111650055468	2.5800883674	2.5800883674	0.0832526767308	0.000283977948009
3.25954489527	3.25954489527	0.110706623892	2.66875658688	2.66875658688	0.0832526767308	0.000731914568629
3.25954489527	3.25954489527	0.110706623892	2.67917551442	2.67917551442	0.0832526767308	0.000513827150419
3.25954489527	3.25954489527	0.112416703889	2.67917551442	2.67917551442	0.0832526767308	0.000432911816174
3.25954489527	3.25954489527	0.112416703889	2.49189339958	2.49189339958	0.0832526767308	0.000432911816174
3.25954489527	3.25954489527	0.112416703889	2.48089028309	2.48089028309	0.0832526767308	0.000432911816174
3.25954489527	3.25954489527	0.112416703889	2.51331735335	2.51331735335	0.0835795622141	0.000432911816174
3.25954489527	3.25954489527	0.112416703889	2.48016963314	2.48016963314	0.0891710285863	0.000432911816174
3.25954489527	3.25954489527	0.111767543354	2.48016963314	2.48016963314	0.0891710285863	0.000432911816174
3.25954489527	3.25954489527	0.111767543354	2.69169181315	2.69169181315	0.0891710285863	0.000432911816174
3.25171524809	3.25171524809	0.111767543354	2.64784462017	2.64784462017	0.0897244269075	0.000432911816174
3.25171524809	3.25171524809	0.111767543354	2.56205527621	2.56205527621	0.0837624246414	0.000619489709977
3.25171524809	3.25171524809	0.11295764394	2.56205527621	2.56205527621	0.110122520058	0.000619489709977
3.25171524809	3.25171524809	0.11295764394	2.56205527621	2.56205527621	0.0993467022705	0.000619489709977
3.25171524809	3.25171524809	0.11295764394	2.77220597639	2.77220597639	0.0793399080162	0.000770960114439
3.25171524809	3.25171524809	0.11295764394	2.75634806454	2.75634806454	0.0913041066359	0.000770960114439
3.25171524809	3.25171524809	0.115919668914	2.75634806454	2.75634806454	0.0922144188399	0.000346128496916
3.25171524809	3.25171524809	0.104012883565	2.75634806454	2.75634806454	0.0922144188399	0.000346128496916
3.25171524809	3.25171524809	0.109155321914	2.50082061565	2.50082061565	0.0849533465904	0.000346128496916
3.09102461413	3.09102461413	0.114136063283	2.48123096617	2.48123096617	0.0829679951868	0.000419122639748
3.18975450468	3.18975450468	0.114136063283	2.48123096617	2.48123096617	0.0829679951868	0.000419122639748
3.25070062054	3.25070062054	0.112150948895	2.63950885931	2.63950885931	0.0829679951868	0.000419122639748
3.14501622492	3.14501622492	0.112150948895	2.63950885931	2.63950885931	0.0829679951868	0.000419122639748
3.14501622492	3.14501622492	0.11203037821	2.59710414124	2.59710414124	0.0955886035427	0.000419122639748
3.14501622492	3.14501622492	0.11203037821	2.59710414124	2.59710414124	0.0873517043236	0.000419122639748
3.14501622492	3.14501622492	0.11203037821	2.59710414124	2.59710414124	0.0878851511833	0.000543152423395
3.14501622492	3.14501622492	0.11203037821	2.59154995088	2.59154995088	0.0878851511833	0.000543152423395
3.14501622492	3.14501622492	0.11203037821	2.59154995088	2.59154995088	0.0867551452058	0.000543152423395
3.14501622492	3.14501622492	0.11203037821	2.70351455189	2.70351455189	0.0757026868517	0.000543152423395
3.14501622492	3.14501622492	0.11203037821	2.70824186055	2.70824186055	0.0941186390004	0.000543152423395
3.14501622492	3.14501622492	0.11203037821	2.5937032448	2.5937032448	0.0907843936779	0.000543152423395
3.14501622492	3.14501622492	0.11203037821	2.79523707638	2.79523707638	0.0907843936779	0.000543152423395
3.17894823055	3.17894823055	0.112605275973	2.79523707638	2.79523707638	0.0871426689519	0.000543152423395
3.23382141578	3.23382141578	0.112605275973	2.79523707638	2.79523707638	0.0871426689519	0.000396348563786
3.23382141578	3.23382141578	0.114178646749	2.71790853692	2.71790853692	0.0871426689519	0.000396348563786
3.23382141578	3.23382141578	0.114178646749	2.83983525713	2.83983525713	0.0828833997483	0.000396348563786
3.17890651789	3.17890651789	0.103778858048	2.77205588817	2.77205588817	0.0828833997483	0.000396348563786
3.14430168689	3.14430168689	0.11590138157	2.77205588817	2.77205588817	0.0859183965832	0.000396348563786
3.14430168689	3.14430168689	0.108349330353	2.694110828	2.694110828	0.0875687024121	0.000396348563786
3.14430168689	3.14430168689	0.108349330353	2.694110828	2.694110828	0.079093486157	0.000396348563786
3.08684385492	3.08684385492	0.108349330353	2.61882455532	2.61882455532	0.100445348385	0.000396348563786
3.08684385492	3.08684385492	0.116372442238	2.61882455532	2.61882455532	0.11602400089	0.000396348563786
3.08684385492	3.08684385492	0.116372442238	2.61882455532	2.61882455532	0.0747581326436	0.000396348563786
3.08684385492	3.08684385492	0.116372442238	2.61882455532	2.61882455532	0.0913162495237	0.000396348563786
3.08684385492	3.08684385492	0.116372442238	2.61882455532	2.61882455532	0.0374745987086	0.000396348563786
3.25604144232	3.25604144232	0.115657730767	2.61882455532	2.61882455532	0.0894681197408	0.000396348563786
3.20705403941	3.20705403941	0.115657730767	2.63231450044	2.63231450044	0.00542706121177	0.000396348563786
3.20705403941	3.20705403941	0.115657730767	2.63231450044	2.63231450044	0.110341004557	0.000396348563786
3.20705403941	3.20705403941	0.11324388824	2.63231450044	2.63231450044	0.0728410602281	0.000396348563786
3.2301846238	3.2301846238	0.11324388824	2.63231450044	2.63231450044	0.0949791032464	0.000396348563786
3.2301846238	3.2301846238	0.11324388824	2.63231450044	2.63231450044	0.0841655021312	0.000396348563786
3.2301846238	3.2301846238	0.112832453952	2.66800664213	2.66800664213	0.0839387791475	0.000396348563786
3.2301846238	3.2301846238	0.112832453952	2.66800664213	2.66800664213	0.0839387791475	0.000396348563786
3.2301846238	3.2301846238	0.112832453952	2.66800664213	2.66800664213	0.0839387791475	0.000396348563786
3.22931912717	3.22931912717	0.109092476764	2.66800664213	2.66800664213	0.0839387791475	0.000396348563786
3.22931912717	3.22931912717	0.105737027034	2.66800664213	2.66800664213	0.0839911633668	0.000396348563786
3.22931912717	3.22931912717	0.108401872499	2.6671768573	2.6671768573	0.0823020941471	0.000396348563786
3.18409416757	3.18409416757	0.108401872499	2.6671768573	2.6671768573	0.0835279553496	0.000396348563786
3.18409416757	3.18409416757	0.119650123645	2.6671768573	2.6671768573	0.0887426051112	0.000396348563786
3.18409416757	3.18409416757	0.116357921291	2.6671768573	2.6671768573	0.0874454337654	0.000396348563786
3.18409416757	3.18409416757	0.136409606721	2.6671768573	2.6671768573	0.0896462225386	0.000396348563786
3.18409416757	3.18409416757	0.119717864287	2.6671768573	2.6671768573	0.089380553202	0.000396348563786
3.18409416757	3.18409416757	0.119717864287	2.6671768573	2.6671768573	0.0879142386329	0.000396348563786
3.22428565595	3.22428565595	0.111499073944	2.6671768573	2.6671768573	0.0885410560322	0.000396348563786
3.22428565595	3.22428565595	0.111499073944	2.6671768573	2.6671768573	0.0885341606352	0.000396348563786
3.22428565595	3.22428565595	0.108691086032	2.6671768573	2.6671768573	0.0819121789363	0.000396348563786
3.22428565595	3.22428565595	0.117312804779	2.6671768573	2.6671768573	0.0691018294382	0.000396348563786
3.1318287256	3.1318287256	0.117085543594	2.6671768573	2.6671768573	0.0923654405748	0.000396348563786
3.1318287256	3.1318287256	0.117447340106	2.6671768573	2.6671768573	0.0923654405748	0.000396348563786
3.1318287256	3.1318287256	0.116766808391	2.6671768573	2.6671768573	0.0782867915292	0.000396348563786
3.1318287256	3.1318287256	0.107023353934	2.66706173308	2.66706173308	0.0966994150442	0.000341336682396
3.24515947108	3.24515947108	0.109423168962	2.66706173308	2.66706173308	0.0949808680781	0.000341336682396
3.24515947108	3.24515947108	0.119254409745	2.67355847342	2.67355847342	0.0908264250434	0.000341336682396
3.24515947108	3.24515947108	0.112251944524	2.74270871684	2.74270871684	0.0913646337691	0.000341336682396
3.24515947108	3.24515947108	0.120035200069	2.66242590926	2.66242590926	0.090397204238	0.000341336682396
3.24515947108	3.24515947108	0.114535296662	2.68216820069	2.68216820069	0.0879808011329	0.000341336682396
3.24515947108	3.24515947108	0.101107202683	2.69158306154	2.69158306154	0.0817720447807	0.000632128348923
3.24515947108	3.24515947108	0.109909660672	2.69158306154	2.69158306154	0.078648825669	0.00031002945961
3.24515947108	3.24515947108	0.124602112768	2.69158306154	2.69158306154	0.078648825669	0.000546857898506
3.24515947108	3.24515947108	0.124602112768	2.68126728832	2.68126728832	0.0828537792943	0.000546857898506
3.24515947108	3.24515947108	0.124602112768	2.68126728832	2.68126728832	0.0828537792943	0.000546857898506
3.24515947108	3.24515947108	0.10906548886	2.68126728832	2.68126728832	0.0828537792943	0.000546857898506
3.24515947108	3.24515947108	0.120320842572	2.73651757344	2.73651757344	0.0783283285796	0.000379237074484
3.24515947108	3.24515947108	0.119847789155	2.69784468887	2.69784468887	0.101560351016	0.000379237074484
3.18603184085	3.18603184085	0.119847789155	2.74069797308	2.74069797308	0.075643701703	0.000379237074484
3.18603184085	3.18603184085	0.122736268323	2.74069797308	2.74069797308	0.098985508623	0.000379237074484
3.18603184085	3.18603184085	0.103991202542	2.72853703414	2.72853703414	0.098985508623	0.000379237074484
3.18603184085	3.18603184085	0.110966869861	2.72853703414	2.72853703414	0.0916166790452	0.00017342465507
3.18603184085	3.18603184085	0.113781668365	2.7903612628	2.7903612628	0.0700090643429	0.000886371866544
3.18603184085	3.18603184085	0.110422986889	2.8296438327	2.8296438327	0.0877744486098	0.000886371866544
3.19822733312	3.19822733312	0.110422986889	2.84426813672	2.84426813672	0.0864123205523	0.00105669619361
3.24247692978	3.24247692978	0.110422986889	2.84426813672	2.84426813672	0.0893346897205	0.000371238815406
3.24247692978	3.24247692978	0.110422986889	2.84426813672	2.84426813672	0.0894014893276	0.000502656017559
3.24247692978	3.24247692978	0.110422986889	2.84426813672	2.84426813672	0.0746224464336	0.000502656017559
3.05187928444	3.05187928444	0.122738044219	2.84426813672	2.84426813672	0.0813397868782	0.000502656017559
3.2946471264	3.2946471264	0.10673056755	2.90743475458	2.90743475458	0.093527718555	0.000540192749862
3.4077195953	3.4077195953	0.110041682608	2.95123688406	2.95123688406	0.093527718555	0.000540192749862
3.17194920637	3.17194920637	0.110679520426	2.50647883015	2.50647883015	0.0767283811878	0.000540192749862
2.61969415636	2.61969415636	0.11355216421	2.58905091564	2.58905091564	0.0778400680458	0.000332153110691
2.61969415636	2.61969415636	0.11355216421	2.55938421516	2.55938421516	0.083544295196	0.000532868162755
2.61969415636	2.61969415636	0.11355216421	2.67584156442	2.67584156442	0.083544295196	0.000532868162755
2.68407681461	2.68407681461	0.109568382391	2.82788882822	2.82788882822	0.0840632014532	0.000532868162755
2.68407681461	2.68407681461	0.115400464919	2.82788882822	2.82788882822	0.0863587902675	0.000532868162755
2.86134993204	2.86134993204	0.115400464919	2.75136046105	2.75136046105	0.0851982115685	0.000532868162755
2.97044296537	2.97044296537	0.115400464919	2.75136046105	2.75136046105	0.0845463258289	0.000303569868475
3.0670056861	3.0670056861	0.111821112723	2.80485833032	2.80485833032	0.0865481747833	0.000303569868475
3.0670056861	3.0670056861	0.118250300591	2.80485833032	2.80485833032	0.0827125886026	0.000303569868475
3.26644957841	3.26644957841	0.116253941807	2.80485833032	2.80485833032	0.0827125886026	0.000303569868475
3.07364745206	3.07364745206	0.116496083128	2.76897584298	2.76897584298	0.0697569515009	0.00058849959206
3.33834564259	3.33834564259	0.112925127407	2.76897584298	2.76897584298	0.0835611749208	0.000227441267243
3.33834564259	3.33834564259	0.112309621046	2.76897584298	2.76897584298	0.0835611749208	0.00064978039039
3.33834564259	3.33834564259	0.112309621046	2.76897584298	2.76897584298	0.0835611749208	0.000396063144095
3.41480148855	3.41480148855	0.112309621046	2.82330504017	2.82330504017	0.0832032290929	0.000396063144095
3.43445761496	3.43445761496	0.112309621046	2.83493208356	2.83493208356	0.0838693230327	0.000396063144095
2.91243457778	2.91243457778	0.112309621046	2.88837392097	2.88837392097	0.0838693230327	0.000396063144095
2.78739956287	2.78739956287	0.112309621046	2.88837392097	2.88837392097	0.0838693230327	0.000232700677174
2.78739956287	2.78739956287	0.112309621046	2.88837392097	2.88837392097	0.0872241084418	0.000246358151919
2.80870297001	2.80870297001	0.112813712529	2.8524509226	2.8524509226	0.0872241084418	0.000246358151919
2.80870297001	2.80870297001	0.112813712529	2.9548210233	2.9548210233	0.0819132409815	0.000246358151919
2.80870297001	2.80870297001	0.112813712529	2.89247991215	2.89247991215	0.0832631792686	0.000327865503954
2.82860357288	2.82860357288	0.112813712529	2.89247991215	2.89247991215	0.0832631792686	0.000327865503954
3.2370393761	3.2370393761	0.112813712529	2.86659545487	2.86659545487	0.0829021400887	0.000327865503954
3.2370393761	3.2370393761	0.112813712529	2.86659545487	2.86659545487	0.0829021400887	0.000484353242501
3.2370393761	3.2370393761	0.119045054258	2.91218621144	2.91218621144	0.083027839919	0.000183328615447
3.2370393761	3.2370393761	0.102007409642	2.91218621144	2.91218621144	0.083027839919	0.000183328615447
3.2370393761	3.2370393761	0.102007409642	2.75000768793	2.75000768793	0.083027839919	0.000183328615447
3.2370393761	3.2370393761	0.103931902952	2.75000768793	2.75000768793	0.083027839919	0.000183328615447
3.2370393761	3.2370393761	0.1081295781	2.75000768793	2.75000768793	0.083027839919	0.000183328615447
3.2370393761	3.2370393761	0.105028041419	2.87846751427	2.87846751427	0.083027839919	0.000183328615447
3.2370393761	3.2370393761	0.112148086583	2.87846751427	2.87846751427	0.0872514829612	0.000197179052428
3.2370393761	3.2370393761	0.112148086583	2.87846751427	2.87846751427	0.0872514829612	0.000197179052428
3.2370393761	3.2370393761	0.112148086583	2.87846751427	2.87846751427	0.0872514829612	0.000197179052428
3.2370393761	3.2370393761	0.112148086583	2.87846751427	2.87846751427	0.0872514829612	0.000414656884893
3.2370393761	3.2370393761	0.112148086583	2.87846751427	2.87846751427	0.0872514829612	0.000414656884893
3.2370393761	3.2370393761	0.112148086583	2.87846751427	2.87846751427	0.084955031588	0.000414656884893
3.2370393761	3.2370393761	0.112148086583	2.87846751427	2.87846751427	0.0818278771992	0.000207437506012
3.2370393761	3.2370393761	0.112148086583	2.87846751427	2.87846751427	0.0869151920162	0.000207437506012
3.2370393761	3.2370393761	0.112148086583	2.87846751427	2.87846751427	0.0869151920162	0.000207437506012
3.2370393761	3.2370393761	0.112148086583	2.87846751427	2.87846751427	0.0763102276443	0.000207437506012
3.2370393761	3.2370393761	0.112148086583	2.87846751427	2.87846751427	0.0792716276063	0.0004231311755
3.2370393761	3.2370393761	0.112148086583	2.87846751427	2.87846751427	0.0857368309529	0.0004231311755
3.2370393761	3.2370393761	0.112148086583	2.87846751427	2.87846751427	0.0744850539945	0.0004231311755
3.2370393761	3.2370393761	0.113089374545	2.87846751427	2.87846751427	0.0677998984222	0.0004231311755
3.2370393761	3.2370393761	0.109875059061	2.87846751427	2.87846751427	0.102241871012	0.000219428150425
3.2370393761	3.2370393761	0.10763601783	2.87846751427	2.87846751427	0.0930533533868	0.000219428150425
3.2370393761	3.2370393761	0.114602575482	2.94872591188	2.94872591188	0.0930533533868	0.000213017334593
3.2370393761	3.2370393761	0.114952051423	2.94436378907	2.94436378907	0.100785076727	0.00037868613726
3.2370393761	3.2370393761	0.102631840489	2.94436378907	2.94436378907	0.0711920489463	0.00037868613726
3.2370393761	3.2370393761	0.104193715861	2.95906772345	2.95906772345	0.0763718095292	0.00037868613726
3.2370393761	3.2370393761	0.109961967875	2.95906772345	2.95906772345	0.0763718095292	0.00037868613726
3.2370393761	3.2370393761	0.110470777251	2.98401287272	2.98401287272	0.0852662853017	0.00037868613726
3.2370393761	3.2370393761	0.110470777251	2.98401287272	2.98401287272	0.0852662853017	0.00037868613726
3.2370393761	3.2370393761	0.110940339673	2.98401287272	2.98401287272	0.0852662853017	0.000259803609385
3.2370393761	3.2370393761	0.110940339673	2.98401287272	2.98401287272	0.0852662853017	0.000259803609385
3.2370393761	3.2370393761	0.110940339673	2.98401287272	2.98401287272	0.0852662853017	0.000753461420576
3.2370393761	3.2370393761	0.110940339673	2.98401287272	2.98401287272	0.0852662853017	0.000307899778007
3.2370393761	3.2370393761	0.110940339673	2.98401287272	2.98401287272	0.0852662853017	0.000194753811972
3.2370393761	3.2370393761	0.110940339673	2.98401287272	2.98401287272	0.0839343163012	0.000194753811972
3.2370393761	3.2370393761	0.110940339673	2.9786210024	2.9786210024	0.100281842279	0.000372378770711
3.2370393761	3.2370393761	0.115263877091	2.9786210024	2.9786210024	0.108521056491	0.000372378770711
3.2370393761	3.2370393761	0.117657737527	2.9786210024	2.9786210024	0.105179290017	0.000372378770711
3.2370393761	3.2370393761	0.104175179963	2.9786210024	2.9786210024	0.0630275308392	0.000372378770711
3.2370393761	3.2370393761	0.117446703507	2.9786210024	2.9786210024	0.0704086189195	0.000372378770711
3.20814831164	3.20814831164	0.121858316381	2.9786210024	2.9786210024	0.0745459409025	0.000295342958715
3.21017758158	3.21017758158	0.121858316381	2.96211261915	2.96211261915	0.0738289220661	0.000329184068671
3.21017758158	3.21017758158	0.108305401239	2.96211261915	2.96211261915	0.102862244206	1.41548377123e-05
3.21017758158	3.21017758158	0.109416160473	2.99304296445	2.99304296445	0.0975144583711	0.000114565318828
3.21017758158	3.21017758158	0.109416160473	2.96017958725	2.96017958725	0.0829456569324	0.000114565318828
3.16595122763	3.16595122763	0.109416160473	3.0661202785	3.0661202785	0.081677531229	0.000114565318828
3.16595122763	3.16595122763	0.109416160473	2.91335536657	2.91335536657	0.081677531229	0.0004107786582
3.16595122763	3.16595122763	0.109416160473	3.06145408294	3.06145408294	0.081677531229	0.000423817589473
3.16595122763	3.16595122763	0.110961650175	2.9417572047	2.9417572047	0.0786117778585	0.000423817589473
3.16595122763	3.16595122763	0.114872792075	2.9417572047	2.9417572047	0.0891257992218	0.00037877754231
3.16595122763	3.16595122763	0.107313927303	3.07379418587	3.07379418587	0.085439067924	0.00037877754231
3.30415185818	3.30415185818	0.107313927303	3.07379418587	3.07379418587	0.0918542864888	0.00037877754231
3.32331465096	3.32331465096	0.102685858879	3.07612923501	3.07612923501	0.106170608225	0.00037877754231
3.32331465096	3.32331465096	0.106774222482	3.07612923501	3.07612923501	0.0685007843279	0.00037877754231
3.32331465096	3.32331465096	0.105557138657	3.09057172624	3.09057172624	0.0942696286241	0.00037877754231
3.32331465096	3.32331465096	0.106366969803	3.09057172624	3.09057172624	0.0662911919456	0.00037877754231
3.29145437547	3.29145437547	0.10382336307	3.09057172624	3.09057172624	0.0791194299899	0.00037877754231
3.30785327562	3.30785327562	0.108167860259	3.09306372446	3.09306372446	0.0808534135406	0.00037877754231
3.30785327562	3.30785327562	0.107477406635	3.09306372446	3.09306372446	0.0960860037946	0.000721334823101
3.30785327562	3.30785327562	0.107477406635	3.09306372446	3.09306372446	0.0914827001236	9.49052387617e-05
3.30785327562	3.30785327562	0.107477406635	3.09306372446	3.09306372446	0.0879798422886	9.49052387617e-05
3.30785327562	3.30785327562	0.107477406635	3.09306372446	3.09306372446	0.0895425644259	0.000768127014081
3.22394198371	3.22394198371	0.112130634731	3.09306372446	3.09306372446	0.0895425644259	0.000367977094435
3.22394198371	3.22394198371	0.110387768129	3.09306372446	3.09306372446	0.0873482044872	0.000367977094435
3.22394198371	3.22394198371	0.108069277654	3.09306372446	3.09306372446	0.0778192691001	0.000503948819518
3.22394198371	3.22394198371	0.109316990535	3.10915675283	3.10915675283	0.076407536131	0.000661372073034
3.22394198371	3.22394198371	0.11652802228	3.10915675283	3.10915675283	0.0821655310633	0.000399094531876
3.23074187701	3.23074187701	0.117594750093	3.10915675283	3.10915675283	0.0790549532862	0.000399094531876
3.23074187701	3.23074187701	0.10640240324	3.10915675283	3.10915675283	0.0785007347882	0.000593777388013
3.26211937898	3.26211937898	0.103610736174	3.10915675283	3.10915675283	0.0785007347882	0.00049357438007
3.26211937898	3.26211937898	0.126383579441	3.10915675283	3.10915675283	0.0880607036938	0.00035833106205
3.26211937898	3.26211937898	0.0900663548942	3.10915675283	3.10915675283	0.0880607036938	0.00035833106205
3.26211937898	3.26211937898	0.119229358811	3.10915675283	3.10915675283	0.0824875511084	0.000318780756022
3.26211937898	3.26211937898	0.121678207827	3.10915675283	3.10915675283	0.0824875511084	0.000521087805888
3.26211937898	3.26211937898	0.122417588201	3.10915675283	3.10915675283	0.0806209114056	0.000521087805888
3.26211937898	3.26211937898	0.132823983815	3.10915675283	3.10915675283	0.0822213972186	0.000521087805888
3.26211937898	3.26211937898	0.103081343684	3.11083130898	3.11083130898	0.0804355835903	0.000521087805888
3.26211937898	3.26211937898	0.133942159629	3.11083130898	3.11083130898	0.0804355835903	0.000521087805888
3.18740603583	3.18740603583	0.0985146077701	3.11083130898	3.11083130898	0.0800672665572	2.60948347552e-05
3.18740603583	3.18740603583	0.104008935859	3.11083130898	3.11083130898	0.083277205004	0.000951280202494
3.18740603583	3.18740603583	0.104008935859	3.08554423424	3.08554423424	0.0840174448542	0.000515349593828
3.15303871103	3.15303871103	0.105243540354	3.08554423424	3.08554423424	0.0840174448542	0.000599120094881
3.15303871103	3.15303871103	0.131992316302	3.08554423424	3.08554423424	0.0822946299491	0.000343896596454
3.15303871103	3.15303871103	0.0995383047453	3.09862699	3.09862699	0.0822946299491	0.000343896596454
3.15303871103	3.15303871103	0.0995383047453	3.09862699	3.09862699	0.0871286085068	0.000343896596454
3.1066349647	3.1066349647	0.121926388166	3.09862699	3.09862699	0.102333900417	0.000728944805905
3.1066349647	3.1066349647	0.129917182266	3.09862699	3.09862699	0.0868879425685	0.000631444307152
3.10886860871	3.10886860871	0.126559191355	3.08322199589	3.08322199589	0.0781161588523	0.000631444307152
3.10886860871	3.10886860871	0.144356965849	3.08322199589	3.08322199589	0.085221429627	0.000631444307152
3.24710973357	3.24710973357	0.152962275341	3.08322199589	3.08322199589	0.0833214141643	0.000631444307152
3.1885226543	3.1885226543	0.116354586582	3.08322199589	3.08322199589	0.0833214141643	0.000284507038865
3.26203979107	3.26203979107	0.115068755835	3.03803431969	3.03803431969	0.0870238099163	0.000284507038865
3.26203979107	3.26203979107	0.106315554231	3.03803431969	3.03803431969	0.0890478756269	0.000284507038865
3.26203979107	3.26203979107	0.107235996109	3.06983706338	3.06983706338	0.0954665794139	0.000384001801441
3.26203979107	3.26203979107	0.117193306043	3.06983706338	3.06983706338	0.0954665794139	0.000671138498927
3.26203979107	3.26203979107	0.108542306994	3.07260592426	3.07260592426	0.0741556318687	0.000671138498927
3.22753374505	3.22753374505	0.114613155428	3.07260592426	3.07260592426	0.0891499225119	0.000314704745865
3.22753374505	3.22753374505	0.117020444393	3.07260592426	3.07260592426	0.0934118172953	0.000314704745865
3.25027071231	3.25027071231	0.115827451006	3.07260592426	3.07260592426	0.0872605152659	0.000457687894317
3.21865730844	3.21865730844	0.109117656917	3.07260592426	3.07260592426	0.089285206483	2.22489259691e-05
3.21865730844	3.21865730844	0.104649316768	3.07260592426	3.07260592426	0.112062397502	0.000295477375782
3.21865730844	3.21865730844	0.116966410704	3.07260592426	3.07260592426	0.0678445904061	0.000349072241356
3.21865730844	3.21865730844	0.111169523049	3.07260592426	3.07260592426	0.0738625459162	0.000349072241356
3.20355302054	3.20355302054	0.111169523049	3.01953759072	3.01953759072	0.0740428081158	0.000349072241356
3.20355302054	3.20355302054	0.111169523049	3.01953759072	3.01953759072	0.0867871785331	0.000527839277223
3.20355302054	3.20355302054	0.111169523049	3.01953759072	3.01953759072	0.0779308509237	0.000527839277223
3.20355302054	3.20355302054	0.112377440736	2.93174618698	2.93174618698	0.0875544099414	0.000527839277223
3.20355302054	3.20355302054	0.120762645777	3.08330925977	3.08330925977	0.0806901908815	0.000527839277223
3.20355302054	3.20355302054	0.120762645777	2.96497057605	2.96497057605	0.0809261366644	0.000115298658904
3.20355302054	3.20355302054	0.116398550611	3.08381390729	3.08381390729	0.0809261366644	0.000246514045149
3.20355302054	3.20355302054	0.116398550611	3.03501920738	3.03501920738	0.0825567309547	0.000109616822815
3.20355302054	3.20355302054	0.112189481386	3.15017841669	3.15017841669	0.0825567309547	0.000109616822815
3.20355302054	3.20355302054	0.108189497608	3.04663988402	3.04663988402	0.0825567309547	0.00235457533857
3.20355302054	3.20355302054	0.110885969256	3.02845109881	3.02845109881	0.0802562598631	0.000442164088561
3.20355302054	3.20355302054	0.11698587819	3.17213467951	3.17213467951	0.0802562598631	0.000235948652389
3.21660868361	3.21660868361	0.113998712606	3.12791303819	3.12791303819	0.0802562598631	0.000235948652389
3.21660868361	3.21660868361	0.109538963438	3.18515881082	3.18515881082	0.0855015780469	0.000235948652389
3.18218731519	3.18218731519	0.109538963438	3.08268242749	3.08268242749	0.0846881115551	0.000235948652389
3.18218731519	3.18218731519	0.115603508807	3.11422715017	3.11422715017	0.0846881115551	0.000235948652389
3.1813675447	3.1813675447	0.115603508807	3.24665387195	3.24665387195	0.091295837246	0.000235948652389
3.18224389409	3.18224389409	0.115603508807	3.24665387195	3.24665387195	0.0891336602394	0.000235948652389
3.23539327707	3.23539327707	0.10951599301	3.24665387195	3.24665387195	0.0825202746072	0.000235948652389
3.23539327707	3.23539327707	0.111871242403	3.12620421109	3.12620421109	0.083436047157	0.000235948652389
3.2568149619	3.2568149619	0.109071241373	3.20200070041	3.20200070041	0.0750219484524	0.000377647113581
3.19656825028	3.19656825028	0.114940094077	3.1556836873	3.1556836873	0.0931471387273	0.000377647113581
3.19656825028	3.19656825028	0.114940094077	3.1556836873	3.1556836873	0.073734658133	0.000377647113581
3.19830857482	3.19830857482	0.114940094077	3.14454768966	3.14454768966	0.0859849497572	0.000377647113581
3.19830857482	3.19830857482	0.114940094077	3.18521803261	3.18521803261	0.0942004687246	0.000377647113581
3.1926182911	3.1926182911	0.114940094077	3.18521803261	3.18521803261	0.0943532905241	0.000377647113581
3.1926182911	3.1926182911	0.114940094077	3.16078018523	3.16078018523	0.0951062580337	0.000377647113581
3.1926182911	3.1926182911	0.114940094077	3.1662855395	3.1662855395	0.0760296423001	0.000377647113581
3.1926182911	3.1926182911	0.114940094077	3.1662855395	3.1662855395	0.0878243933286	0.000377647113581
3.1926182911	3.1926182911	0.115689764154	3.1662855395	3.1662855395	0.0717942682266	0.000377647113581
3.19621084119	3.19621084119	0.11405315595	3.20856485064	3.20856485064	0.0765809874933	0.000268806023438
3.19621084119	3.19621084119	0.108677123176	3.20856485064	3.20856485064	0.0778407215816	0.000268806023438
3.19621084119	3.19621084119	0.113710865062	3.44468978462	3.44468978462	0.0776270161586	0.000268806023438
3.19621084119	3.19621084119	0.113710865062	3.13769635675	3.13769635675	0.0776270161586	0.00020527396573
3.19621084119	3.19621084119	0.113710865062	3.13769635675	3.13769635675	0.0863170340134	0.00020527396573
3.19621084119	3.19621084119	0.112044634033	3.1879294324	3.1879294324	0.0828994762736	0.00020527396573
3.19621084119	3.19621084119	0.113534998786	3.1879294324	3.1879294324	0.0820121757916	0.00021422624379
3.30995845401	3.30995845401	0.109680879288	3.13904204551	3.13904204551	0.0747393040585	0.00021422624379
3.30889587306	3.30889587306	0.112892199138	3.18345176096	3.18345176096	0.0867258866699	0.000175496488674
3.33744568732	3.33744568732	0.115525296959	3.45324262468	3.45324262468	0.0828529985351	0.000175496488674
3.04528671372	3.04528671372	0.11377197935	3.09466039311	3.09466039311	0.0816325135557	0.000175496488674
3.04528671372	3.04528671372	0.106214886451	3.09466039311	3.09466039311	0.0838567630717	0.000175496488674
3.04528671372	3.04528671372	0.1090764763	3.09466039311	3.09466039311	0.0838567630717	0.000411989043371
3.15198716238	3.15198716238	0.118842154399	3.09466039311	3.09466039311	0.0838567630717	0.000411989043371
3.21802508796	3.21802508796	0.118814685717	3.31494812545	3.31494812545	0.0838567630717	0.000411989043371
3.20919533087	3.20919533087	0.131696496728	3.1925830709	3.1925830709	0.0838567630717	0.000411989043371
3.20919533087	3.20919533087	0.113315531338	3.16724948299	3.16724948299	0.0838567630717	0.000411989043371
3.04584552099	3.04584552099	0.113315531338	3.2034863484	3.2034863484	0.0838567630717	0.000411989043371
2.95835244408	2.95835244408	0.113288307162	3.38097599188	3.38097599188	0.0838567630717	0.000320514257121
3.08164181246	3.08164181246	0.116337035827	2.72782774886	2.72782774886	0.0830675059242	0.000320514257121
3.21864524916	3.21864524916	0.13140409869	2.93685246634	2.93685246634	0.0830675059242	0.000320514257121
3.20976905962	3.20976905962	0.103487828807	3.12660000354	3.12660000354	0.0830675059242	0.000320514257121
3.19165938516	3.19165938516	0.109305360682	3.2461976749	3.2461976749	0.0803786068626	0.000320514257121
3.28865033461	3.28865033461	0.113489069314	3.33297742044	3.33297742044	0.0839748646815	0.000116726618064
3.3631809011	3.3631809011	0.113489069314	3.33409689127	3.33409689127	0.0839748646815	0.000116726618064
3.3631809011	3.3631809011	0.113489069314	3.37076160939	3.37076160939	0.0839748646815	0.000309621415671
3.3631809011	3.3631809011	0.110772367891	3.43930741729	3.43930741729	0.0839748646815	0.000309621415671
3.28912394065	3.28912394065	0.110772367891	3.15013883396	3.15013883396	0.0839748646815	0.000155080184623
3.39058114173	3.39058114173	0.110772367891	3.26429806496	3.26429806496	0.0839748646815	0.000692869738648
3.58795126989	3.58795126989	0.112935674579	3.2816182676	3.2816182676	0.0832680911212	0.000692869738648
3.31585307697	3.31585307697	0.112935674579	3.2816182676	3.2816182676	0.0832680911212	0.000617494141075
3.31585307697	3.31585307697	0.112935674579	3.30631401561	3.30631401561	0.0832680911212	0.00032436475381
3.09602682706	3.09602682706	0.112935674579	3.30631401561	3.30631401561	0.0832680911212	0.00032436475381
2.55666072192	2.55666072192	0.112935674579	3.30631401561	3.30631401561	0.0832680911212	0.000296951675519
2.84798352746	2.84798352746	0.112935674579	3.30631401561	3.30631401561	0.0803211012724	0.000663011106205
3.72671046377	3.72671046377	0.112935674579	3.34500439965	3.34500439965	0.0803211012724	0.000663011106205
3.27286408953	3.27286408953	0.112935674579	3.34500439965	3.34500439965	0.089248140604	0.000426344448332
3.47049268746	3.47049268746	0.112935674579	3.34500439965	3.34500439965	0.0828127096183	0.000426344448332
3.44003353365	3.44003353365	0.111817128522	3.33912641686	3.33912641686	0.0828127096183	0.000426344448332
3.15424954895	3.15424954895	0.111817128522	3.36354917004	3.36354917004	0.0801491255458	0.000211969649757
3.15424954895	3.15424954895	0.111817128522	3.36354917004	3.36354917004	0.0799224190923	0.000211969649757
3.15424954895	3.15424954895	0.111817128522	3.36354917004	3.36354917004	0.0784263751036	0.000211969649757
3.15424954895	3.15424954895	0.111817128522	3.36023947174	3.36023947174	0.0829019535013	0.000211969649757
3.14958976035	3.14958976035	0.111817128522	3.36023947174	3.36023947174	0.0829019535013	0.000195818410429
3.30154823717	3.30154823717	0.110668981277	3.31717748039	3.31717748039	0.0829019535013	0.000195818410429
3.4439764642	3.4439764642	0.110668981277	3.31717748039	3.31717748039	0.0829019535013	0.000195818410429
3.35709056623	3.35709056623	0.112150531444	3.37182167775	3.37182167775	0.0829019535013	0.000195818410429
3.50032055664	3.50032055664	0.112150531444	3.37182167775	3.37182167775	0.0829019535013	0.000195818410429
3.37894278617	3.37894278617	0.112150531444	3.34263007883	3.34263007883	0.0835579000521	0.000195818410429
3.25905390606	3.25905390606	0.112150531444	3.32863363871	3.32863363871	0.0835579000521	0.000415098963723
3.25838919136	3.25838919136	0.122047458884	3.32863363871	3.32863363871	0.0823270064544	0.000415098963723
3.31217871998	3.31217871998	0.109913933531	3.32863363871	3.32863363871	0.0884108284127	0.000389066558793
3.09132451614	3.09132451614	0.109913933531	3.31665862074	3.31665862074	0.0884108284127	0.000389066558793
3.09132451614	3.09132451614	0.114862351752	3.31665862074	3.31665862074	0.0884108284127	0.000389066558793
3.48074974367	3.48074974367	0.114862351752	3.32716355762	3.32716355762	0.0806068916538	0.000389066558793
3.43970258945	3.43970258945	0.114862351752	3.27168512909	3.27168512909	0.0850156368363	0.000261996373856
3.25112442583	3.25112442583	0.112228764329	3.27168512909	3.27168512909	0.0850156368363	0.000261996373856
3.18225822995	3.18225822995	0.115691841145	3.27605085636	3.27605085636	0.0850156368363	0.000187463632589
3.18225822995	3.18225822995	0.112532540569	3.27605085636	3.27605085636	0.081778293887	0.000187463632589
3.11454971993	3.11454971993	0.112532540569	3.27605085636	3.27605085636	0.0828134011191	0.000233384714224
3.11976135182	3.11976135182	0.112532540569	3.3308912631	3.3308912631	0.0839670733681	0.000108296687863
3.04994497374	3.04994497374	0.112532540569	3.3308912631	3.3308912631	0.0839670733681	0.000108296687863
3.56879754453	3.56879754453	0.111273798325	3.3308912631	3.3308912631	0.0871822157306	0.00091697332019
3.23615284813	3.23615284813	0.111273798325	3.33251973895	3.33251973895	0.0871822157306	0.00091697332019
3.23615284813	3.23615284813	0.110239693592	3.33251973895	3.33251973895	0.0811922952826	0.000422636049302
3.31390471791	3.31390471791	0.112828446591	3.33251973895	3.33251973895	0.0811922952826	9.96843358032e-05
3.31390471791	3.31390471791	0.112828446591	3.33251973895	3.33251973895	0.0811922952826	9.96843358032e-05
3.15010541469	3.15010541469	0.112995768997	3.33251973895	3.33251973895	0.0813571031793	4.6316553099e-05
3.15381141609	3.15381141609	0.112565335923	3.33251973895	3.33251973895	0.0813571031793	0.000140752328864
3.5002283515	3.5002283515	0.112565335923	3.33251973895	3.33251973895	0.0818269496283	0.000375491177639
3.31894654904	3.31894654904	0.112565335923	3.33251973895	3.33251973895	0.0818269496283	0.000383980811823
3.33754896269	3.33754896269	0.113936984668	3.33251973895	3.33251973895	0.0872356274472	0.000383980811823
3.29694594812	3.29694594812	0.113936984668	3.33251973895	3.33251973895	0.0812763852737	0.000735573159261
3.2440730993	3.2440730993	0.118214528776	3.33251973895	3.33251973895	0.0834912644109	0.000129042616729
3.27689506819	3.27689506819	0.105400864426	3.33251973895	3.33251973895	0.0834912644109	9.47086797748e-05
3.27689506819	3.27689506819	0.122961764505	3.33251973895	3.33251973895	0.0834912644109	0.000635892124799
3.26168649179	3.26168649179	0.104219331041	3.33251973895	3.33251973895	0.0834912644109	0.000691182286005
3.29098991081	3.29098991081	0.100236723489	3.33251973895	3.33251973895	0.083446330056	0.00059351125156
3.29098991081	3.29098991081	0.117434209061	3.33251973895	3.33251973895	0.0638427821901	0.000361423776994
3.29098991081	3.29098991081	0.112837761004	3.33251973895	3.33251973895	0.100514829231	7.48775064533e-07
3.34624600516	3.34624600516	0.112837761004	3.33251973895	3.33251973895	0.107927653832	0.000380543467781
3.33128075699	3.33128075699	0.112837761004	3.33251973895	3.33251973895	0.105912229063	0.000754058567446
3.33128075699	3.33128075699	0.112837761004	3.33251973895	3.33251973895	0.091243676516	0.000815197262067
3.33128075699	3.33128075699	0.116453883134	3.33251973895	3.33251973895	0.0787102108102	0.000356899860322
3.33128075699	3.33128075699	0.118198243989	3.33251973895	3.33251973895	0.0844478451089	0.000356899860322
3.2299575534	3.2299575534	0.115555313553	3.29289947999	3.29289947999	0.0844478451089	0.000118531423837
3.32508389566	3.32508389566	0.115555313553	3.36014008906	3.36014008906	0.0844478451089	0.000118531423837
3.25158460501	3.25158460501	0.111238595084	3.28401449484	3.28401449484	0.0796342841445	0.000118531423837
3.32900264778	3.32900264778	0.121896892162	3.28401449484	3.28401449484	0.0793787601236	0.000183462014384
3.32900264778	3.32900264778	0.117679953004	3.28401449484	3.28401449484	0.0846256212239	0.000432160549857
3.29010877458	3.29010877458	0.117679953004	3.28401449484	3.28401449484	0.0846256212239	0.000432160549857
3.18967753174	3.18967753174	0.117679953004	3.28401449484	3.28401449484	0.0807576142271	0.000290934022123
3.07112068095	3.07112068095	0.107992490693	3.32011244316	3.32011244316	0.086454243642	0.000828000760098
3.38451042175	3.38451042175	0.114452849378	3.32011244316	3.32011244316	0.086454243642	0.000828000760098
3.46063977892	3.46063977892	0.110038811157	3.33856807774	3.33856807774	0.086454243642	0.000345526764329
3.18494921826	3.18494921826	0.1120107372	3.33856807774	3.33856807774	0.0916681149372	0.000765386732491
3.3325181517	3.3325181517	0.118967027835	3.32076436497	3.32076436497	0.0816006769223	0.000678470951285
3.33004826292	3.33004826292	0.118967027835	3.23985211142	3.23985211142	0.089306833414	3.66979997781e-05
3.33004826292	3.33004826292	0.11303560746	3.23985211142	3.23985211142	0.080572463497	3.66979997781e-05
3.32101062542	3.32101062542	0.11303560746	3.20931526147	3.20931526147	0.112775059064	0.000493527877726
3.30001964092	3.30001964092	0.114349433887	3.23590362034	3.23590362034	0.104864512396	0.000493527877726
3.33579055299	3.33579055299	0.114349433887	3.23590362034	3.23590362034	0.102970007605	0.0003044434512
3.33579055299	3.33579055299	0.105429969152	3.23590362034	3.23590362034	0.079058451993	0.000298930202638
3.32870782755	3.32870782755	0.105429969152	3.38632528407	3.38632528407	0.0617420085683	0.000119453068594
3.24911865916	3.24911865916	0.110880381858	3.38930789102	3.38930789102	0.0944660416138	6.23265886699e-06
3.41203999975	3.41203999975	0.116874999347	3.29330525572	3.29330525572	0.107714793098	0.000139373658194
3.44994906503	3.44994906503	0.116874999347	3.40583307035	3.40583307035	0.121057765356	0.000355608320379
3.23183405923	3.23183405923	0.111485852402	3.33673283257	3.33673283257	0.0971344728703	3.7352598781e-05
3.27223586128	3.27223586128	0.111485852402	3.33673283257	3.33673283257	0.0841204903851	0.000742239770827
3.34549317367	3.34549317367	0.111485852402	3.2985963197	3.2985963197	0.0562368326532	0.000802893548001
3.41213067912	3.41213067912	0.109472401042	3.2985963197	3.2985963197	0.110688074627	5.67836428818e-05
3.24878242259	3.24878242259	0.073242068579	3.2985963197	3.2985963197	0.0774925977773	0.000816120959236
3.33977618059	3.33977618059	0.0700540289047	3.30729691256	3.30729691256	0.093594792511	0.000816120959236
3.32780002175	3.32780002175	0.125766049531	3.30729691256	3.30729691256	0.0723875754037	0.000680419617482
3.2868490264	3.2868490264	0.108230916003	3.56077261673	3.56077261673	0.0493972615938	0.000680419617482
3.26882843087	3.26882843087	0.114345605337	3.3659818775	3.3659818775	0.0619778193255	0.000278391705186
3.34802264198	3.34802264198	0.106204514246	3.41494547308	3.41494547308	0.0812139281549	4.79525263608e-05
3.34802264198	3.34802264198	0.106204514246	3.40459143208	3.40459143208	0.0834886591215	7.4448639264e-05
3.34063277132	3.34063277132	0.109380510136	3.37068806195	3.37068806195	0.0781677985348	7.4448639264e-05
3.34063277132	3.34063277132	0.114567734523	3.37068806195	3.37068806195	0.0849660086655	7.4448639264e-05
3.34063277132	3.34063277132	0.11746428211	3.37068806195	3.37068806195	0.0774588206165	7.4448639264e-05
3.34063277132	3.34063277132	0.11746428211	3.37068806195	3.37068806195	0.085634724973	7.4448639264e-05
3.34063277132	3.34063277132	0.117766126357	3.37929447428	3.37929447428	0.0851697187634	0.000449560386082
3.33371969253	3.33371969253	0.106518877757	3.37929447428	3.37929447428	0.0821981699526	0.000449560386082
3.33371969253	3.33371969253	0.12082773804	3.37929447428	3.37929447428	0.0818582390521	0.000156365127919
3.34524224786	3.34524224786	0.120728462268	3.25408111105	3.25408111105	0.0818582390521	0.000697010890814
3.34524224786	3.34524224786	0.123776635782	3.34540669022	3.34540669022	0.0854519082486	0.00190544291542
3.34524224786	3.34524224786	0.102595117226	3.34540669022	3.34540669022	0.0822285485459	0.000279160757689
3.33329498497	3.33329498497	0.0942717064824	3.34540669022	3.34540669022	0.0822285485459	0.000786796777066
3.33329498497	3.33329498497	0.0942717064824	3.31439475748	3.31439475748	0.0822285485459	0.000783547785349
3.33329498497	3.33329498497	0.115729528978	3.32999180344	3.32999180344	0.0822285485459	0.000783547785349
3.33976516591	3.33976516591	0.126062558086	3.32999180344	3.32999180344	0.0822285485459	0.000339096927087
3.33976516591	3.33976516591	0.100167775966	3.32999180344	3.32999180344	0.0822285485459	0.000339096927087
3.33976516591	3.33976516591	0.102054623691	3.31100215787	3.31100215787	0.0783410357892	0.000260482927622
3.33976516591	3.33976516591	0.102054623691	3.31100215787	3.31100215787	0.0785925898124	0.000321943517512
3.33976516591	3.33976516591	0.100968572503	3.3366475145	3.3366475145	0.0811578828696	0.000321943517512
3.34212922569	3.34212922569	0.104876718363	3.3366475145	3.3366475145	0.0811578828696	0.000321943517512
3.34212922569	3.34212922569	0.114756649792	3.3366475145	3.3366475145	0.0822180157233	0.000125132334907
3.34212922569	3.34212922569	0.114114183009	3.3366475145	3.3366475145	0.0822180157233	0.000125132334907
3.34212922569	3.34212922569	0.107883731721	3.3366475145	3.3366475145	0.0822180157233	0.000125132334907
3.34212922569	3.34212922569	0.109945826056	3.3366475145	3.3366475145	0.0822180157233	0.000105402550058
3.34212922569	3.34212922569	0.135653931751	3.3366475145	3.3366475145	0.091051755626	0.000197029822553
3.34212922569	3.34212922569	0.0936675922204	3.33614059119	3.33614059119	0.0803669498797	0.000397385929519
3.34859080646	3.34859080646	0.0957937035483	3.33614059119	3.33614059119	0.0815840444781	2.58086220578e-05
3.34859080646	3.34859080646	0.117082698155	3.33614059119	3.33614059119	0.0815840444781	0.000381170497914
3.34859080646	3.34859080646	0.098129606936	3.33614059119	3.33614059119	0.0791013697621	0.000234053637094
3.34859080646	3.34859080646	0.112172533029	3.33614059119	3.33614059119	0.0859323823732	0.000308872137697
3.34859080646	3.34859080646	0.119164515616	3.33614059119	3.33614059119	0.0875080516157	0.000516280566521
3.37217982743	3.37217982743	0.106291195973	3.33614059119	3.33614059119	0.0854578158488	0.000516280566521
3.37217982743	3.37217982743	0.106291195973	3.33614059119	3.33614059119	0.0749043756374	0.000323996230935
3.37217982743	3.37217982743	0.138275929169	3.33614059119	3.33614059119	0.0748030935265	0.000387700374184
3.32758930554	3.32758930554	0.0984771918542	3.33614059119	3.33614059119	0.0748030935265	0.000209402046202
3.35858924092	3.35858924092	0.0964147887521	3.33614059119	3.33614059119	0.0915366599078	0.000494693221532
3.3698920297	3.3698920297	0.0964147887521	3.33614059119	3.33614059119	0.0735932599734	0.000244816124164
3.3698920297	3.3698920297	0.104466048726	3.35178502052	3.35178502052	0.0869414015746	0.000244816124164
3.33503378472	3.33503378472	0.106582929648	3.35178502052	3.35178502052	0.0829769757231	0.000244816124164
3.33503378472	3.33503378472	0.111812040719	3.35849480359	3.35849480359	0.079419895806	0.000244816124164
3.30469280265	3.30469280265	0.130338290146	3.35849480359	3.35849480359	0.0761700213765	0.000244816124164
3.30469280265	3.30469280265	0.112541891135	3.35849480359	3.35849480359	0.0793808642064	0.00037568137864
3.30469280265	3.30469280265	0.108978806663	3.35849480359	3.35849480359	0.0770145951049	0.00037568137864
3.30469280265	3.30469280265	0.081929980932	3.35849480359	3.35849480359	0.0617855237018	0.00037568137864
3.30469280265	3.30469280265	0.105972460965	3.35849480359	3.35849480359	0.0806657641774	0.00037568137864
