x0_HIS3_C07	r_HIS3_C07	K_HIS3_C07	x0_RAD52_C07	r_RAD52_C07	K_RAD52_C07	x0_C07
0.00136576748394	2.56472104868	0.109403837381	9.35777190344e-05	3.10748257085	0.0670422901851	0.000647040893491
0.000364734342881	3.02022573938	0.106576215719	7.78182782952e-05	3.12032604927	0.0756046002156	0.000168228947075
0.00046211219384	3.00354495168	0.107636989264	4.19699770611e-05	3.32311089815	0.0878556279467	0.000411051795088
0.000776598386804	3.00140037241	0.109644219558	3.49671900993e-05	2.97168339191	0.0678586498443	0.000468453658231
0.000482402427826	2.65668726264	0.103437530786	0.000107705145098	2.89463713855	0.0863249909812	0.000216266617361
0.000656529779989	2.81820522452	0.108729210248	8.81337888497e-05	2.99611523024	0.0748780527657	0.000309591191886
0.000575008103471	2.80466881079	0.132624444503	0.000474053365299	2.89922355167	0.0751701018454	0.00086948360729
0.000677053544323	2.96416540108	0.120137514374	0.000176344798792	2.6751784416	0.0753277852883	0.000223196813071
0.000593722713516	2.87770728234	0.10220352875	-4.98596555682e-05	2.94684327338	0.0739027411539	0.000326961207439
0.000545302904153	3.04839201501	0.108721883949	7.85558827817e-05	3.0928115651	0.0740189574001	0.00032363914438
0.000614776473801	2.8015438094	0.110386972106	6.03850918919e-05	3.1655905516	0.0771085222011	0.000606635030829
0.00127058298158	2.8762410801	0.117323614647	0.000125467632177	3.09064930061	0.0736217154996	0.00142080804494
0.000456489898345	2.58489713745	0.109705106616	4.15363972816e-05	3.28013550332	0.0728229701941	0.000595480690183
0.000445170342728	2.98601631546	0.0869679022114	4.00748733775e-06	3.02512518043	0.0607472543291	0.000196531207279
0.000315912131206	3.11505841172	0.105792608295	7.23562060668e-05	3.20689382617	0.0773276060272	7.70641555094e-06
0.000680255772774	2.88206115128	0.124399291912	0.000120260126721	2.81618422356	0.0802162299713	0.00164561212955
0.000419167394719	3.07429801316	0.108348576127	5.80678973631e-05	3.24128199732	0.0763895070853	0.00124427634535
0.000578971852315	2.91800464543	0.128541923116	5.68704107557e-05	2.99878558545	0.0700210691581	0.00105147567019
0.000358750463873	3.01873863101	0.104595936422	0.000105418948809	2.92482814133	0.0736417613169	0.000188306478488
0.000395931578801	2.98048722891	0.116878977197	8.856624768e-05	2.95199265461	0.085200368611	0.000147189672715
0.000507351184895	2.92220231282	0.105088115128	9.97034644515e-05	2.94645724617	0.0733847068719	0.00042759384157
0.000545242512018	2.86842670181	0.112858895976	0.00010792700551	2.80661562268	0.0760304788674	5.21684998124e-06
0.00105473562438	2.91835818216	0.106228484287	4.58892056538e-05	3.09729591677	0.0689901575321	0.00129207932075
0.000326278301904	3.18233722977	0.106072686993	0.000117082502909	2.859172483	0.0725258055745	0.000252021721942
6.08859188145e-05	3.01472234551	0.0730229703439	0.000116519345088	3.01609745946	0.0667211981808	0.000371203103926
0.000238475170582	3.03923826677	0.115194052756	6.95505839852e-05	3.05180251245	0.0824924509523	0.000237740719986
0.000487507081785	2.92586469472	0.0969597843122	0.00012484034209	2.79924822285	0.0746957552014	0.000115891749602
0.000391731696648	2.91270344	0.110974368274	4.24524324004e-05	2.94926840955	0.0744728650346	0.00111263280675
0.000530651796879	2.91547286563	0.113937399042	5.81561502894e-05	3.21529507764	0.0674970818652	0.000578409103413
0.000282492894711	3.17756237103	0.109670436497	0.000127420962156	3.51148523593	0.0684176024915	0.000147925741206
0.000711022567313	3.42548666792	0.0900873186338	6.7115086456e-05	3.23237863546	0.0790096003604	0.000631342974969
0.000567064163987	3.04876464798	0.114309122586	6.06866056584e-05	3.1406744393	0.0747366407928	0.000405835089115
0.00042471560479	3.08961131536	0.115357559616	9.05345664447e-05	3.04620277451	0.06759099403	0.000159136750991
0.000436558493565	2.99880417554	0.0979548049117	8.6867894419e-05	3.04392037856	0.0592088604719	0.000268612197049
0.000535626456378	2.93741498956	0.0845318813215	-1.89970307176e-05	2.26041871914	0.0924276739706	0.000389297101417
0.000601242575176	3.06438006384	0.10914854662	6.86539922405e-05	2.98312717971	0.0736479779801	0.00121793369677
0.000848376401958	2.92201232059	0.10878295068	0.000102830695658	2.9451643849	0.0870065847395	0.000942250577525
0.000528841576621	2.93130105025	0.108441532296	6.68757027301e-05	3.148876332	0.0786950021866	0.00102171693298
0.000497795063085	2.97525400217	0.108038171297	7.72494636129e-05	3.01128249264	0.0748815453651	0.000510001064193
0.000399243936481	3.09017317198	0.10501213839	0.000115739619999	2.85257568916	0.070613688317	0.000312146021798
0.000408484455992	2.93300479504	0.109834677679	8.17210334264e-05	3.05222948196	0.0879939399188	6.3218948533e-05
0.000324024848272	3.03136246996	0.108133193182	2.45599752921e-05	3.71288698121	0.0732384687455	0.000255003713755
0.000621239787563	2.80616137749	0.109157835127	0.00015793184652	2.90043876793	0.0567443298488	0.000383477424805
0.000400626278999	3.17802996848	0.113880244549	5.75776513689e-05	3.08567866155	0.0758986962967	0.000275387502576
0.000966055666101	2.78069760708	0.10859149794	5.79285020928e-05	3.13428934949	0.0735983713181	0.00071112754791
0.000501082383206	3.13959070413	0.0635313724808	7.15634695269e-05	3.08225781834	0.065897343904	0.000285126935309
0.000583340863195	2.93405069973	0.0965911129171	9.79938825735e-05	2.92882941103	0.0738745009606	0.00101888695796
0.000460692137608	2.75029044368	0.110745880976	0.000108255144456	2.73723998386	0.0784405776635	0.000944959636273
0.000490706887596	2.96427246832	0.10517931799	0.000122021914131	2.78949881166	0.0654534435294	0.00683737253077
0.000506722995617	3.05205013645	0.106189566955	0.000234852121792	3.32648765175	0.0801713365097	0.00039916589086
0.000382437128369	2.90971508438	0.106683857598	0.0001230141485	2.67777362155	0.0746799567836	0.000476092174088
0.00032516883924	3.0035119997	0.10933493097	8.08286315145e-05	3.00975658508	0.0712040730284	0.00070387347354
0.000680558243957	2.85421447907	0.116201967267	7.83784786438e-05	3.09958765832	0.0707526794972	0.000193754970142
0.000129189528071	2.99876389042	0.107842402922	0.000107170880322	3.03469633381	0.0727847528713	0.000344412201497
0.000471711627111	3.15873015395	0.109495220253	0.000116915154062	2.98833206137	0.073069441077	0.00054791073458
0.000491499888594	3.05764735198	0.116576489381	5.35614851852e-05	3.08740711485	0.0716335232491	0.000101953299902
0.000520928073304	3.1071633371	0.118381076121	6.20098087148e-05	3.02610771788	0.0680320542683	0.000105385676189
0.000346351410247	3.06724321264	0.0977394124058	8.6843516231e-05	3.01004942033	0.0796747321336	0.000463998047696
0.000837850082934	2.89440194991	0.108486144639	5.78267187672e-05	3.11833495086	0.0571402928123	0.00152133174375
0.000959787459921	2.76457650952	0.107088496959	-2.28780371684e-05	2.96368988886	0.0735883286091	5.13124826681e-05
0.000365517822194	2.99384052834	0.10613157565	5.09417115435e-05	3.25309934837	0.0840024382295	0.000299815833603
0.000486639713561	3.14459260112	0.0704590318782	7.75417721835e-05	3.08292648958	0.0822793498217	0.000208630091319
0.000571496389621	2.87987682247	0.0962412433878	0.000131439228283	2.8015807708	0.0768274039499	0.00040607716109
0.000463115580222	3.083315762	0.0934821192561	7.21922113771e-05	3.19456543827	0.0716136455136	0.000776708593857
0.000497730001511	2.91571770432	0.10922255736	8.64885999619e-05	3.00226112967	0.0668783457897	0.000889814028908
0.00105050148516	2.85916903585	0.106471183727	9.85993294695e-05	3.06428857076	0.0822342366593	3.3748828006e-05
0.000618105844318	2.916867555	0.109627154658	0.000141153575073	2.80931485064	0.0722630715598	0.000163226589054
0.000416293706678	3.02796668259	0.116084458301	8.48695209154e-05	2.86633082761	0.0757466595348	0.000314037446527
0.000332469156883	3.10244973246	0.102915044643	6.58210260011e-05	3.12262183282	0.0737342481046	8.33683048579e-05
0.000198204449857	3.15766994416	0.107908303878	4.7721472583e-05	3.30177571167	0.0718840360428	7.47761649678e-05
0.000632991997232	3.01495899562	0.109415723418	0.000106546345584	3.0141559919	0.0694402288143	0.00111754864194
0.000549831308674	2.96595445593	0.109994434306	0.000146762285579	2.82276933592	0.0834191703043	0.000177518247913
0.000469264471579	2.96114962992	0.109443414528	9.15159704263e-05	2.97623068989	0.0745549529546	0.000145032579313
0.000266398888776	3.17275853616	0.10205571614	7.21666408445e-05	3.17898187495	0.0759305035319	0.000186316109852
0.000507014667533	2.94166704046	0.112286370445	0.000106549963616	2.9370459379	0.0881729788	0.000451667864518
0.000682167844011	2.98337508052	0.110988278213	4.87720302009e-05	3.30820168986	0.0702778441712	0.000557902777733
-8.23656784654e-05	2.863446395	0.0907440171512	0.000108372468228	2.98199533328	0.0682261053563	0.000132180552436
0.000440825416071	2.98489873074	0.10833229376	0.000152595312535	2.87696827362	0.0777584918484	0.000234439059303
0.000802441285605	2.76957960874	0.154035094743	0.000138304436616	3.0007835826	0.0742037060195	0.000287979334364
0.00035799061153	3.16829869583	0.104298285832	5.16122342814e-05	3.18920653107	0.0598078832204	0.000268256392862
0.00048112197751	2.9011870552	0.098158202412	0.000120231218676	2.92160655386	0.0754044937605	0.000490960757531
0.000669558910623	2.88974342528	0.113388034488	-2.53080207821e-05	2.9163941438	0.0812253950455	0.000331458095295
0.000612310820649	3.0103830024	0.0992641204651	0.000147471516018	2.97067667889	0.0732786118703	0.000776750222668
0.000695229823008	2.91415360361	0.113386227455	0.000130567747898	2.90219703846	0.0810445099335	0.000654399366311
0.000393807673745	3.02145282987	0.109139257777	-3.67378507027e-05	3.0113243958	0.0768114883059	2.92103451224e-05
0.000683830972372	2.7091088683	0.105220508762	0.000184012594241	2.70157402099	0.0765761154576	0.000448401025737
0.00027550396033	3.21006847124	0.106741920688	0.000139081144492	3.24403556624	0.0719420053792	0.000233259615151
0.000957238150994	3.36317584373	0.111985196429	0.00010694991389	3.00516468587	0.0955135778646	0.000499314565
0.000633600050839	2.92340501955	0.109940234172	5.93809063453e-05	3.09905177953	0.0723970861574	0.00183475094122
0.000390251657112	2.85631570967	0.111156034542	6.10223898387e-05	3.18987440453	0.04954993969	0.00019535342286
0.000287474688112	3.19408344417	0.115341516673	9.45821348521e-05	2.87306229741	0.0701350174783	0.000230380044819
0.00202556312655	2.74031858408	0.109029727568	9.80170591123e-05	2.98356384337	0.0643710066468	0.00200942575679
0.000755135854699	3.28155413452	0.0997827082251	2.00488746915e-05	3.50352953589	0.0718742483615	0.000447644691538
0.000885915351796	3.26743414605	0.104911494431	6.90410224697e-05	3.04140593494	0.0756154494486	0.00165067313188
0.000506156411668	2.7388984889	0.10505081959	7.67402488938e-05	3.07136924789	0.0735897366544	0.000103802535746
0.000231207480647	2.94830158419	0.102271200341	0.000157467087922	3.12685088866	0.0722953785689	0.000107883580557
0.000434991676711	3.0690399217	0.107687990122	0.000116377002276	2.92118076608	0.0872062772987	0.000444406713325
0.000400515298838	3.02032713663	0.11111197621	8.19386814335e-05	2.96798848446	0.0726892274189	4.85911239233e-05
0.000723887462126	2.86034704675	0.114128433823	0.000157746075807	2.8921402842	0.0604446786697	0.000940976076151
0.000747230918986	2.85820536095	0.108549006767	0.000153424902062	2.79679986132	0.0749472822794	0.000198142897273
0.000565171764924	2.95016574764	0.0980552068344	9.1772141787e-05	3.14367215347	0.0797677070964	4.16436934971e-05
0.000306071364845	3.03307266023	0.105513087246	0.000104370047171	2.84975674942	0.0771590867973	0.000217070038569
0.000626063085513	2.89805001351	0.103757729695	0.000111144969281	3.13392103535	0.0746143918617	0.000477033178665
0.000658293426178	2.91790666867	0.0886350588035	2.24357655222e-05	3.25231803766	0.0693114216282	0.000290946481773
0.000814798575071	2.88703070861	0.101466657355	0.000200023051025	2.74171331088	0.0776338930597	0.00107980731839
0.000643198203391	2.9046888895	0.104214714151	0.000110867850085	2.91282477678	0.0738833094329	0.000120134135303
0.000378806000254	3.10168342653	0.110334855237	4.98817504289e-05	3.28907432971	0.0699098753939	0.000430248859212
0.000255856076321	2.97726615034	0.106706581158	0.000146436416928	2.69900911997	0.0691059355267	0.000543408893027
0.000497799041783	2.99362663977	0.0994472975107	6.15581733829e-05	2.83356923082	0.0769602765205	0.000175911907448
0.00035255744928	3.08784913028	0.10506762954	2.68964473922e-05	3.03830073125	0.0764331422995	0.00113526478804
0.000550129548764	2.90115871302	0.107088185955	8.41831657494e-05	3.07337845883	0.0759566393051	0.00035065087041
0.00032462285851	2.98620129193	0.107118320079	5.66199322764e-05	3.03301153075	0.0685737561163	0.000232228056999
0.000316216445539	2.92638121414	0.107845972459	0.000151662837782	2.99972770717	0.0784657714236	0.000425759802108
0.000575180277393	2.82835157609	0.111415417551	0.000146963082838	2.76630405939	0.0752739878347	0.00034101164531
0.000471410464533	2.90621525623	0.115126916732	0.000112737865163	2.92614950805	0.0718037908875	0.000322728478336
0.000453869577825	3.12307149867	0.112077709733	0.000130220377464	2.87144941006	0.0753973093257	0.000396061097693
0.00101834857985	3.04124501243	0.111929916358	0.000118343014371	3.01170767233	0.0669530979936	0.000650572792551
0.000447018169108	3.13952691623	0.0987408715376	0.000130264084377	3.0271088949	0.153520925892	0.000571438469772
0.000684284755269	3.31024483765	0.124998584678	7.04929962065e-05	3.1007235911	0.0862315440849	0.000606280775435
0.000248346124919	2.97845074175	0.105142491588	0.000150700002531	2.84674766627	0.0759843107329	0.00112172952226
0.000583445944058	2.87053600626	0.109660454808	0.000141209723493	2.77417025539	0.0706598808894	0.00018419144357
0.000603011510018	3.09555679143	0.110833516982	0.000209535669953	2.84852750103	0.0651459943336	0.00037925000246
0.000700709973274	3.03760046855	0.105990923024	0.000142601589076	2.83242982398	0.0712774271941	0.000118783585242
0.000386568239958	3.02486478873	0.109633800515	0.000174924280454	2.90912520872	0.0745701562415	0.000525505178116
0.000501792981514	2.91464977577	0.10657788987	6.06360484975e-05	3.12948790306	0.0784723126652	0.000199997019823
0.000448607645615	2.98065051178	0.148082023525	0.000122965058266	3.06152551726	0.0751971080094	0.00015076234616
0.000580708869394	3.0301072902	0.0986911975838	0.00010817909344	2.99261496536	0.0729294096437	0.000521032361396
0.000442805376973	3.0530061251	0.104133207412	8.37842753525e-05	2.99553816375	0.0736280893267	4.94635749069e-05
0.000458866537804	2.93786213694	0.119478325867	0.000101417620352	3.02156217541	0.0747454380858	0.000321407234218
0.000334400488783	3.12069861207	0.103164490362	9.990769776e-06	3.24236372731	0.0737201812846	0.000296668824948
0.00033587718918	3.32101267056	0.122541516345	7.68353254596e-05	3.0806954214	0.0744718266272	8.08148055116e-05
0.000567112251481	3.04641244184	0.10395716392	3.84068496504e-05	3.33016301987	0.0893816583652	0.000344481062012
0.000405462698467	2.91129532009	0.128760679328	0.000102894471144	2.86288459371	0.0738800278648	0.000111631502046
0.000574865301726	2.85027784196	0.0973934939827	0.000113242741422	2.85207900518	0.0535616760022	0.000339614280679
0.000870944526188	2.97105557909	0.0976530928506	9.82866267022e-05	3.15690554584	0.0781136373797	0.00030369845429
0.000443625263812	2.99949139498	0.107728652015	0.000124082097213	3.05459549852	0.0709645883798	0.000218446070658
0.000410147987542	3.09481054273	0.114229065554	0.000123073286217	2.90519469161	0.085457142675	0.000264687420777
0.000264938584741	3.06140805264	0.0853586199317	2.52050027225e-05	3.54563379451	0.0815009609787	0.000507290523531
0.000348477824467	3.06761654862	0.110440139466	8.6614401653e-05	3.11441951397	0.0753586611085	0.00023563459928
0.000698401825186	3.0301149465	0.0874184901596	5.11050265531e-05	3.2118187811	0.0483147896448	0.000892258796019
0.000355412387823	3.01785752599	0.108969576384	0.000113809805476	2.72910907751	0.0899114088982	0.000435176397611
0.000596956279463	2.949313656	0.0965003537506	6.54552365998e-05	2.98829541427	0.0858494029493	6.44810096111e-05
0.000309361597095	2.90836519034	0.108488803622	5.37902013411e-05	3.11832771592	0.0708828429164	0.000290912272673
0.000560984628363	3.05675630112	0.0866167523388	9.83447217423e-05	3.00306045501	0.0738957310896	0.000277254271581
0.00106653292638	2.9537494285	0.115058643545	9.20251706718e-05	2.99453995777	0.075854667206	0.00147178758003
0.000403178962266	3.10167734611	0.107024316683	6.1145647765e-05	3.18016026189	0.0742999724879	0.00033488126612
0.000570640009248	2.82635561253	0.124716256033	0.000101979512504	2.82981085844	0.0810844627986	0.00124168360749
0.000399421432188	3.1051153886	0.113621216736	4.65114993873e-05	3.28567996728	0.0801291349624	0.000281052092688
0.000529533635207	3.00640481086	0.113603012161	7.05751005722e-05	3.11263213309	0.0764470808356	0.000472455629478
0.000452206622081	2.95508947182	0.116966122701	3.82711401652e-05	3.35648800709	0.0788014645659	0.000413314718096
0.000521847566583	2.89337042059	0.108255236865	0.000153884786776	2.87818124856	0.0743167359725	0.00091824527123
0.00127571057775	2.7652646162	0.102901272864	0.000272668101577	3.27792828318	0.0787412236128	4.78787493291e-05
0.000165248396024	2.9675962983	0.107350838878	0.000209031958239	2.67650886835	0.0753557164045	5.11433309554e-08
0.000824492703337	2.89458827907	0.11682934572	9.06044850645e-05	2.81036695853	0.0736104945843	0.000742750186699
0.000524449514443	3.24907156377	0.104376396027	3.64118199955e-05	3.22689268284	0.0682149889128	6.19953530076e-05
0.000726422307586	2.72789761097	0.109571230936	5.44971742367e-05	3.29326407879	0.0719860022823	0.000264501076269
0.000422388204225	3.17499015905	0.107054960239	9.02502409249e-05	2.99894193283	0.0710063789361	0.000549660185283
0.000673821212626	3.00713716386	0.104505483757	0.000103766092431	3.04647969612	0.0749778744472	0.000637832500855
0.000527608932705	2.97283614583	0.110132835385	0.000220045298125	2.90602053219	0.0718812674853	0.000441156559453
0.000250543697449	3.17476080277	0.101720682222	-1.00009918498e-05	3.47601213415	0.0741980469175	0.000111328907699
0.000316225974983	3.15454766204	0.114571524365	7.25086641337e-05	3.16425967175	0.0723305159896	0.00032141592707
0.000684138720812	3.14084949323	0.105719845637	9.316004672e-05	2.93953776745	0.0773196058102	0.00113719041472
0.000491444795507	3.05179151175	0.09308292531	0.000130284791687	2.8845728756	0.0801551641594	0.000393435891521
0.000318772905692	3.0255420171	0.122451193345	0.000110833712925	3.04107595406	0.062496166716	0.00169388562372
0.000506792788107	2.91559251255	0.103529168401	9.27722002922e-05	3.088876464	0.0768832669165	0.000297542417352
0.000298698434889	3.04506938281	0.108800313377	0.000132418920772	3.13916850344	0.0713107568228	0.000537352093277
0.000559055186683	2.88461926329	0.0982067360535	0.000118835654821	2.88169264376	0.0799688370638	0.00013953213884
0.000568512418001	3.38997818154	0.109964149038	0.000185405024026	2.63879757031	0.0821117378499	0.00289217759223
0.000403105880067	3.14966839118	0.104306804542	9.42758503898e-05	3.01860631556	0.0758870930523	0.000425005960071
0.000838852220846	2.84395120809	0.097603945733	0.000125179229086	2.92796848524	0.0754671955147	0.000189872671587
0.0006371962318	2.93197119638	0.0915860071956	3.40913662594e-05	3.50105613697	0.0771524348056	0.000398355008214
0.000469293525959	2.92680029033	0.110995395663	0.000137704309243	2.91987082799	0.0795084875809	0.000369200415891
0.000750553616888	3.07113086598	0.105031033532	7.34381294236e-05	3.02990134565	0.0696629120532	0.000885538473576
0.000309440521015	2.79860301116	0.117092552896	9.6647397987e-05	3.15147759092	0.0725763185806	0.000254396735929
0.000369877234927	3.04126914417	0.105748933529	0.000101797251453	2.89016227283	0.0893405571959	0.000169147070589
0.00090381130235	2.86964016899	0.104300521993	7.72189783319e-05	3.05150006374	0.0754651394885	0.00177151809243
0.000382213383395	3.12851071569	0.0974529784898	0.000106189432972	2.90800967303	0.0624873506949	0.00034890033207
0.000367591575293	3.04308278485	0.108617617133	8.95738429042e-05	3.02959526843	0.0733569196994	0.000284532304075
0.000632090915378	2.82945371337	0.112058330849	8.06446976191e-05	3.05893560035	0.069144212205	0.00040920146837
7.75036261557e-05	2.99151681201	0.113728008323	8.67474778087e-05	2.99111471862	0.078854547444	0.000485824008232
0.000515354699189	2.93380912163	0.108857539753	9.79205119796e-05	2.98893261255	0.0741871820561	0.00038087922877
0.000709765273992	2.98049824144	0.0958496054702	4.53332642722e-05	2.70746852093	0.0906140975764	0.000323019127626
0.000890500523004	2.4623237615	0.0982358841824	6.64657254699e-05	3.01053214567	0.0759423606861	0.000707486388844
0.00104158382878	3.09960082405	0.115113362823	0.000189798688817	2.72871255496	0.0717486106578	0.000430453953342
0.000376438070418	2.91999006275	0.106814360468	8.89244785272e-05	2.92463108524	0.0575103790149	0.000449428595515
0.00068303561534	2.74658961524	0.105695970905	0.000100554312348	2.94898988917	0.0741158501333	5.64792456521e-05
0.000435613761233	3.04133559719	0.109341297835	6.16876784057e-05	3.1987891033	0.0689379744425	0.000265634766638
0.000946544631321	2.75336098586	0.109601176697	0.000112270384094	3.00182546524	0.0735130206875	0.000989797324098
0.000458675179603	2.86052053205	0.102718992323	4.72365937568e-05	3.31345372032	0.0727955130186	0.00010783368549
0.000383753685113	3.07952167433	0.0985337427052	6.78784919705e-05	3.31255948717	0.0702913299819	0.00154257767656
0.000537399480118	2.91393235874	0.119029074672	8.74365450515e-05	2.95558990443	0.0730086561225	0.000290286963938
0.000500501666484	3.01597457671	0.105723990133	0.000104554977438	2.9551032765	0.0757600991152	0.000317760007889
0.000384730658632	2.85470965378	0.10530355111	0.000209910541799	2.68376001349	0.074369356171	0.00075910684667
0.00040545819265	3.0292600872	0.0972906470872	0.000158098225134	2.93485323161	0.0802506656029	0.000347287657199
0.00100317317784	2.57183929197	0.112037159449	0.000136527297033	2.95259174221	0.0675689489804	0.000677379963388
0.000475239615814	3.04581399668	0.0965898032841	7.75783692117e-05	2.99917444176	0.085126125188	0.000824558993943
0.000566960362129	2.9221407176	0.114236526474	0.000140812719508	3.08563626101	0.0670314195097	0.000276073134714
0.000406772716065	3.03391334396	0.0889623713337	8.97076677849e-05	2.92115803639	0.072705039645	0.000374621156417
0.000696154260427	2.74712469672	0.1094930757	0.000125696520203	2.77837558129	0.07652749491	0.000508744665405
0.000391045340174	2.99551232192	0.113255946295	8.91518974427e-05	3.04189880927	0.0783895072004	2.34904658074e-05
0.000575411716973	2.93671354074	0.105003197918	0.000116292429482	2.87699234552	0.070201556662	0.000635291124099
2.51124957e-05	3.10610866746	0.10950779242	9.04108625215e-05	2.96499861168	0.079895560898	0.000865045596953
0.0010291896089	3.05439327311	0.124295409106	0.000108318458541	2.91677483237	0.0913069792614	0.00100385078158
0.000511568918722	2.80621094979	0.107218539095	9.73266519848e-05	3.73995550023	0.0817456536656	0.000284196600007
0.000381024252099	3.05058733264	0.0964692437743	0.000125138210942	3.04643944237	0.0859891717669	0.000254974589962
0.000433122877663	2.93199955227	0.116611878342	9.11047849854e-05	3.02044233117	0.0695054219043	0.000523375256108
0.00104753978612	2.81813396988	0.115189275676	8.66355221332e-05	3.14324192151	0.0659291793907	0.000849202886084
0.000235476875217	3.1561457745	0.0896973773249	7.58591832398e-05	3.15463886538	0.0825738719164	0.000359658091561
0.000618222390123	2.99620986585	0.103237791477	9.37869832525e-05	3.07325762628	0.0734468769637	0.000853522292789
0.000262075202095	2.87473954687	0.116524537302	0.000106254008266	3.10423897161	0.0749620980567	0.000744982836845
0.000430627077219	3.03151273839	0.105436940425	5.42925924018e-05	3.27508061247	0.0716550278239	0.000248081533118
0.000445543221747	2.90816899581	0.0938538361941	9.69755542548e-05	2.9879991969	0.072083491776	0.000250056251553
0.000542587043745	2.89361458231	0.0883876642466	0.000103060841554	2.91832453333	0.0751588703849	0.000107216099374
0.0011376569168	2.74578104568	0.120620879968	7.71352959991e-05	3.08836630362	0.0775084748161	0.000194913499596
0.000424959310366	3.12239317792	0.111195154357	0.000110771028605	2.95308226386	0.07569149758	0.00023943794244
0.00074152524187	2.84920879479	0.102371019	7.21743485317e-05	3.07299673946	0.0736267919182	0.000321714064864
0.000315536466651	3.04504964333	0.10707582476	-8.25721806404e-05	2.656571226	0.085591879198	0.000236990161091
0.000634343140073	2.84196297708	0.10918428488	7.37507753611e-05	2.86546934165	0.079004461968	7.61321564647e-05
0.000436692629171	2.94028425172	0.107212975924	0.000160803593423	2.71852459239	0.0742323853884	0.0011836941927
0.000432683891324	3.08504033236	0.105816208357	8.67593938306e-05	2.98006305536	0.0824672195142	0.000170201599122
0.00057727847897	2.80698113751	0.107441965723	8.07167397909e-05	3.25227397499	0.0759336831491	0.000215735556863
0.00033226132472	3.06434136463	0.108231359889	7.74916529311e-05	3.09829055163	0.0693555897873	0.000289047886726
0.000548095186683	2.8273236274	0.101300305435	9.25352676403e-05	3.05673404244	0.0621527531857	0.000443967456985
0.000216616272176	3.18123891976	0.0916345695006	6.07403826822e-05	3.19214043369	0.0834405739862	1.28120800251e-05
0.000458721490347	2.917760916	0.109507545248	0.000225985809333	2.99676211868	0.0829850195579	0.000384197317151
0.00017693202284	2.90986122946	0.105465288674	9.70403925606e-05	2.93849985933	0.064223318727	0.00275484507069
0.000433806812029	2.9921287621	0.104091771112	5.08467106314e-05	3.04309091548	0.0719696577378	3.75010576058e-05
0.000500181099723	2.91541960579	0.104356408834	8.82098912546e-05	3.00058945704	0.0734498249576	0.000178133085076
0.000277818807406	3.09556549226	0.109376889364	0.000121407905015	2.89972769341	0.0826455555277	0.00022122337651
0.00074342562809	2.74978599163	0.105116154613	3.50617077106e-05	3.37359504425	0.0596145755163	0.000135552772373
0.000337171497662	3.15540089263	0.114617982314	5.00402972736e-05	3.23444541318	0.0771622095231	8.98908425035e-05
0.000453384206681	2.84072993831	0.109065151507	6.7505608869e-05	3.0162792476	0.0826397956444	0.000221505945388
0.000408755905012	3.14467915201	0.110661575053	6.00831603248e-05	3.06747460742	0.07655329688	0.00345941851791
0.000486016792281	2.93507964279	0.102884779754	9.52921956422e-05	2.92402786137	0.0763111585579	0.000751144367338
0.000471165542884	3.10800506677	0.11000820386	8.69028379282e-05	3.01940125107	0.0721221026804	0.000982511352014
0.000503101721858	3.03390595092	0.109202316005	2.46415296709e-05	3.10263643512	0.0748938590146	0.000469891781684
0.000501480495014	2.973575818	0.106528653295	6.95592657355e-05	3.36706105678	0.0768496953436	0.000349759853853
0.000352268989808	3.12135210629	0.08926666271	9.87799862977e-05	3.01046620621	0.0648708936397	0.000226284330809
0.00074699107841	3.09180432997	0.115186236755	9.94083140884e-05	2.89122546362	0.0733003747405	7.30876931154e-05
0.000458895603309	2.81023031999	0.111524333926	0.000148428874377	2.71884773102	0.089296372528	0.000424786036746
0.000629286422048	3.04480400094	0.103789009403	9.43361705636e-05	2.9256852769	0.0714036547342	0.0001727363903
0.000295993018121	3.05381020079	0.111577703932	7.15364924324e-05	3.14114279809	0.0651751802966	0.000255937807841
0.000400235669405	2.97675791418	0.106784404274	4.24455335007e-05	3.19397174277	0.0776426132633	0.000296901079643
0.000588421780964	2.99968713952	0.10833821794	8.01036628184e-05	2.9833250093	0.0687857067783	0.00037730403187
0.000484357233855	2.88384955903	0.109974785017	0.000173206792165	3.17916396401	0.0656300121418	0.000364349715583
0.000550158286301	2.9130774156	0.108389758471	8.35081661223e-05	3.00002544675	0.0696636514824	8.58286100561e-05
0.000486761387253	2.82669740408	0.115586985865	0.000155159195372	2.88194606285	0.0738398183084	0.000887332117354
0.000762249259721	2.92072149529	0.113102765376	9.94760801351e-05	2.9473675068	0.0643744172158	0.00162854594265
0.000579359971839	3.09745503063	0.107428431357	0.000114356756297	2.89676191633	0.0740271760904	0.000564943903607
0.000313480920779	3.08781155123	0.109833004192	6.56950093334e-05	3.15081556981	0.0614759883155	0.000200789868233
0.000476288310527	2.96998279272	0.102548473697	0.000102170886416	2.92699717125	0.0701928523124	0.00082813677235
0.000585205258444	2.98138507881	0.106819243717	5.73352475189e-05	3.21259256329	0.0743073037472	0.000202651562906
0.000700149434531	2.9711833738	0.104617934021	0.000123173558529	2.84691891677	0.0711752248599	0.000776784118922
0.000638832777318	2.95259171137	0.105520559581	0.000126997037864	2.96156955913	0.0717653999094	0.000578802063864
0.000702271737979	3.41104875222	0.112405478473	8.14551322866e-05	3.02144339012	0.0719260204527	0.000101545410117
0.00103656576506	2.65327530184	0.10370929225	0.000108746496575	2.97451282585	0.0688369763517	5.05200889003e-05
0.000492428751604	2.95502582147	0.108437922399	9.05561742302e-05	2.89311158149	0.072125034683	0.000209382659677
0.000450632373741	2.98118744798	0.108346198788	0.000122190696552	2.88984810707	0.0806418227449	0.000125215598425
0.000644593722938	2.93417814807	0.100758957181	6.32399286639e-05	3.17646473805	0.0703835744623	0.000159361232253
0.000520805335593	2.88860395648	0.114271666794	7.99600194636e-05	2.99182228119	0.0778016737271	0.000434303289066
0.000297287677664	3.13463975008	0.101225133589	6.44458170407e-05	3.13437874294	0.0876105229621	0.00017316861189
0.000661269322165	3.32698186469	0.100891254049	0.000103054355552	2.84385499338	0.0669436003115	0.000344516919413
0.000422438890328	2.93516437989	0.111200041466	-3.489377913e-05	2.976655348	0.0688339551417	0.000117899071302
0.000719460997657	2.82105587204	0.107394322235	0.000139190434313	2.86899535435	0.0773263233431	0.00114973188756
0.0011451569527	2.86610257935	0.0930665286978	0.000192696726066	3.00157156192	0.0661759118061	7.1981478817e-05
0.000433315975903	2.96415573227	0.105426876947	0.000103436051621	2.86466426534	0.0747977692483	0.000311341495839
0.000407223253816	3.03199810863	0.104586366493	9.68156418035e-05	3.00515307864	0.0729209483967	0.000110247909132
0.000321993663744	2.72181036493	0.0921680458475	1.82289614571e-05	2.86710316971	0.0744561836345	0.000524068906565
0.0004208336174	2.8348805593	0.1156387965	4.53759996992e-05	3.26620051028	0.0739611747787	0.000201526626052
0.000474853019303	2.91127965265	0.0949482349586	3.89598693654e-05	3.53408869189	0.0746520320626	0.000182155717891
0.000248755012312	3.25141878849	0.100413925494	8.8419454493e-05	3.00793107703	0.0815648046291	0.000236092268648
0.000493388227892	2.94984195363	0.10551917162	9.61741249366e-05	2.99581680007	0.0761446588533	0.000569344822977
0.000364657490622	2.95598593708	0.101911655453	0.00010706471375	2.79563221192	0.0753343859547	0.00023336676523
0.000307809215411	3.11292869696	0.107214196349	0.000191636979352	2.72106065132	0.073294344855	0.000221891034161
0.000816989680634	2.93259166095	0.107016713015	7.13768627115e-05	3.07118062417	0.0800491834772	0.000600759004662
0.000491184705852	3.10419184954	0.102021212719	7.23120851524e-05	3.11993618242	0.075811195638	0.000298028211896
0.000922895991014	2.8609492941	0.113211818849	4.83312645293e-05	3.28948968672	0.0802408861078	0.000793643997531
0.000688179027212	4.29019145224	0.0963243673637	9.92023318205e-05	3.00533063033	0.0757013885039	0.0015810018092
0.000502961199634	3.00915094183	0.102779978759	9.73228861983e-05	2.98959417899	0.0791785948469	0.000387304912548
0.000389177038156	2.96661308591	0.109674559776	7.83973550106e-05	3.06829735908	0.0755306817755	0.00096780926124
0.000289384107877	3.04268031491	0.120768827309	4.22182643692e-05	3.21924259089	0.0689870826588	0.000292833403702
0.000679228580835	2.97302428731	0.109268862867	3.34105537597e-05	2.96314786988	0.0780193083617	0.000173412495073
0.000705701777836	2.96593877702	0.113149427599	6.08866607164e-05	3.22867615723	0.0687070903853	0.000524178962641
0.000408954477812	3.32274739028	0.143282872475	0.000180733847243	2.92521968386	0.0735421420059	0.000832816562545
0.000446138622452	2.99020793309	0.109366707832	0.000111804412745	2.95522978314	0.0744279559253	0.000166516443377
0.000841873738035	2.93490229879	0.115954345686	3.96961818672e-05	3.56192489925	0.0944519774735	0.00103557366729
0.000463667008978	2.90874162618	0.0679316697322	7.17397628627e-05	2.99814932259	0.103699485363	7.60639406694e-05
0.000571119168438	2.85058959083	0.0964977370605	0.000145258058108	2.87077922832	0.0761804308119	0.000533904249461
0.000813845720233	2.92831835875	0.1055857464	6.34801369923e-05	3.23032025503	0.0754892877178	0.000374874636276
0.000263602944166	3.32926619914	0.105310388571	0.0001145068982	2.84807531965	0.0779355802013	0.000118312309302
0.000316542138067	3.1253074406	0.108785370233	0.00010066142599	3.07869225363	0.0723977387506	0.000297707510409
0.00109466578292	2.67447166132	0.107904502747	0.000122503922602	2.84450202213	0.075678882261	0.000335881193005
0.000803994678334	3.01911891299	0.117882924468	0.0001102838431	2.9251990962	0.0745862215693	0.000565462887445
0.000433234684088	2.99261248557	0.102840653394	0.000172949349035	2.86208111709	0.0744663616918	0.000325065284844
0.000755152299088	3.11693725732	0.112493410464	0.000120417273583	2.96942218094	0.069210574325	0.00220385020439
0.00089888164883	2.96146055537	0.0491857659914	9.4144958836e-05	2.89847697829	0.0612517619013	0.0014716635286
0.000588197089541	3.07504707859	0.110643981819	9.24321343572e-05	2.86037506355	0.0692094506443	0.000507074016434
0.000435875353696	2.98473560502	0.114450400436	0.000141185110368	2.79301355768	0.0694574994722	0.000271224235475
0.000388434696984	3.1553805049	0.102843715697	3.83297936513e-05	3.17294737646	0.0741133136494	0.00152594441863
0.000317557548187	3.13319595687	0.110368798601	6.32002450686e-05	3.17869207444	0.067390370378	0.000168912144638
0.000431109895823	2.94209570134	0.103497395331	4.20781554326e-05	3.11961191222	0.0613865955736	0.000316724696051
0.000428124551301	2.9942194599	0.111780188733	6.81574169276e-05	3.11581313055	0.101097931492	0.000364604212186
0.000421903984445	2.95101199486	0.111085472611	7.41504702688e-05	3.12059143141	0.0955017724938	0.000532110621022
0.00047405998891	3.00776038929	0.108767068127	5.14964166497e-05	3.10464658253	0.0786959259327	0.000236230408896
0.000483668844729	2.88836802672	0.11224083623	9.36031810642e-05	2.99343534458	0.0660938851055	0.000150909920059
0.000532072128541	2.99226735072	0.101714579047	0.000184933063727	2.78629528486	0.0731750024218	0.00126103052626
0.000387791679097	3.156648568	0.116402826583	4.88847896464e-05	3.25956674413	0.0738999949813	0.000251193698812
0.000447469215901	3.00583508174	0.108495610264	8.22525474726e-05	2.98819646876	0.0770102956638	0.000782211908066
0.000322499680043	3.03306560852	0.101107026104	0.00012348399575	2.80399456521	0.0679950297663	0.000202617625827
0.000599885834208	2.90581674204	0.0942019518039	8.03751332743e-05	2.95558579563	0.0724273488971	9.7603427165e-05
0.000140419512317	2.97668456848	0.106421779784	8.16625183102e-05	3.04279802505	0.079831458307	0.000188656324631
0.000792701187398	2.96113336762	0.113900549206	8.60237117512e-05	3.13274831459	0.0968545596104	1.71477380819e-05
0.00058755145844	3.18197702315	0.112792106402	0.00014082415072	3.09752764206	0.0705997886269	0.000860105737257
4.87222219216e-05	2.85023550222	0.106470419043	6.76500174764e-05	3.18529751057	0.0767381210418	0.0020644631332
0.000544276116715	2.98929333973	0.111117900955	3.4063700897e-05	3.13677367151	0.0697257672806	0.000468279786774
0.000487387824166	3.01436530118	0.108756513649	5.72286674828e-05	3.65082170603	0.0727229504866	0.000717823043766
0.00144706436914	2.61549924272	0.105512236444	7.46395038389e-05	2.97159121044	0.0719852668366	0.00131240308691
0.00049631037526	3.03394881321	0.0910705616752	7.04761240383e-05	3.04115812326	0.072520521373	0.000409797337005
0.000602904799353	2.76015863571	0.105052793609	0.000105344736216	2.91301943074	0.0712564265744	0.000200926050695
0.00041136166277	2.96191876138	0.111005601704	0.00011629711266	2.943669541	0.08064333513	0.000670911730275
0.000648844044505	2.92785687663	0.108843082331	0.000159059886318	2.73199855509	0.0766965379802	0.00042718963445
0.000290929913485	3.08941080932	0.0913758977435	5.80885384252e-05	3.16628928211	0.0653335721263	0.000118944024209
0.000353978129912	3.01847236601	0.106328527372	5.85706059688e-05	3.2501016198	0.0718035741992	0.000226334993993
0.000515354873548	2.84267780566	0.104848466726	9.84032454313e-05	2.96503081577	0.079139742892	0.00048241047242
0.000482811162908	2.96675629822	0.108061751046	0.000127967923414	3.11861556833	0.0583281803469	0.000723257839357
0.000495020039536	2.91578095075	0.111597749541	9.09279174995e-05	3.13304553792	0.0752606957767	0.000204174159134
0.000686074270325	2.84607676859	0.112631088119	0.000141129609978	2.86704942119	0.074657533035	0.00156009445331
0.000265617754427	3.23359304469	0.106555848291	8.95190931528e-05	3.06667875002	0.078405484571	1.22994198316e-05
0.000685607828449	2.86856611316	0.097415358675	7.32034792161e-05	3.13317351256	0.0776130191652	0.000322961198611
0.000463991493336	3.030189869	0.104205134699	9.99452153739e-05	2.93824192135	0.068242623448	0.000367652677136
0.000547035410414	2.9018431386	0.0909530095857	5.49010584242e-05	3.20140167703	0.0856664636327	0.000322437117277
0.000399478925224	3.03696932593	0.108338265261	9.67026963287e-05	2.85181916204	0.0774859195998	0.000180080642339
0.000550647535486	2.97519975177	0.103033081685	8.65725071389e-05	3.02233493431	0.0754146498599	0.00073168376551
0.000417626497019	3.00962079996	0.110751333362	6.72758364607e-05	3.07552367631	0.0817980501577	0.0004935825898
0.000493462652247	2.99679294962	0.108683559482	6.59255585814e-05	2.88670190519	0.0720762059483	0.00095858890224
0.000352658147003	2.83936855601	0.111942224025	8.01337965602e-05	3.10478354554	0.0601429975613	0.000213040736621
0.00021880491971	3.06728024843	0.125123069616	7.57123943678e-05	3.02453272274	0.0732255523253	0.000552003312477
0.000428228139891	2.99017509078	0.117316863686	5.64863177882e-05	3.11603294457	0.0538361234645	0.000264411625392
0.00042011966023	3.27472189298	0.109949291212	3.70564106969e-05	3.32364680668	0.0743059892748	0.00019587032508
0.000380730225961	3.06991084469	0.106980731447	4.61726281517e-05	3.26112567913	0.0795167128001	0.00105822655522
0.000526568744461	3.13723873452	0.109996307236	3.69903550493e-05	2.96334018465	0.0735747016983	0.000278943321567
0.000219419156606	3.2383781181	0.0977163174378	8.30531221605e-05	3.25142428233	0.0690650798805	0.000441054766427
1.76830706361e-05	3.06096258021	0.0992210760954	0.000128403452066	2.84435462113	0.0763554862185	0.000666869276716
0.000604050095978	2.89349632614	0.110449745116	0.000109288604355	2.86885054648	0.0837671337509	0.000375753332638
0.000508479178468	3.0435274108	0.147944164646	7.51152297178e-05	3.07010967303	0.0750410206079	0.000118676094143
0.000560688580621	2.9060422364	0.11256880891	0.000124281612149	2.88822052209	0.0803187136627	0.000174590910717
0.000700244866909	2.53170852277	0.114408376827	9.2520856655e-05	2.95348570585	0.0739687488943	0.000179037511072
0.000358195235959	3.07528797851	0.110062946706	0.000105440133384	2.98908257445	0.0793824848242	0.00040424066164
0.000637578511112	2.86698439554	0.110031508959	0.000143048891965	2.75560613243	0.0760286324169	7.29491304772e-05
0.000492667854244	2.88628187599	0.0988557640608	0.000136990933822	2.79510432151	0.0722333498837	0.000880647734381
0.0006216244056	2.90799299835	0.123453539114	0.000116677094619	2.56197725424	0.076476076139	0.000544807819844
0.000491230953842	2.79684265628	0.107133132719	0.000107421190204	2.92846081192	0.0717174880298	9.85838912159e-05
0.000532084700957	3.02317629942	0.111173498565	9.26243702458e-05	3.17034475864	0.0621111615444	0.000831247135764
0.000518084588216	3.0738993243	0.104630009271	-3.01221888633e-05	3.13202217528	0.0745557180817	8.94221057976e-05
0.000745088666354	2.91641923765	0.115496407097	0.000107526231626	2.91948785153	0.0982993030447	0.000656842306504
0.000674921583237	2.88690999549	0.097565096843	7.1076854204e-05	3.14064008428	0.0576030999671	0.00079553815929
0.00028762061731	2.97226521433	0.103786841064	7.37098834618e-05	2.98396361155	0.0671057493548	0.00182604403045
0.000402579585779	2.78593549626	0.108354292672	7.65653663977e-05	2.87195924957	0.0800555161566	0.000364567350354
0.000570418424495	2.85627414474	0.111039458384	0.000106875349902	2.89383408092	0.0620555518891	0.000217499858246
0.000438087057731	3.04249033285	0.115250004067	9.34642203916e-05	3.06138830374	0.0738661102264	4.04628811446e-05
0.000518187439752	2.92057987182	0.110484094483	0.000100381469568	2.93787934618	0.0754069315175	0.000312981762098
0.000332000115278	2.91458231919	0.109730198661	0.000143426248732	2.92458138998	0.0745696806691	0.00060807552859
0.000400492606143	3.01617616057	0.106998812493	0.000110322995568	2.97407039118	0.077957485417	0.000319279775616
0.00077284319641	2.86099463529	0.110080672866	6.97971288177e-05	3.00373897193	0.0579431655908	0.000642247869668
0.000334699796424	2.91758334525	0.104432617898	0.000106205174032	2.85287458076	0.0576196326181	2.95652362891e-05
0.000410164097031	2.90134381462	0.129008232466	7.91964461662e-05	3.09964918561	0.069710792887	0.000268220333875
0.000488970372027	3.11653455496	0.0986106014428	0.000138674282715	2.80035604441	0.0746734300535	5.14031802939e-05
0.000805891194201	2.90704030505	0.105550743935	0.000101833566896	2.79746132791	0.0780265816034	0.000979691339278
0.000414113231232	3.00653322674	0.111269096477	9.13927054851e-05	2.92037344057	0.0737822110555	0.000291002994501
0.00073277959017	2.70127389203	0.10521097396	0.000119618132797	2.79404640362	0.0744879759791	0.00153073649202
0.000431604924668	2.8644828163	0.09747176296	0.000210013760046	2.84629361115	0.0729541530547	0.000403924096256
0.000826076551537	3.19836946008	0.101772918579	6.26923407353e-05	3.05089738048	0.079765371129	0.000221979529535
0.000639203836492	2.8503242619	0.107460207043	0.00010789844569	3.06086556244	0.070693680773	0.00201095762491
0.000487595843383	2.91540417993	0.108714084188	0.00016148697165	2.94416606765	0.0779803506474	0.000445260104909
0.000493516332974	3.1041835162	0.104190229085	9.8504233237e-05	2.99407316546	0.0819699806856	0.000409008274955
0.000949488455116	2.75059881848	0.0730929837058	0.000151706616167	2.64502813335	0.0754046910467	0.00102171803679
0.00049104954099	2.98135385246	0.104350349073	6.91456337003e-05	3.09949590237	0.075571050133	0.000256818093929
0.000260567593598	2.93496432981	0.0957039250752	4.24203009653e-05	3.1763703605	0.0744242114436	0.000133399811987
1.51184869131e-05	3.20359709007	0.10864061773	0.000125957446013	2.84892229813	0.0766852534777	0.00102792852371
0.000584966215442	3.24099904766	0.125694585349	0.000162938512581	2.59647605896	0.0655970084963	0.000262367617338
0.000594724648207	3.00724413996	0.110109502789	0.000121126484031	2.98967757853	0.0745746860423	0.000673805243643
0.000580380279245	2.95061331212	0.10633482769	7.47230728432e-05	3.07837927324	0.0721996237421	0.000782997317236
0.000570209701161	2.98793121418	0.106751972832	6.86543555311e-05	3.17382965816	0.0684129588804	0.000462904056561
0.000666145620624	2.89486048277	0.104063911167	9.49021372257e-05	3.23232607301	0.0589512109037	0.000469901846457
0.000893381551186	3.14074032899	0.107138050343	-2.3123799335e-06	3.26579952474	0.0658603367067	0.000114040350264
0.000472711903423	3.02395833659	0.101045189654	9.0804354114e-05	2.91245133227	0.0739389447469	0.00708242192128
0.000586211039065	2.90042048431	0.111202457307	8.24336902513e-05	3.03808551211	0.0822545003383	0.000266219034714
0.000415497061776	2.94143060355	0.114563576531	1.99190478505e-05	3.30290996774	0.0742793664785	0.00112732215293
0.000298263443147	3.02095761367	0.105681624479	9.30291312942e-05	2.95802739683	0.0772554298948	0.0001140841652
0.000563762641542	2.99004908578	0.105736556329	8.52680990502e-05	2.97921282435	0.0711430794046	0.000561071491317
0.000390005833853	3.00417182388	0.109889821562	9.56919170695e-05	3.00307195811	0.077563283519	0.000662172406352
0.000313808293903	3.10216511506	0.101132905432	6.62953431919e-05	3.06690059582	0.0814924714288	4.88637465101e-05
0.000618781155274	3.0375034693	0.110883828744	0.000136277319355	2.76598841006	0.0721592236083	0.000247478518924
0.000184388931597	3.09415528234	0.106853323131	0.000108764062194	2.91085198001	0.0706512971641	0.000151275056462
0.000799817273261	2.74479252147	0.10620323412	6.42763047139e-05	2.86069648408	0.0799347938326	0.000521241676469
0.000682011984455	2.7828057457	0.102912970836	6.36059863662e-05	2.97585312823	0.0742425656777	0.000679969119898
0.000994491725147	2.89340386555	0.1068249402	0.000133871231511	3.05659249769	0.0778233545215	0.00144389798021
0.000606176591075	2.8846410344	0.109465808347	7.55732088954e-05	3.01660841656	0.0719514671445	0.000410869695413
0.000568710782328	2.91592580582	0.109982429692	0.000115031568427	2.91496624607	0.0772659400151	0.00031092853685
0.000480019740344	2.65769928459	0.0975675326341	5.24397827679e-05	3.26305997967	0.0901425175646	0.000382223712022
0.000294802632395	2.98391634072	0.105294555037	0.000124528681779	2.92946773448	0.0781450745217	0.00025456433035
0.000570831512783	2.92218342043	0.120106744536	8.25214817576e-05	3.08286798117	0.0724198199549	0.000331073228855
0.00080136977183	2.69177033306	0.110237526232	0.000165620452452	2.81882505737	0.0777232509438	0.000106921760704
0.000335794197992	3.02372955239	0.100939309518	0.000152687758487	3.0013868893	0.0722110962176	0.000346095255731
0.000465531124261	2.98235485369	0.107189615878	0.000150482246132	2.86896923637	0.073215766629	0.000671771130415
0.00038160717132	3.03240860548	0.102091369341	8.97716270783e-05	2.72400097851	0.0735593675874	0.000468529220723
0.000606034878214	2.06939313172	0.111317644753	0.00012983612326	2.98121673504	0.0766544254693	0.00178766897639
0.000573619346331	3.08494448955	0.111065742772	9.43709350582e-05	3.03176734423	0.0760260107883	0.0010058687491
0.000499767392056	2.98285612034	0.0905109437966	8.91881948844e-05	2.98038315771	0.0103817929592	0.000277251903593
0.000531410766893	2.89203282713	0.108624424258	7.0102765274e-05	3.09113276724	0.0775605711576	0.000342982663055
0.000342051679217	2.75277524107	0.119549203562	9.93276506341e-05	2.95948735475	0.0768743589618	0.00022226258819
0.000489391636452	2.94993499058	0.109885054778	0.000157380150236	2.75528586481	0.0854539841101	0.00049515345791
0.000449781477554	3.11751485846	0.107916364321	5.03605146688e-05	3.28393486086	0.0759376294087	0.000766322532804
0.000612686495078	2.9482062757	0.104400318808	7.38359135602e-05	3.22893384456	0.0790489660269	0.000247732334348
0.000397545994572	2.81964188497	0.105625147103	0.0001757680666	2.76588978149	0.0730103918956	0.000120767422546
0.000329686420492	3.17717106598	0.109898707169	0.00013074859229	2.94135599199	0.0718095875631	0.000179498829251
0.000252515247084	3.09765852089	0.0863704375501	6.47247386613e-05	3.08996896234	0.0924048796011	0.000250714956105
0.000575990128979	3.57255108878	0.106587475072	0.000102542825757	3.0875958068	0.0885144910572	0.00118840525775
0.000592397846797	2.8555127563	0.109232157774	0.000130071639506	2.8463906229	0.07509344359	0.000296289206994
0.00041080220287	2.89723216148	0.107796980944	9.36104814557e-05	2.93858014143	0.0729549932513	0.000432804716205
0.000429202626474	2.9777491794	0.0997026061661	9.13550432815e-05	2.97315444712	0.0757773228253	0.00025773808194
0.00043943718961	2.97795599113	0.110601410069	-5.70636543754e-06	3.1156299959	0.0758789587044	0.000513530467718
0.00129987552719	2.91711711116	0.102114542337	8.00158872514e-05	2.97794692442	0.0652251332775	0.000976502040423
0.000617534591384	2.94184772754	0.11946746782	5.32582659545e-05	3.18492949634	0.0813850167635	0.000263028607541
0.000357440183714	2.95142136161	0.119875305322	9.51439325513e-05	2.99076625496	0.103900731622	0.000528136114922
0.000561825045396	2.90262126255	0.114528796649	0.000112062827373	2.79650805473	0.0728954222533	0.000112725289936
0.000478632195635	2.36795661044	0.110180411107	0.000116107546897	2.93510755148	0.0863773767663	0.000246590301366
0.000392217375735	3.02585330292	0.105331535539	0.000132419292862	2.96923349726	0.0822983557911	0.000290678974518
0.000589557551489	2.78439754636	0.0993497756776	9.07398687483e-05	3.0488730432	0.0771845532527	0.000617953903345
0.000538710692588	2.99275603466	0.109540538538	8.90192094004e-05	2.9962704704	0.0716700934339	0.000631422834361
0.000399042538112	3.04128018272	0.113698025386	0.000104979778998	2.84455487333	0.0739320714127	0.000268392393169
0.000532631680824	2.93612753201	0.126392410535	3.99126239887e-05	3.11841116699	0.0372929972077	0.000465060185911
0.000437962234457	3.10554317548	0.105676036766	0.0001092903426	2.89899543514	0.0855226984071	0.000256415509895
0.000358663973334	2.91805954737	0.10469928643	9.15038960285e-05	2.96782877334	0.0752108423206	0.000414563900976
0.000338903615957	2.88569188514	0.10957568005	4.49148115323e-05	3.16424342639	0.0599910602895	0.000716141682344
0.000804209489805	2.80539223916	0.108806119835	9.24335948122e-05	3.157580002	0.0786089230708	0.000992868274255
0.000533794757375	3.20287453574	0.107422233008	8.33761788924e-05	2.95863790761	0.0820015517765	0.000634220563655
0.000860933279545	2.8353945026	0.110179607903	4.39459577629e-05	3.05482989691	0.068629628085	0.00028292194984
0.000554292280613	2.913768426	0.10161956898	0.000111927038679	2.95419838648	0.0692217509406	0.000180529025437
0.000364351633601	2.92919364585	0.109147414058	-1.60347544276e-05	3.06107581743	0.0721773232762	0.000420996913889
0.000608134045266	2.89996570135	0.105589619344	0.000139630832911	2.84459320206	0.0733214677941	0.000734148872292
0.000408099048279	3.15084757261	0.108201626917	3.03568404373e-05	3.16602220574	0.0722530457651	7.24432370613e-05
0.00118144183826	3.22259550958	0.1095643373	0.000127386729058	2.89802136352	0.0722573438567	0.00239338405503
0.00052188603778	3.11489780045	0.111370044141	8.32657964678e-05	3.08593571371	0.0742376722047	0.000202433404054
0.000885381350408	2.86509270558	0.10948934795	7.77376350489e-05	3.04516713185	0.0767366434101	5.27559160296e-06
0.000216372153482	2.93936808207	0.115230524783	0.000105826563134	2.90939190361	0.0790793239496	0.000845551461963
0.000380382185637	3.1667948739	0.108767995855	0.000114565609366	2.99178838387	0.0995056536155	0.000236359509056
0.000694319160111	2.61388735834	0.107792975672	4.63384078707e-05	3.28647706954	0.0799354503381	0.000472749412096
0.000395129683118	3.15522583351	0.114890434271	7.62179590765e-05	3.06631713249	0.0743213887141	0.000130565683752
0.000502071026531	2.94435971974	0.113960574775	2.77775293296e-05	2.97657069894	0.0871571303924	7.41523450986e-05
0.000578066688238	3.06290939627	0.109263640809	7.79746447376e-05	2.91247682816	0.0652989209958	0.00042968800461
0.000358476534521	3.04710896203	0.110860837579	0.000113334517192	2.97923961401	0.084585909443	0.000248915839208
0.000495342736915	2.88051200142	0.119542653836	0.000135912875756	2.98536579576	0.0729379628448	3.73373042105e-05
0.000528515638617	2.99049424712	0.1024547112	8.24957992105e-05	3.24435588009	0.0755924533712	0.000264476344299
0.000409100303746	2.99372134633	0.112571492263	0.000154677111317	2.72900807987	0.069613711206	0.000390544219063
0.000428109832638	3.03879800694	0.0825926121159	7.82623349858e-05	3.07438305006	0.0680094094047	0.000337763364718
0.000414309960526	3.08740755208	0.108713671786	3.94453647683e-05	3.09851600382	0.0785816960875	0.000166771517062
0.000881710417887	2.93620875107	0.110097414292	0.000139823109569	2.91195208711	0.0758157312153	0.00124570453744
0.000377808371902	3.01501803272	0.102776536068	3.95291861668e-05	3.08961034692	0.0698649504803	0.000248654834794
0.000941987126393	2.82562399585	0.106716140773	6.68518529266e-05	3.33209390355	0.065475945204	0.0001606831856
0.00107242458749	3.14148384855	0.106261567328	5.00571187665e-05	3.27933628919	0.0727996183238	0.0011243201941
0.000505798944321	2.99370030263	0.110717229059	0.000103258879115	2.99250783799	0.0786161412978	0.000104226567625
0.000800894989839	2.97535837228	0.109640489367	8.16609211169e-05	2.99090589462	0.0731624020634	0.0011531032465
0.00101025443587	3.08485321868	0.102561115926	6.35689738902e-05	3.19429371822	0.0790395194245	0.000675893111987
0.000587353477249	2.60433910347	0.119112458209	4.17207563789e-05	3.11078480716	0.0709996157137	0.000925783170364
0.000419396679024	3.08476084382	0.117954112837	2.41345295708e-05	3.10084469601	0.0439331335935	0.000395731372241
0.000379338770578	3.16676221522	0.111172532811	9.26040159853e-05	3.04274665156	0.0901070976457	0.00105366423676
0.000343749005564	3.15295904415	0.107535919365	0.000121502476418	2.720687521	0.0809852079967	0.000355684489503
0.000309675081102	3.14122710809	0.118937254062	6.61683835654e-05	3.20137202869	0.072074040841	0.000194717417261
0.000240883675897	3.11892800561	0.0958891335631	8.79400211434e-05	2.99446887205	0.0821099362482	0.000623350215821
0.000452085377836	2.99954508765	0.107155464026	5.42153359222e-05	3.02160099388	0.0702831943107	0.000196064207977
0.000624444068954	2.89725500981	0.108656701637	3.63452617323e-05	2.8994645179	0.0735304326259	0.000213004912014
0.00042695573115	2.93563880177	0.107563831292	0.000105978170098	3.03809705453	0.0707876967343	0.000258535190807
0.000209113683193	3.19127003692	0.116662645823	5.60990265816e-05	3.12443347909	0.066432949746	0.000268180234746
0.000677333305287	2.96161098064	0.109205786424	8.35069743657e-05	3.07757889481	0.0721614682459	0.000833122163147
0.000418864301462	2.91789930962	0.113351606011	8.90835944246e-05	2.66953166546	0.0620450800125	0.000663392392009
0.000408094286442	3.06349403858	0.0907665123151	7.27164984972e-05	3.10436898183	0.0780305823154	0.000167093284367
0.000305141152231	3.09774343515	0.106520041592	0.000100785672815	2.93995515247	0.0775223723244	0.000375682444864
0.000580669817148	2.74279543829	0.112244149553	5.65539753117e-05	3.21938961977	0.0708699670485	5.38733277895e-05
0.000310901647658	3.07004382532	0.10533255702	8.38344224416e-05	2.81584522924	0.0717955725037	3.50051335822e-05
0.000214889288721	3.11159655024	0.100116188862	2.78794001999e-05	3.09853338267	0.0729631392747	0.00167524871391
0.0004564705272	3.01783632866	0.109217685182	8.09871288148e-05	2.95382510316	0.075031098673	0.000194348702368
0.000690629522304	2.79775143024	0.109291467161	7.07008333464e-05	3.08192276991	0.0803208804921	0.00126128244995
0.000623818251048	3.06543863074	0.112563202397	0.000119559846113	2.78244856464	0.0815581483387	0.000290431153042
0.000621769369218	2.98976840751	0.117230317326	9.1880554285e-05	2.99316087846	0.0721820860312	0.00269648126336
0.00035862771759	3.03499559457	0.110143079563	7.41260144887e-05	3.02718392614	0.0625747638599	0.00018128431763
0.000325491953332	2.95719415076	0.109534444326	0.000107001225408	2.92398187457	0.0828242249763	0.000329658525438
0.000293143496753	3.13954416747	0.107017000619	9.14684865207e-05	2.97744408502	0.0798933932152	0.00028937280219
0.000417522074828	3.01963348779	0.0965035788716	0.000100772547274	2.96432661208	0.0749184985358	0.000166910660036
0.000372897528937	3.24166313726	0.100939474945	9.74493083574e-05	2.91192195001	0.069343820788	0.000469644617492
9.14290271427e-05	2.98210773806	0.107531543397	9.80229649419e-05	2.92753953988	0.0721556689745	0.000826770824902
0.00102103376804	2.81570133964	0.100650608836	7.32327779565e-05	3.32466536677	0.0727383197768	0.000731957530601
0.000599822976126	2.92343788857	0.112178722754	0.000169690805685	2.73807378124	0.0729549457738	0.000464866197346
0.00054855466317	2.84800542711	0.0998548778948	0.000143529008816	2.82320635727	0.0733904174226	0.000254072679432
0.0005066087894	2.83541669435	0.108569317754	6.98446142311e-05	3.2346880493	0.0724026965065	0.00357271718307
0.000284499594065	3.22584477282	0.127812061007	7.27784978431e-05	3.2347228371	0.0808141232137	0.000299854844722
0.000408009787776	2.96409786066	0.106483212233	0.000191549536548	3.16075916546	0.0754829805625	0.000483242998959
0.000559869350806	2.9734979835	0.114386520025	4.92457652398e-06	2.90786341579	0.0742468675644	0.000823694367378
0.000779839538852	2.86839895599	0.108913613438	9.55675104101e-05	3.02901989218	0.0731715028408	0.00055383365819
0.000484589099616	2.90366004527	0.110531809397	9.37241679648e-05	3.06327586234	0.0658033965884	9.20330794793e-05
0.000158063315847	3.15317528317	0.10878720708	0.00011391673042	3.01152068114	0.0738641917721	0.000329452166705
0.000384694739229	3.04071682693	0.104780673481	0.000103885122088	2.99484421051	0.0682955037806	0.000534941388897
0.000389397257469	3.05067336092	0.111182121739	0.000116285255408	2.82703425026	0.0761624326712	0.000248940502801
5.03898502743e-05	3.18169951481	0.123201744527	0.000109971740607	3.12999681611	0.0845787842542	0.00177372102848
0.000956235132468	2.8841618849	0.113934998306	5.64087521237e-05	3.21955928033	0.0715738028674	0.00258145460481
0.000445519138859	2.96899251687	0.112683914755	0.000106948112898	3.01940078958	0.0682844615818	0.000201750392696
0.000586713141863	2.84761442021	0.108317939403	0.000163194805383	2.55343826494	0.0688709216581	0.000404782685904
0.000394353329291	3.12893145849	0.0997622747687	0.00012945492587	2.98386267683	0.0429308465362	8.21852863203e-05
0.000363090532723	3.0406257702	0.0992473904767	9.86207516556e-05	3.04312982611	0.0767842045603	7.00744094312e-05
0.000564231763446	2.95296480755	0.119991615507	0.000211712390658	2.60188410936	0.0742837224427	0.000581465842251
0.000400023347476	2.93462663526	0.109710565934	0.000107871032632	2.86401688936	0.0679498251886	0.00070307404315
0.000489277272741	2.90451032801	0.106112224112	6.02493413054e-05	2.90367983039	0.0769563294216	0.000771699952945
0.000700668842581	2.96263112264	0.0977712484521	6.5801252659e-05	3.2730964336	0.0755907438632	0.000617542718657
0.00046508065681	2.92004397458	0.105873868358	6.6445706102e-05	3.08060187303	0.0755067917612	0.000250599422473
0.000537413106916	3.02938202914	0.102628107219	5.40016170635e-05	3.0336119735	0.0792150539682	0.00031473566883
0.000485174218978	3.02590749802	0.105577670614	0.000794365391487	2.93665503622	0.0845500589731	0.00161508722774
0.000369669861277	3.06670188354	0.102092287957	7.86289197761e-05	3.0807228409	0.0614801724509	0.000275753199286
0.000383588178628	2.89792465752	0.118865623365	7.43723405467e-05	3.01147078363	0.0661016636643	0.00117004598808
0.000682934837816	2.66500721803	0.113635656003	4.51361049188e-05	3.27295598238	0.0775853659211	0.000594675477846
0.000402258555174	3.03341321426	0.108031100347	8.46560006826e-05	2.94590414155	0.0764790347221	0.000263470226394
0.000720545911765	3.01918690552	0.112116146874	8.74942461214e-05	3.10639761356	0.0719087410933	0.000370866314226
0.000393717307633	3.10614618992	0.104763139816	9.29582741211e-05	3.01221295573	0.0708251862237	0.000167594505175
0.00051455067037	2.8935188473	0.11741274994	7.98889023496e-05	2.93297274426	0.0678152889971	0.000262007617213
0.000389000480546	2.99421531906	0.108466275991	8.51925212929e-05	3.02437768231	0.0804606954121	0.000459605004883
0.000303636336032	3.1032746733	0.11350028349	5.93184172421e-05	3.34254107346	0.0779968825879	0.000141486579557
0.000427684010178	3.15944802584	0.131035515998	9.13075385899e-05	2.96875509765	0.0739545792172	0.000147055001396
0.00044903008608	2.89049189488	0.105231167349	0.000135745725105	3.09059199537	0.0767157070064	0.000230836128259
0.00038890134845	3.08469840458	0.108515247046	0.00019886668155	2.83974273261	0.0786300373537	0.000265128830244
0.000401649475053	3.03397496147	0.102949868292	0.000118422437704	2.84963550637	0.100188213439	0.000239499761062
0.000333408836814	3.1737144171	0.109185520591	7.37921267155e-05	3.10141719969	0.0752390713934	0.000182876975484
0.000373048416009	3.10270880561	0.107198258299	6.36333117177e-05	3.23505310826	0.073227690277	2.20823062681e-05
0.000974898193756	2.82290639002	0.11658903896	8.70294630963e-05	3.02053227034	0.0903499766515	0.00158810683226
0.000686889197589	3.06963807337	0.0883788221792	8.92362904214e-05	2.91099543208	0.0771886329105	0.000661366206251
0.000324457444248	3.0047990208	0.124724562067	0.000111362294385	2.78368042112	0.078650572444	0.000264663923212
0.000495606842022	2.99908279707	0.105304827305	0.000114024813644	2.99526751197	0.075706475573	0.000117373319248
0.00033338727812	2.93163699252	0.107748864076	8.91965101431e-05	3.09550857992	0.0741240162461	0.000216903057755
0.000699357452593	2.95331177404	0.106856205698	6.51829763408e-05	2.99767049305	0.0675765800367	0.000228812057362
0.000353414205587	2.94250157447	0.0737289453704	0.000103165876753	2.81078968276	0.0809289197101	8.24697821457e-05
0.000357224084237	3.15378350652	0.113899248143	5.31759196037e-05	3.20685648745	0.0559263171536	3.72698182382e-05
0.000879554658027	2.74441778424	0.109739356397	0.000136056650404	2.80619375261	0.0783964745222	0.000230671140517
0.000755763971432	2.74288418581	0.108371318791	0.000115076133076	2.87206367206	0.085474735767	0.000249107533491
0.000526471134783	2.85561474992	0.109384968779	0.000108101301998	2.94851383202	0.0625878160242	0.000385944269569
0.000591650484192	2.98292792301	0.106200104135	5.34915193482e-05	3.34048567117	0.0728246351894	0.000688401469854
0.000942076524698	2.57094120268	0.109263883669	9.79842264423e-05	2.82389675133	0.0712441296254	0.00119745789395
0.000542374890714	2.90015817921	0.108012623571	0.000143014755763	2.86433203564	0.0746869377023	0.000436325092295
0.000675726267215	2.87416119547	0.106700087591	0.000126391315494	2.84457430442	0.0677634456617	0.000382306266547
0.00065873525356	2.72268379661	0.119645865537	7.45663337886e-05	3.13777682429	0.0754454858659	0.00326447919898
0.000403203579737	3.35782673385	0.104471234353	0.000127449177537	3.08335629921	0.0745794117036	0.000375850646733
0.00056657479623	2.84704200224	0.107964153269	0.0001209313716	3.02586635699	0.071118609646	1.11637215238e-05
0.000726091700516	2.7126420797	0.108048876906	8.41330714946e-05	2.98814440589	0.0725837928373	0.000520839855762
0.000410265286058	2.92442377019	0.116272153504	5.75743999628e-05	2.91344018481	0.0718276209795	0.00038165028612
0.000407507405696	2.95843577001	0.128895255975	6.380805296e-05	2.927102158	0.083378856774	0.000304147678211
0.000773598997289	3.38576889698	0.114254154388	-4.11371681969e-05	3.05347076914	0.0798316498035	0.000816341699674
0.000263054299932	3.12873327891	0.103017452124	0.000114400398747	3.04750565354	0.0701050356814	9.96770204247e-05
0.000430240591858	2.89137174976	0.107190717185	6.76804357307e-05	2.91180691156	0.062878713721	0.000327183093438
0.000478052538506	3.05383919695	0.0841659689649	4.87954606456e-05	2.87316923502	0.0717887092035	0.000333906118656
0.000365324331003	3.13715090602	0.10727617974	6.41492137627e-05	3.24082201951	0.0801093619591	0.000120662624075
0.00055189847026	2.75992143153	0.110804135374	0.000126918233439	3.01328206013	0.0744361977188	0.000587559980062
0.000199273680501	3.16444201605	0.11422108534	0.000121587537971	3.00957891463	0.090140424724	0.000173090188894
0.000483838857751	2.90674249959	0.108096806674	5.64707096485e-05	3.37029794086	0.064719977539	0.000524242202786
0.000787765561877	3.08062623632	0.106988141618	7.03352511248e-05	3.04896388334	0.0791042345843	0.000553786872092
0.00114355100394	2.80933773992	0.102499287844	9.27311481832e-05	2.99025054851	0.0744202137404	0.000907847435212
0.000686580641454	2.86684249638	0.113057135145	7.336079169e-05	3.05832961146	0.0761659962558	0.000432235422536
0.000463335636352	2.97900438525	0.10311233365	0.000103023132079	3.49444202629	0.0714548907105	0.00072666861057
0.000266193222693	3.04541888423	0.118097722905	8.33868900928e-05	3.04727558454	0.0754303851016	0.000285069053535
0.000425215888235	2.78178159806	0.108847509007	0.000100911902571	2.93155602802	0.0792757559915	0.000354936720925
0.000321371616423	2.70499140937	0.107492536198	0.000321068644099	2.83052659427	0.0732166606605	0.0015572921225
0.000757474413271	2.88153657644	0.111081173054	5.20235821716e-05	2.95364447812	0.0680357782229	0.000548297116071
0.000365789962546	2.77478180013	0.108310669574	7.47629259177e-05	3.16112976161	0.0655217417923	0.000606566831071
0.000629274648895	2.85554739988	0.0981297014526	7.6760478645e-05	2.95774365315	0.0771934660706	0.000316345159621
0.00045455765177	2.91919922451	0.105182709441	5.06492757096e-05	3.03026915464	0.0724122490279	0.000537445701309
0.000693586075839	3.19964364692	0.111681274617	6.29245516887e-05	2.95419560798	0.074159762778	0.000133053978147
0.000498068685448	2.97347778536	0.109194243296	7.82829835884e-05	3.07390225467	0.0563324392583	0.00032168049541
0.000755224983923	2.74066474964	0.108040748916	8.05277127415e-05	3.37180243563	0.0770695909005	0.000345766938319
0.000440413630279	2.77807953409	0.112129982028	0.00010027179519	2.91429353418	0.0775729522374	0.000202108766536
0.000532075672006	2.95100348348	0.108143926221	8.02599529969e-05	3.05643057603	0.0680027997614	0.000297512812176
0.00047473327312	2.66185974019	0.105567525439	0.000109840762054	3.17576694033	0.0744977441225	0.000476995130499
0.000528535596378	2.9251892584	0.11434804508	9.12891050939e-05	2.96236152006	0.0826586623547	8.74609662381e-05
0.000508986051125	2.90932859288	0.115305399791	7.15112619269e-05	3.12590780809	0.0785937267167	0.000334895838808
0.000362219214951	2.95130669286	0.128564383252	3.37911471646e-05	2.9902522278	0.0723869375264	0.00210699398192
0.000656301456036	2.72189933904	0.114001463388	2.55864790414e-05	3.46111745637	0.0795601258279	0.000178643486253
0.00026429128129	3.15197794876	0.106624451196	3.03448324206e-05	3.04469392608	0.0738829370701	8.82358480716e-05
0.000564601317932	3.03351286844	0.108725950654	7.94499103826e-05	3.05408429031	0.0744448831281	0.000478330265875
0.0011245108455	2.77720501827	0.111832016818	0.000105926995599	3.05172407709	0.0735820204354	0.0013651722766
0.000316088806487	3.00655102551	0.106468089383	0.000107585068655	2.903985329	0.0716214860905	0.0003464929896
0.000584794363805	2.83578426383	0.10553643345	0.000129340254097	2.93954606842	0.0766038488738	0.000543781044313
0.000409866485687	3.03113901693	0.10684340157	6.05382105819e-05	3.31367061936	0.076235079897	4.95636847358e-05
0.000473025563228	2.96849967773	0.111260761902	0.000131355207016	2.9214817464	0.0742120933813	0.000228542104547
0.000571230184739	2.94586160621	0.11056423824	8.2577329719e-05	2.82994132094	0.0770424604424	9.8071735168e-05
0.000609530255181	3.03192067812	0.116708671743	0.00010458010249	2.95257134567	0.0923441528382	0.000390481340732
0.000321242917889	3.24734588074	0.0989597626478	0.000167233277581	2.94068721769	0.0711269100823	0.000204131518958
0.000388645422962	2.98362668012	0.104091122408	0.000123217082248	3.00232044132	0.0762035590187	0.000391188441831
0.000306872750001	3.19604424908	0.11397853806	8.4210116743e-05	3.09927635159	0.0759333910971	0.000303700633565
0.000950541904301	3.05504138579	0.114116807306	5.60047046588e-05	3.37441524692	0.0686802167087	0.000551632055854
0.00111249943816	2.76267579945	0.100532406035	4.83672455005e-05	2.9420949581	0.0714626779144	0.000723165734987
0.000477530661248	2.97369949811	0.110194939229	0.000121649103117	2.91693345725	0.0770558227019	0.00109265129775
0.000592085079869	2.75249585301	0.112452519573	0.000124033752796	2.90018893015	0.0732426140201	0.000183942945431
0.000376271060205	2.79511680731	0.105413267212	3.34201981132e-05	3.05132466713	0.0795380351285	0.000374486529991
-7.91123992404e-05	2.71818056667	0.0981390765682	0.00028377763675	2.89322771294	0.0744619766234	0.00305663224974
0.000364138151553	3.00674071127	0.114683749119	9.6390332719e-05	2.93565683955	0.0765603971351	7.61219347861e-05
0.000533770032802	2.94829335283	0.0989139437334	0.000109746067171	3.00453683671	0.0710504812247	0.000393392936252
0.000636734173053	2.94193807926	0.114074711414	5.45388710699e-05	3.07492257671	0.0779815149773	0.00173222596717
0.000394909580096	2.90689490488	0.107160697593	0.000125204646605	2.89239140899	0.0703880602274	0.000176980177601
0.000402275820058	2.99987904172	0.10680153987	0.000108612114116	2.89575436135	0.0665563229477	0.000350833949808
0.000377784438654	3.05189769116	0.105016108509	9.24988039616e-05	2.91955742824	0.0765218925807	0.000222041822218
0.000505797717669	3.26102782226	0.1008548809	9.87359706735e-05	2.87545576528	0.0756070977737	0.000119359228565
0.00026483205707	3.2410751263	0.106666276138	3.45911063033e-06	3.47276133685	0.0786124579124	5.82837082017e-05
0.000437670407605	3.22068721218	0.102212963602	9.22090273006e-05	3.08328250772	0.0568727100267	0.000875097416831
0.000318949535449	3.09378581429	0.109801974297	9.85858928877e-05	3.00762799019	0.0738304743757	0.000169758798356
0.000342781371	2.97551693953	0.115922109212	0.000192590325345	2.77300528029	0.0709490179981	0.00143830269994
0.000412601436853	2.96057761509	0.109539364006	8.46342984373e-05	2.96569321969	0.0791190691905	0.000193476144692
0.000927679164356	2.80339521025	0.12267935271	0.000136412362436	2.83583377804	0.0778826065268	0.000648372418789
0.000361563861896	2.95422651282	0.112045629029	0.000203066211816	2.86555324893	0.0755613106434	4.68602634231e-06
0.000611246350387	2.89972634679	0.111267840528	0.000136533005534	3.10127891743	0.0706676997237	0.000118269933317
0.000316230236651	3.04017188821	0.110938356404	5.78467313221e-05	3.11983407842	0.0785399466089	0.000656225230039
0.000560639683998	2.89488271729	0.10742451293	7.18799425173e-05	3.1045241521	0.0744581738471	0.00012402726519
0.000682332689744	2.55678554184	0.107193769606	4.88658077556e-05	3.3573265017	0.0797122084808	0.000293404114428
0.000497914606033	2.86129838085	0.106916223201	8.27268615006e-05	3.09853800244	0.0888538248173	0.000176758748823
0.000293678214504	2.98828831146	0.104463621024	6.63895770265e-05	2.9744113413	0.0730422249867	0.000791947053082
0.000585369645433	2.92503190188	0.119023802137	6.31993199878e-05	2.99539791333	0.077061644163	0.000721299470763
0.000453177901678	2.89704123293	0.105613423535	0.000112738800009	3.10013860794	0.0734573756602	0.000584843280005
0.000331915397246	3.18955578343	0.104513198137	0.000155751598704	2.758933844	0.0704833373251	0.000362475457096
0.00102489273598	2.6871040453	0.118222234003	6.43579418223e-05	3.12334496042	0.0747176322839	0.000547149704849
0.000668350632062	3.46848049632	0.105136439031	0.000130624821426	2.84313067402	0.0767781912605	0.00104517924421
0.000206553522864	3.41298388485	0.113122687282	7.61271832992e-05	2.96730959765	0.0642666180871	0.000133238067805
0.000507217812831	2.92223884998	0.111643565127	8.46402223797e-05	3.05023866276	0.0747524007057	0.000614248474675
0.000670519751935	3.15823100178	0.104497765002	0.000110150950586	2.83811680428	0.077493955808	0.000104755153924
0.000369392194642	2.97961737108	0.121147357943	0.000124732024365	2.85822190518	0.0710639793687	0.000198172576825
0.00101280010286	2.93624102683	0.108568047471	6.11822711509e-05	3.22241590881	0.0758079697798	0.000543186523127
0.000226746209326	2.98761209827	0.129068192741	4.57759360146e-05	3.30197634935	0.0849239581141	0.00012248641428
0.000577599380024	2.92644178766	0.110096478418	6.72758126323e-05	3.15631351593	0.0552032324333	0.000391663554223
0.000456554875825	3.02645325242	0.108937837375	0.000102221327849	3.09151461864	0.0786584251264	0.00105488520355
0.000461625176635	2.99771892552	0.0970803090295	0.000104910802032	2.96903077922	0.0754609531496	0.000245566486318
0.000427975516165	3.01963694583	0.102759657346	7.03730501879e-05	3.11696673789	0.0768281109011	3.30825928093e-05
0.000335293124619	2.89595950203	0.100162826852	0.000121518400709	2.90458783694	0.0754733636547	0.000542350718969
0.000567566089523	2.7286709353	0.105711142531	0.000171751054032	2.66759992952	0.075694521807	0.000174332505379
0.000596434391768	3.07726642841	0.107657058883	0.000178919228022	2.72569465428	0.0839075830368	0.000900068534457
0.000671034510576	2.991972318	0.109797838181	0.000106008391449	2.92879860145	0.0693333176602	0.000215167828897
0.000386770650783	2.7642974733	0.118919563	0.000325533680693	2.65969781055	0.0793970312512	0.00105689473176
0.000458550973546	3.07964194558	0.107743829398	9.67803567383e-05	2.99458510401	0.0780685847357	0.00023610754996
0.000492909488649	2.81133079064	0.110372781476	0.000103411464016	2.87532740826	0.076945693555	0.000941803057896
0.000309882170931	3.13728157647	0.110320814083	0.000110858379686	3.15407691054	0.0862601374512	0.000257969707597
0.000524297810439	3.04110000712	0.107928850775	7.05553911277e-05	3.05598058703	0.0730380668713	0.00024358228969
0.000425963439252	2.99836116886	0.115656887547	0.000161367193309	2.71915951954	0.0746214811859	0.000151458139471
0.000275989301562	3.20912593922	0.107441881856	8.23413956065e-05	2.99704324794	0.0763785063102	9.69126476961e-05
0.000365705467715	3.04258986644	0.107126940442	0.000141130586943	2.97469961788	0.0719631460718	0.000343023046662
0.000607613783842	2.91144637148	0.110313917879	0.000116982011424	2.87072659573	0.0723547651539	0.000513749716872
0.000406533969443	2.96345185117	0.10980483732	5.79062530051e-05	3.18038011358	0.0959608149204	0.000839191532532
0.00174977688983	2.8499695391	0.118781744619	8.19889908103e-05	3.88209456105	0.0735395208128	0.0029389887162
0.000594947697696	2.79847836531	0.118329651603	8.29363124386e-05	3.10131820496	0.0884577977732	0.000918534287863
0.000450137664914	3.10136999317	0.0968649425982	8.43818364119e-05	3.03949193747	0.0705319418585	0.000210102067556
0.000522570736192	2.98220854885	0.111145207726	0.000137962803787	2.80035394682	0.0788482937338	2.59289719069e-05
0.000323625352656	3.06870434586	0.108734903258	7.96351865055e-05	3.06381295864	0.0716392556541	8.01295660642e-05
0.000637264047609	3.16830651752	0.112928339746	0.000103955418273	2.9634141151	0.0937895393599	0.000436990069363
0.000125290935259	2.99795093215	0.0991698427133	0.000111683281124	2.82640712551	0.0770800552593	0.000647566918284
0.00106811732773	3.67821779772	0.110171701344	2.73289364105e-05	4.09859855161	0.0804226673544	0.00064189515985
0.000685234105389	2.99369232095	0.105435606311	4.36129173927e-05	2.88660942472	0.0802389701637	8.93508982856e-05
0.00029574181921	3.10148153259	0.101103527896	7.10770363553e-05	3.0811872363	0.0677465722601	4.276299274e-05
0.000461651831721	2.99962507277	0.10932773612	0.000288931467821	2.74794144471	0.0784213517289	0.000562820541599
0.000311822595101	3.1680503024	0.0885880561832	5.1747440433e-05	3.29020725169	0.0666319551342	0.000439903977727
0.000702258647517	2.90750119583	0.111389462774	0.000127000911106	2.86615594118	0.0727417661874	0.000569059499886
0.000880619523897	2.69269798472	0.112982875383	6.51515541573e-05	3.58296520064	0.106323969831	0.000519679554795
0.000733612724859	2.75866727766	0.114342416252	0.000231052410504	2.85958439077	0.0733513132951	0.00212827913968
0.000483513192168	2.98065479192	0.11200150101	9.27889679864e-05	2.98035616158	0.0704421228052	0.00115592243291
0.000697964479008	2.72207499289	0.12098428358	9.42163635028e-05	3.11592214322	0.0812149627695	0.000332617740797
0.00033066001914	3.1590212974	0.0858782666955	8.02776608969e-05	3.12819578606	0.0634774076613	0.000376709744288
0.000396839420553	3.09578792669	0.102034749933	7.46533844144e-05	2.97938217608	0.0792727421795	0.000135428024662
0.000339204152443	3.13518903671	0.112363269393	0.000150513178076	2.92013779294	0.0737930989617	0.000296852493924
0.000361985727098	3.08328220316	0.1038587742	7.82388358179e-05	3.10766009505	0.0622462888903	0.000392305464203
0.000471485693846	3.24735332183	0.0933531141045	9.50932640708e-05	3.04816060166	0.0794313162611	0.000526991930592
0.000522900587498	2.98717552189	0.121332977095	6.59328517389e-05	3.09147793664	0.0667511522269	0.000285110631898
0.000584643631851	2.9781035108	0.106927887013	8.00517544279e-05	3.00948756035	0.0730049694264	0.00054396863161
0.00029602587518	3.15931939092	0.105583847167	5.93377603288e-05	3.19024449158	0.0610084774777	0.000472846859992
0.00037859837346	3.06671240545	0.147639977854	8.07657078679e-05	2.96239884062	0.0891198819101	0.000176452914903
0.000783809187874	2.69440235593	0.107490279949	0.000122849079132	2.73429684587	0.0725938296509	0.000308101002072
0.000802717988072	2.94753876201	0.0875882277358	6.95328527514e-05	3.31238701435	0.0750795441303	0.0011785634328
0.000407303183727	2.81695446473	0.113355140259	5.57598420628e-05	3.07741474519	0.0605047186841	0.00242923267197
0.000270647560352	3.19015077147	0.10153346992	6.93461805681e-05	3.14035783222	0.101296510177	2.58887603573e-05
0.0006995910661	2.75424836838	0.100670002961	4.92994563293e-05	3.07288830307	0.0881029065172	0.00200672354472
0.000930527610276	2.76375525605	0.110388229404	0.000111941570268	2.82153023842	0.078265253763	0.000436809717823
0.00108941575435	2.97218212	0.107179076056	9.93016222691e-05	2.94976144607	0.0709943039088	0.000761131090684
0.000380763273386	3.13741514938	0.123185186899	4.14047871299e-05	3.30866323479	0.0715126978416	0.000262131502895
0.00062373951487	2.81104110816	0.100646230671	9.78950687185e-05	2.78505805627	0.0729783885277	0.000184504230336
0.000968334676605	3.05810517305	0.108832913773	7.49964870334e-05	2.99992068874	0.0723902143413	0.00137150197063
0.000359694221829	3.23165627185	0.109774189733	0.000100448985658	3.08424576705	0.0729449995665	0.00744226292144
0.00049766330657	2.95031138747	0.11028777914	7.90276388582e-05	3.06989770803	0.0747034792437	0.000349247977908
0.000502864082067	2.92297177651	0.107955107151	9.44489223007e-05	2.95988179859	0.0838035595606	0.000809722518916
0.000897541058948	2.80287094443	0.111106082444	9.42147686228e-05	2.75757031377	0.0737345145734	0.000591834861788
0.000571056240742	2.85079199564	0.118042746381	5.81852120437e-05	2.89090712246	0.0739706499127	0.000134834778784
0.000560508848559	2.90973100838	0.109832117128	4.73619853942e-05	2.96997813743	0.0850195893251	0.000372000656561
0.000453012793097	2.85749005173	0.10859539008	0.000101771214757	3.1179011345	0.0676845605597	0.000245978779705
0.000410484337688	3.05764696943	0.111860816471	8.42877398466e-05	3.03419941464	0.0662615305613	4.73496237811e-05
0.000481955724968	3.14420699702	0.107184046708	6.1617589421e-05	3.16471518043	0.0753207971736	0.000788897584821
0.000487930425486	2.96758814023	0.106359925751	0.000138434894635	2.89889171699	0.0734741326092	0.000253029862021
0.00039794699268	3.0778635598	0.107688896111	2.83966562157e-05	3.10633085385	0.0810659246282	0.000413326051776
0.000366803959424	3.00653477099	0.109528443417	8.52072201496e-05	3.06637156491	0.0767295481905	0.000101938449957
0.000404865080341	2.91737302203	0.0999487631101	0.000131503466801	2.80654806361	0.0664539678529	0.000380965571898
0.000599096524021	2.93960086034	0.111077863985	8.52101124207e-05	2.964299376	0.0763676623082	0.000360022977533
0.000505392808405	2.89702786421	0.125914561136	4.47397019253e-05	3.02201143253	0.077468936328	0.000943391942679
0.000401812937897	3.04793993086	0.107725525089	5.61945602447e-05	3.01271241566	0.0688392690178	0.000179433275729
