r_HIS3_C08	K_HIS3_C08	r_RAD52_C08	K_RAD52_C08	x0_C08
2.7713502973	0.107037801368	2.24410640169	0.0700921432369	0.000291549410626
2.72330605997	0.100569548903	2.07816023679	0.0685171574555	0.000345354178158
2.58645236377	0.112931569216	2.0853539869	0.0705568187799	0.000353038670178
2.76897794882	0.112093076315	2.13370234214	0.0784593013201	0.000326437245963
2.7107299097	0.112439706777	2.14798226693	0.0671936661752	0.000387449391832
2.55634212792	0.105367894209	2.0283636769	0.0677333395332	0.000449369792145
2.65367145909	0.107210131944	2.0605693615	0.0772804082976	0.000393894699621
2.42060737638	0.114199490065	1.82799109894	0.073956116879	0.000589415097101
2.63537124519	0.108295791833	2.08371183464	0.0693541841497	0.000415158764094
2.58958873811	0.128071279031	2.13224631713	0.0663718442369	0.000374258315848
2.36464920097	0.107721170429	2.07683924477	0.0693289580936	0.00043107185576
2.46817220732	0.110410000043	2.02261251825	0.0706806752897	0.00053650452577
2.59232039428	0.103030600394	2.01890123535	0.0753277305629	0.000429682913035
2.8307716765	0.102664446441	2.22037493655	0.0494390064657	0.000289801107544
2.91319491659	0.096974064293	2.23308554716	0.109599202747	0.000288456578726
2.58094508083	0.109336498247	1.88894252208	0.0705030529217	0.000474039937003
2.77780997096	0.104707312391	2.13522403077	0.065042857661	0.000300913961212
2.62839092812	0.101769342579	1.99498291333	0.080543994683	0.000394592345898
2.61812379925	0.1133773775	1.95416935081	0.0730961395031	0.00043657039703
2.62443652454	0.112433856215	2.1233497734	0.0633659132083	0.000380634634594
2.77163229946	0.101177860453	2.18956993262	0.0705365951231	0.000307806126874
2.56654927622	0.104750598799	2.0151673608	0.0563820545743	0.000372571723495
2.74616442841	0.107117852017	2.06086931033	0.0785319026432	0.000362161618628
2.86184530122	0.103777582294	2.11050696216	0.0691749252157	0.000333418515778
2.8596720427	0.0971434418184	2.21213832831	0.0682617143702	0.000367249409051
2.50972993202	0.103749052646	2.09995985641	0.0759701232615	0.000344759840763
2.62274733435	0.103151100267	1.94768544727	0.0579415136378	0.000479915184531
2.62451815653	0.11304351556	1.95543098075	0.0675992932863	0.000359894235401
2.77176560441	0.0722324456224	2.16488223306	0.0672490504714	0.000239234105266
2.71987288186	0.10704134998	2.19039755122	0.0666976916287	0.000321490432674
2.71348925616	0.11126088301	2.21729241563	0.0676542551019	0.000295060870902
2.84340012675	0.105104577618	2.1115329778	0.0691901386076	0.000320616204155
2.40305453354	0.101878099341	2.07612884133	0.0753848421982	0.000354070961132
2.58280113148	0.107479200784	2.0199407727	0.0686549738844	0.00041393609682
2.74153933315	0.102971977368	2.11525452649	0.0673952284135	0.000319787915822
2.7272167071	0.110117471547	2.18126883618	0.0655518060012	0.000309487115052
2.54206298587	0.101513806084	2.17329695615	0.070266059476	0.000285102196749
2.6747175927	0.121368025322	2.11825550933	0.0742187486287	0.000323155415099
2.62565879391	0.107682732851	2.14620481459	0.0875931378988	0.000402730153452
2.84686004371	0.108815176424	2.10320516211	0.0657014908582	0.000365434734876
2.64755648454	0.0969168400862	2.23471737429	0.0708600008529	0.00033160349303
2.97732077978	0.109652791602	2.22641713591	0.0685357054034	0.000242145118632
2.75521791896	0.0988392129479	2.11894385226	0.0606255628033	0.000369266729765
2.65239284522	0.108006014368	2.10801527702	0.070059781279	0.000362013880652
2.54867149595	0.109313544981	2.23669129356	0.0709219706689	0.000264545099564
2.84753452044	0.107492307795	2.27152265921	0.0677473664037	0.000263458192121
2.59607749868	0.106209876589	1.93624036498	0.0634515208506	0.000493554356576
2.8438572808	0.0821096323369	1.94917432124	0.0635069881943	0.000230428229094
2.62618989633	0.106818907152	2.36624430134	0.0624867186434	0.000353345454575
2.6102031038	0.117657557527	1.7985223111	0.0680471512003	0.000498622362389
2.60642100301	0.113349835273	2.07957719954	0.0519656355104	0.000386046874653
2.66190279167	0.0991205394339	2.02634229709	0.0670233959235	0.000445686860105
2.7284925205	0.130467548144	2.0960111222	0.0717713896385	0.000373728163836
2.89064597487	0.108629178269	2.50717772872	0.0713614260069	0.000267357786161
2.60676247785	0.104342651898	1.99241732358	0.0618164047662	0.000372893186571
2.72073513484	0.110109260548	2.05266813938	0.0692443697186	0.00031056044691
2.7545386668	0.15665365821	2.16279064386	0.0556959315682	0.00032764576416
2.91920066864	0.109280421662	2.26510397163	0.06718677461	0.000268032794972
2.82562181116	0.118682898629	2.10607814236	0.0654950786857	0.000358472293827
2.90750514789	0.108106191602	2.38315765172	0.0665095554303	0.000254060918598
2.70833421681	0.0986379919371	2.05133532043	0.0644196113878	0.000341066650406
3.00754797975	0.0886522550812	2.0338372925	0.0660166457229	0.000396161938412
2.96265559468	0.11379797721	2.06808513552	0.0645344185356	0.000217401759824
2.68591216556	0.108335756378	2.0888656788	0.0769302414807	0.000379722437428
2.69332736162	0.104124158991	2.15115803585	0.0649466206356	0.00031203457148
2.5800603819	0.106263035362	2.37342877298	0.0715249893109	0.000406131278133
2.62611786295	0.105968382798	2.15960817884	0.0562707897991	0.000327083425856
2.69257075525	0.116656839405	2.35027942046	0.0668659348144	0.000292271308458
2.671358831	0.105799632844	2.13793095765	0.0713798559609	0.000355736076257
2.65576242003	0.107493373727	2.04833229808	0.0683658928459	0.000365042870022
2.8999310238	0.108601615619	2.17080542162	0.0666152698875	0.000276391421721
2.59235732479	0.111152093467	1.8162574847	0.0698553383912	0.000395445349184
2.5870656813	0.109202793497	2.09130867377	0.0683901396768	0.000426892084489
2.62319375386	0.115407483023	2.15763169701	0.0671848802653	0.000337656899294
2.64648865509	0.105970252141	2.06825591295	0.0731559954252	0.00040277320833
2.70392971959	0.108601007681	1.93014922843	0.0704021166783	0.000424462801388
2.60229355051	0.106923916615	1.94600766216	0.0765971388552	0.000579707727706
2.69850113942	0.108207480173	2.18772278146	0.0805980850108	0.000389005243651
2.58239810644	0.106295061071	2.08629518715	0.0602452980698	0.000469833143132
2.96562265315	0.104161186507	2.34797647389	0.0748619980069	0.000231182006991
2.87242064336	0.103767556055	2.375812454	0.0733034924807	0.00031139617289
2.67360265793	0.104938853624	2.15352341665	0.0790281764806	0.000346810825183
2.95561091469	0.102533808962	2.26326314487	0.0680645472473	0.000264336181991
2.57140698378	0.11231057063	1.79308271792	0.0748734207555	0.000421873782452
2.79721010995	0.108542315965	2.22151056502	0.0662242044202	0.000228815337773
2.76351920633	0.111287723671	2.11189248538	0.0700027215714	0.000299978293346
2.50841636312	0.108002189176	2.04938632352	0.0706428758308	0.000455181771086
2.90885121646	0.102319983108	2.63059093109	0.0675392384752	0.000247790225656
2.69231844161	0.106133076056	2.13022762003	0.0803157726166	0.00035499275259
2.75014343239	0.103434959754	2.0747687367	0.0722452787788	0.000332570409708
2.77931244292	0.10649838618	2.08994214879	0.0676491515339	0.000369602904653
2.81301368712	0.108302251445	2.22858469362	0.0610471950315	0.000248753757292
2.70175995457	0.106951343172	2.16489708777	0.0666891536637	0.000307394767794
2.91149201792	0.113102717814	2.13825398284	0.0508933984279	0.000361438928394
2.54447959518	0.107645958897	1.96843702606	0.109891204087	0.000480695540358
2.75626182486	0.104105280155	2.22717810203	0.0983916054422	0.000296260226972
2.64855211599	0.0938987557415	2.18187685916	0.0692414459818	0.000311017205024
2.59516358	0.0812959193976	2.12464213615	0.0621577307568	0.000309895850429
2.64836473323	0.113587924288	1.90462989536	0.0698231753577	0.000447073181922
2.66622793701	0.11112837334	2.13732837258	0.0627142884671	0.000362431639351
2.70016648024	0.107016729311	2.10847892978	0.0664859642544	0.000355651477191
2.6119328703	0.0911345707212	2.07467322065	0.0676417686758	0.000380729246141
2.63105757953	0.0923733822456	2.33756970593	0.0671332233015	0.000388760564061
2.76762369033	0.117690106924	2.09088372709	0.0712669986808	0.000337786950361
2.73315225011	0.0985131377735	2.05584345324	0.0752912605848	0.000392537377343
2.52039656523	0.10432904262	2.0164039323	0.0691243608315	0.000425149962773
2.73845958762	0.102353043134	2.19178251492	0.0697863994736	0.00032178204528
2.84775183055	0.114219960143	2.16115994309	0.0655030704497	0.000375707373942
2.65839783156	0.109880209617	2.04257183855	0.0720222703255	0.000257960918563
2.73212541122	0.107591368987	2.07570740441	0.0802217113537	0.000299910454006
2.48361412184	0.108382266009	1.96257077849	0.0709891318102	0.00048098190843
2.54245222102	0.107670187354	2.12591687197	0.0855924593698	0.000469659620704
2.70598756717	0.119189876528	2.07322813983	0.0656047015052	0.000341486416899
2.74385749409	0.10686618414	2.26837735923	0.0652310597131	0.000297029706856
2.5632633299	0.10242096003	2.09045018892	0.0666695232628	0.000334441701659
2.80934562367	0.106879315017	2.20611367057	0.0666623250596	0.000296851223127
2.65843317923	0.108881624611	2.02105639052	0.0640080112746	0.000360266659545
2.6590513251	0.110167981999	2.13595342912	0.0729029281098	0.000380904603674
2.68475916518	0.109531063614	2.07632772551	0.0822926157487	0.000359438603991
2.27534131734	0.102960096173	2.02774435583	0.0665603759901	0.00043384050354
2.59661233521	0.108246533846	2.20840474777	0.0677319462563	0.00032777230527
2.77976482564	0.104432546212	2.10641597961	0.068153148594	0.000265401725667
2.55167514301	0.107699925058	2.02840492303	0.0660117319254	0.000357535497905
2.92509659979	0.10673903091	2.17176195819	0.0700887338881	0.000263557497236
2.61700527183	0.0997883049306	1.93837100492	0.0711347947959	0.000439041705584
2.62963813154	0.109261529054	2.12127325899	0.0686203859288	0.000376464470939
2.59228322759	0.108814376428	2.21024627012	0.0691516477073	0.000396458299657
2.92219309767	0.110028380342	2.19715063277	0.0683323180286	0.000269229003138
2.63402706155	0.107843538425	2.0597447494	0.0714407477	0.000397016596232
2.61839680747	0.112319150679	2.16901811195	0.0701611853676	0.000320552065239
2.57514105084	0.111913611301	2.0990931193	0.0711748773243	0.000381758980872
2.45130581811	0.0893107609013	2.10275872684	0.069267800732	0.000350462462281
2.68739377029	0.107028522174	2.09537993253	0.0749054387441	0.000331747280256
2.61192833226	0.10804734787	2.15084805388	0.0765372269914	0.000348744877699
3.20886182785	0.101307294487	2.15855951489	0.064829513135	0.000296972673823
2.64093781946	0.109690981951	2.1471099362	0.0684412729541	0.000351685502503
2.81292442767	0.107829142172	2.27118947684	0.0619903815525	0.00027187034192
2.59905763549	0.0932774238603	2.03008300009	0.0726050604998	0.000415833965762
2.76103226835	0.108799850067	2.16150030112	0.0660210756715	0.000300240685431
2.52925525417	0.103129057491	1.94245468103	0.0712511039525	0.000457090933328
2.67153988213	0.0918004851963	2.99757530868	0.06886591694	0.000286045990893
3.07154399828	0.107668504847	2.31307699055	0.0691647691458	0.000378900204332
2.61010691285	0.077317090523	2.10856521853	0.0762033454457	0.000347541135003
2.63833658056	0.130252461229	2.13290963256	0.0711954978891	0.000341467355302
2.65501353369	0.106528465752	2.11965606685	0.0712072136478	0.000383855650239
2.67165376031	0.116676015577	2.14961914076	0.0695491248112	0.000320426725415
2.71676573811	0.104965884107	2.06915811799	0.0746395662532	0.000379115170775
2.66562280327	0.10847955755	2.15412481255	0.077858162508	0.000335912534033
2.49904063022	0.124889321593	2.08420774372	0.0603238966091	0.000346404492776
2.79075453242	0.112948813989	2.42040268441	0.071426169438	0.000331284721006
2.72923879679	0.10603529416	2.01282428791	0.0714599441751	0.000341508430502
2.80322740669	0.0996375853958	1.85402749232	0.0655323400104	0.000307468371129
2.67053383384	0.111253439538	2.02033169517	0.0694770568849	0.000359008164191
2.9157826148	0.108107039052	2.06171777641	0.0438880148035	0.000265195585156
2.74310429547	0.102209541615	2.07194339498	0.0724329667993	0.00037047909305
2.59437024603	0.113406174576	1.98462234952	0.0969377196476	0.00049739040707
2.74984984549	0.108562887997	2.1572427607	0.0683455052103	0.000357032025631
2.84889841434	0.108856193066	2.23231794094	0.0714610195928	0.000251927858604
2.70627617274	0.109438010642	2.29671695455	0.0675542687394	0.000316392230744
2.7831580465	0.167526015183	1.94977784038	0.071331410213	0.000388990400285
2.68941629239	0.0930321674711	2.16468187429	0.0692258703262	0.000384349928135
2.7115433654	0.1126471481	2.13106064885	0.0662313115242	0.000370462772425
2.69612876964	0.10366532706	2.14836851997	0.0685079000975	0.000374479347903
2.71474398754	0.10636146089	2.07970541303	0.071536907993	0.000371529067101
2.63341155518	0.116083399308	2.01968292471	0.0703563797544	0.000388411161758
2.57221001368	0.0954134950004	2.11003193858	0.0819104111242	0.000395650474848
2.73067660665	0.109105154967	2.08841434688	0.0640476085934	0.000336220044317
2.65659895263	0.109015292654	2.16733575026	0.0722279431826	0.000407904227933
2.75414305014	0.105166805855	2.20885628096	0.0466185725881	0.00031657250917
2.67637535627	0.10803036051	2.14455388416	0.0674627779326	0.000325419955979
2.48320369489	0.112528484757	1.94070641841	0.074994410933	0.000530875868041
2.75886984892	0.19079634219	2.17004829359	0.0734635498996	0.000345317363919
2.70755690291	0.102459623186	2.23499815661	0.0687190294708	0.000312679524186
2.72630808426	0.111677219066	2.18845364794	0.0660789659235	0.000308028432605
2.74343320225	0.105237942992	2.07422141013	0.073184211121	0.000330609072135
2.73867585402	0.111591395253	2.09389432182	0.0963030655071	0.000407798845956
2.75209730165	0.103808751955	2.31308646671	0.0688822708499	0.000232451169864
2.81045993542	0.0889435973903	2.1005911012	0.0791229903814	0.000312181847682
2.81600431967	0.11799216184	2.02027781622	0.0672996566335	0.00033655368031
2.66118611249	0.108354151882	2.18704254056	0.0556251047179	0.000381000364058
2.55326707107	0.102644945136	2.04916427449	0.0678700110387	0.000410188557651
2.59921266705	0.105746526234	1.89153740703	0.0713716359343	0.000449234515029
3.2029939858	0.11705612937	2.31369285565	0.0687421717625	0.000199940286589
2.75637772445	0.104063770432	2.19069951092	0.069925459016	0.000312473579118
2.57105841278	0.106765650516	2.09303595274	0.0709218475827	0.000435531764299
2.74702699212	0.108752145434	2.00266017785	0.0718070339551	0.000357094138422
2.81789383303	0.115116488963	2.18984599365	0.0671549737947	0.000330994267943
2.67117436366	0.104824465717	1.88447592371	0.0689358749647	0.000378036708097
3.28858907262	0.103539009923	2.24097906234	0.0674119937889	0.000206843665802
2.51613326875	0.113323058991	1.99484335847	0.0725886006712	0.000446975753853
2.56888901974	0.107432726125	2.04863745976	0.151220735356	0.000387798331551
2.76249136391	0.10701654244	2.22184628308	0.0567233614609	0.000326798582319
2.81361022552	0.107561112104	2.29144110529	0.0644521953724	0.000310862118281
2.81662301325	0.0848593163818	2.11617505377	0.0678692530338	0.00032338754657
2.981741343	0.10338043865	2.30412076689	0.065469442684	0.000241227851428
3.04522648274	0.107700818863	2.21613981117	0.0754835266994	0.00026894518194
2.55364658505	0.109606675939	2.09516412718	0.0700825054507	0.000381299442953
2.24492187934	0.104393703175	2.13848311838	0.0858355513407	0.000296209662507
2.75026751115	0.100374649987	2.37671253721	0.0657965247051	0.000317188709161
2.8804493167	0.118975257182	2.40900391142	0.0709865970552	0.000291870218511
2.68553499206	0.110327268951	2.10028167907	0.0740803643677	0.000371123277321
2.18632695588	0.106431445762	2.05861571591	0.0665630584548	0.000495697964473
2.81727684884	0.114410139897	2.29705926091	0.0672528879224	0.00026468125958
2.74236014215	0.0820905592943	1.95316558028	0.0692979186383	0.00030866368499
2.35845698654	0.109961625542	2.04570843365	0.0697057373714	0.00048693777192
2.69993147089	0.108951767237	2.09930600946	0.067613917832	0.000366894228835
2.82156077454	0.109524070199	2.65597469216	0.0689677677742	0.000246956650833
2.91968514162	0.10143867351	2.20736859407	0.0664258544594	0.000246685984544
2.90515277672	0.121727086758	2.28931681103	0.101889684132	0.000225142120607
2.82692569778	0.103781269968	2.15042028783	0.0654889582595	0.000301742969477
2.72492495124	0.106997000551	2.14137700516	0.0794664898215	0.000374164498628
2.60533011442	0.104499024821	2.00368274423	0.07204599159	0.000350502568475
2.67669038077	0.108413676369	2.22368422534	0.0801743354769	0.000451755161252
2.41819322781	0.108243107113	2.00325964955	0.0713572786023	0.00057281671721
2.7789882975	0.105553769512	2.39676047001	0.0671410033411	0.000275532393171
2.71977590654	0.1090521834	2.11610389661	0.0666768418109	0.000352087043067
2.4976896149	0.104049032411	2.14711150364	0.0746543532333	0.000344881086542
2.74843206817	0.107989190706	2.18534804403	0.0759737301538	0.000304233553659
2.85678862825	0.107063599654	2.16622673765	0.0718045478312	0.000271672328279
2.61529713499	0.110267053026	2.17178548407	0.0700441131012	0.000429481645715
2.55809998669	0.10774586826	2.03909627223	0.0730301917665	0.00040044270875
2.75588898859	0.10616652111	2.20535946067	0.074029318789	0.000296943538442
3.04423283387	0.0998842738135	2.2587743646	0.0736788051175	0.000239027718102
2.73151854955	0.107034099899	2.27945996107	0.0617891552983	0.000319478321217
2.92059654437	0.104777657119	2.21957148099	0.0637777385355	0.000304996322093
2.79115046209	0.108596597641	2.10656847389	0.0554019270966	0.00034525327042
2.66579178859	0.109975391312	2.04829912097	0.0705267525963	0.000419836175724
2.55042724956	0.108330904877	1.96700506068	0.0714682219389	0.000467646772505
2.805262069	0.0991361101458	2.25162234274	0.0698576564097	0.000302994386406
2.84784098426	0.101549109128	2.28221528554	0.0690492420911	0.000253013405224
2.91931075436	0.114539076521	2.37471053832	0.0652539640809	0.000290056122173
2.70476971209	0.110662057073	2.13907414566	0.0676835652926	0.000301794617497
2.62591871162	0.109159276933	2.01100865182	0.0668494953734	0.000392315582508
2.53646182408	0.102071054163	2.00522336274	0.0691254583715	0.000386273044344
2.87008831741	0.112626117379	2.03103219802	0.0695117216277	0.000365386142182
3.1074682669	0.112788301603	2.25912832561	0.133744547749	0.000264869125984
2.77326048196	0.109400874185	2.15147536382	0.0831284569639	0.000340748258238
2.82647419137	0.112780752263	2.11071516376	0.0674268669701	0.000318330896821
2.87935514475	0.11955706898	2.2557861597	0.0668116003425	0.000283523871686
2.44498015798	0.115814965948	2.36543421796	0.0681223711114	0.000251319704359
3.41300691519	0.0999110800524	2.2171148651	0.0699055200259	0.000279714197677
2.52190202388	0.108621621203	2.07401222165	0.0673353396166	0.000375004561401
2.66114287759	0.105823843287	2.35554475082	0.0649074909872	0.000238272301238
2.74436162074	0.112623699148	2.23720970596	0.0677437341615	0.00030309685242
2.65197901445	0.108311874662	2.08334744573	0.065208439713	0.000404996944204
2.32884741894	0.109238913144	2.17291375879	0.0628490955599	0.000324750782546
2.84352844477	0.105921961813	2.12003327036	0.0643420641292	0.000237851149978
2.68476299869	0.111742805391	2.06929778596	0.0686704130921	0.000362077482498
2.69708920231	0.111698362016	2.03492772677	0.074100325934	0.00038723817732
2.68613740931	0.103316216512	2.07582597189	0.0695737028827	0.000369297690937
2.67609241951	0.116922607159	2.26521401664	0.0664855639859	0.000283989917432
2.72420744023	0.11140668333	2.14395285039	0.0668008587803	0.000391619018134
2.64063678172	0.107402457101	2.13181719857	0.0683545138759	0.000359576308397
2.46293631779	0.109006038949	2.05368806387	0.0747281946711	0.000340038101292
2.9027858983	0.107511304826	2.34368259993	0.0683820387853	0.000249845316181
2.58925353606	0.110387826086	2.11713510175	0.069076584528	0.000380275825785
2.66402944575	0.107996449144	2.09522833691	0.0717013909292	0.000326849946494
2.70219927833	0.110288997071	2.03569353038	0.0655345268357	0.000386595171836
2.58549835433	0.10921110848	2.07166494528	0.0634088540253	0.000436548253363
2.71290364014	0.105349723568	2.09453223194	0.0642205818208	0.00037511923158
2.79546378699	0.105015526723	2.21824447682	0.0695536918832	0.000265888926599
2.63136723606	0.10012510656	2.19510991387	0.0655224173329	0.000329738642363
2.46798552649	0.105109644306	2.01980497748	0.0653812630158	0.000493287686999
2.40693699256	0.126137454109	2.03638624621	0.0694744901571	0.000486615751015
2.62256207222	0.109777550522	2.17803645135	0.0656018904989	0.000320405505693
2.8577582078	0.100149738953	2.16638193799	0.0643518486277	0.000253700938721
2.48348334922	0.105786064769	1.91630301093	0.072784045652	0.000488143040031
2.49358365327	0.101919573467	2.15575643376	0.0724632073092	0.000297519925336
2.94379941417	0.100753043935	2.24567260936	0.0627769217967	0.000251421657521
2.78878024422	0.103764450512	2.19142443739	0.067295236034	0.000329916417279
2.46049892755	0.106543500052	2.13586346693	0.0655388193408	0.000321553898051
2.636488337	0.101144520778	1.97682997393	0.0663119852063	0.000413195376107
2.68758306566	0.119342260746	2.19611958458	0.0687182956004	0.000318329378863
2.62057742241	0.104359340533	2.21774904879	0.0668081440343	0.000252856897006
2.68535153266	0.10827717444	1.39495035571	0.0660895293117	0.000364709864712
2.65974537342	0.104168843234	2.07478734805	0.0921953051168	0.000385261260798
2.91758568017	0.106470537947	2.16538058001	0.0711042086085	0.000253313414949
2.83132475673	0.14367448858	2.13405784667	0.0609199762155	0.000336240487686
2.88211982264	0.114186388162	2.27568164377	0.0487166948402	0.000301975329966
2.79098667871	0.117479112734	2.23913063638	0.0654974488766	0.000257624623116
2.60861915226	0.113143449649	1.97395876366	0.0676519176893	0.000424672116682
2.78862157059	0.108223811428	2.07690710653	0.0877568718132	0.000346075132027
2.87055296526	0.103956882936	2.2007867872	0.064900770231	0.000277622664731
2.69335774165	0.115769266346	2.08929569097	0.0687009609778	0.000391611842435
2.65210240273	0.101716525006	2.03650496547	0.0699253644166	0.000309401187241
2.86358982317	0.110202087857	2.06304933447	0.065478868428	0.000289890755239
2.73578005802	0.109544519137	2.10949085412	0.068822813936	0.000352090019967
2.80251971525	0.112690547055	2.00799800386	0.0707034542106	0.000367936996659
2.70205780156	0.0841005190159	2.14318097398	0.0693547648064	0.000321440738865
2.83070253258	0.105477447787	2.1580616284	0.0699847334064	0.000269975999542
2.69736579717	0.102062951286	2.18732088334	0.06485548035	0.000342294864436
2.79157582994	0.107979656606	2.22591273511	0.0667597868216	0.000328155260092
2.13803694275	0.115489060003	1.93024097751	0.0666181653551	0.000420809584042
2.60429001905	0.112424842044	1.99565298192	0.0762704936684	0.000396983070548
2.74667278049	0.112485206635	2.22003881267	0.066258984228	0.000342936080875
2.50318219101	0.106094932316	1.99147079873	0.0688472050714	0.000449656153002
2.79943025209	0.103337574407	2.20410870491	0.067068619631	0.000273121492274
2.8338961541	0.117458038399	2.16809684893	0.0691250138221	0.000325147413452
2.42907647027	0.128973650844	1.90377075365	0.0734385126124	0.000503825562075
2.82352963623	0.10930295536	2.23816860109	0.0686804802399	0.000267441081058
2.77076694409	0.119313467255	2.24428302904	0.137327870226	0.000269940251849
2.54225524345	0.105188045592	2.04238346121	0.0703785878403	0.000420734770312
2.66449848715	0.115536779114	2.09416670276	0.0701322935397	0.00033683130234
2.7289162188	0.101558054366	2.09951207149	0.0684197890749	0.000322849313725
2.55548916286	0.11039919623	2.00864805051	0.0630180596698	0.000399889129772
2.79421457751	0.109427684504	2.13835407302	0.0699920587137	0.000324653922588
2.70156819008	0.106900317049	2.11513434855	0.0569683866284	0.000353425263862
2.87975278028	0.111715613999	2.04697889775	0.0654458422618	0.000354994196783
2.74112027101	0.108783554734	2.08794829646	0.0722437656976	0.000320397525561
2.51642401578	0.108507817399	1.95936087424	0.0732024021334	0.000504315198944
2.65081532082	0.118204221379	2.17712027048	0.0725297198421	0.000320239685785
2.69683234141	0.10924663748	1.91374654143	0.0646113348741	0.000379332989985
2.73774124114	0.109890053237	1.95346447574	0.0687621327382	0.000477282650086
2.88203542257	0.124028793986	2.17403188952	0.059519554813	0.000258322185299
2.58429134919	0.107868348228	2.08955616221	0.0709599538021	0.000388052489847
2.70041890215	0.108527716569	2.09427478999	0.0702263890947	0.000369179266624
2.6692575516	0.105315827581	2.06265283333	0.0570670996318	0.000385307479476
2.73504446348	0.0962144593121	2.11913964933	0.0698684172353	0.000310754821964
2.87183750299	0.111506716397	2.131409292	0.0794163733545	0.000293860883901
2.69361853428	0.104444392931	2.13808293799	0.072792450464	0.000361873216012
2.36622592957	0.108663252496	2.09086797459	0.0741180237859	0.000379511037605
2.83686029041	0.0988146935998	2.20168918229	0.0708901145027	0.000292859512862
2.51405209754	0.0832951459745	2.03713464808	0.0663364239956	0.000520366234298
2.61062782374	0.0990208872796	2.03745762881	0.0619097637123	0.000372223341773
2.63546355866	0.103855127514	2.07154030602	0.0677536205427	0.000319537741174
2.66634448864	0.110996259756	2.38779849046	0.0675458067798	0.000337680697182
2.67746446434	0.103700814181	2.15442086027	0.059122828624	0.000336775129014
2.8579190246	0.110606672466	2.387040559	0.0660234154311	0.000273162062766
2.77531044684	0.100820071234	2.22242247311	0.0708585233246	0.000298435693795
2.66513628315	0.110911609817	2.08992664096	0.0580438342816	0.000322927291866
2.60734269368	0.112376910117	2.04831622988	0.0629387362553	0.000367481996777
2.72410757357	0.0863812017323	1.62517958085	0.0712213796393	0.000343017494529
2.70271318597	0.106742883802	2.23031416984	0.0614663451071	0.000336470705709
2.74443274944	0.115505473283	2.04642639227	0.0685931765571	0.000353537334666
2.73443442931	0.109177415212	2.12079814056	0.0618934911635	0.00035910002573
2.7047586808	0.102433252346	2.21468762187	0.0659475520604	0.000268338903322
2.62560423609	0.113877051617	2.11413953223	0.0678466446651	0.000315748607655
2.67863609675	0.107614795449	2.0381299549	0.0728300386574	0.000364448567267
3.03494061915	0.101956968533	2.43565347685	0.062445291945	0.00018319529548
2.56508261401	0.100907427657	2.21355437611	0.0827177970121	0.000336352999881
2.64087775246	0.110173031236	2.1756926867	0.0642051780553	0.000315479103288
2.58636625538	0.11153782077	2.02151996452	0.0717288513643	0.000398829120465
2.68026237853	0.113119355593	1.99586023637	0.0674526971824	0.000413015314291
2.92629506667	0.106946279949	2.18467483964	0.0765881806973	0.000328090986479
2.64913770172	0.106869531974	2.01649791555	0.0666544980939	0.000415215720989
2.79617953724	0.108356444199	2.10580017095	0.0716603405769	0.000288405444584
2.79521810808	0.118171106239	2.12354235334	0.0720900979748	0.000350530318259
2.66996365809	0.115235617796	2.22944413926	0.0677634516304	0.000292425334981
2.76720366961	0.129192159386	2.11913987961	0.0626537725027	0.000310915489079
2.91311833493	0.109853786928	2.28073391559	0.0697585379574	0.000448179147356
2.68280403166	0.109662097424	2.03331282923	0.0586914960552	0.00041365085357
2.80506856725	0.105700773771	2.628416614	0.0651930750403	0.00028866626614
2.75513526498	0.111429601753	2.11527401793	0.0749949183293	0.000386911656399
2.71086513614	0.109381786419	2.34060075058	0.0654079469395	0.000366217619609
2.87371253118	0.0906250878929	2.21543697484	0.058378144055	0.000313755552982
2.55984247958	0.110026909852	2.45707116251	0.0689718259543	0.000338344761176
2.64252335383	0.109940829907	2.07846211581	0.0636885797092	0.000410371930907
2.64755804951	0.111146977947	2.15083318501	0.0748350069728	0.000374640229243
2.8154266354	0.10865810637	2.0174865992	0.0683062618626	0.000391462839929
2.91396995779	0.105371482773	2.13623948744	0.0702201387867	0.000344034011662
2.67094303557	0.106105068133	2.05772252387	0.0715808398327	0.000378681402756
2.57255905841	0.11012514222	2.07017795157	0.0620574704541	0.000384578527675
2.69013458279	0.111464285766	2.07061680414	0.0778521675514	0.000402860749339
2.57291054482	0.120224629634	1.99859801623	0.0850265946677	0.000412506595057
2.59418773889	0.104634044648	2.04427837579	0.0675593794879	0.000335001985622
2.62778891228	0.10658964968	2.12416524099	0.0723964952888	0.000368092136702
2.76067429659	0.105269615031	2.37083337311	0.0683246528975	0.000308494146755
2.61081249917	0.107269348233	2.0999644115	0.0717259686362	0.000334799335721
2.50863304472	0.110108288218	2.01608910145	0.0797899767405	0.000417740134118
2.74868408608	0.108244977039	2.19703707503	0.0675696797305	0.000290547760114
2.59955612802	0.111984509549	2.12798925064	0.084885203386	0.000296906964591
2.99851362802	0.109658454671	2.37480767292	0.065687077472	0.000187735590054
2.76158862674	0.0983594871557	2.14163315327	0.068373222347	0.000329034903549
2.76650914184	0.0953970139155	2.19483205596	0.0756749821771	0.000262031624296
2.50316635904	0.110660241142	2.04833770055	0.0663882284138	0.000452000909007
3.03428429011	0.104293263571	2.01056777711	0.0688634152022	0.000454740783216
2.53050585115	0.106565191086	2.08274339062	0.0678971383711	0.00042723604581
2.57816374342	0.116762964801	1.99969562819	0.0683947566966	0.000352831754163
2.74247168029	0.0921143067353	2.15716087522	0.0653713568685	0.000325641491857
2.73273388625	0.109897971001	2.11007270193	0.0732638806489	0.000331052900872
2.6206068814	0.108030121386	2.12086422946	0.0701250461989	0.000328548649327
2.70284095979	0.103389681618	2.05595416517	0.0708206878534	0.000344073080723
2.77995672915	0.0946437157542	2.13956955967	0.0692703252342	0.000451324219622
2.86316152629	0.106657446132	2.15278848992	0.0703684945991	0.000310457855275
2.70683329071	0.109583547368	2.09803240421	0.0683758692538	0.000321913411105
2.66066016896	0.110763599867	2.13503729117	0.0699024341128	0.000382742701697
2.58481798493	0.108115388634	2.17678424517	0.0657613608347	0.000408786601497
2.83502712189	0.100790657183	2.14510348873	0.0913650914565	0.00035219748146
2.78118580661	0.118638854964	2.2011299789	0.0718744641018	0.000312673642204
2.88276924438	0.109991319394	2.26501921957	0.0670420412138	0.00029767494966
2.82144536179	0.10443009212	2.09057347147	0.0681611468814	0.000344589308695
2.59429884501	0.105139298553	2.00383483036	0.0723137999524	0.000350005992082
2.80367360631	0.114378479979	2.22611946091	0.0665968852835	0.000330257062229
2.64775181987	0.106273763826	2.2463641392	0.0665895003845	0.00029354761681
2.30111987303	0.111868735959	2.15912991725	0.067985351271	0.000355534422798
2.518372903	0.114218403254	1.92096282192	0.0688374663472	0.000466244779375
2.88799670605	0.0977587778137	2.20645314528	0.0696188425805	0.00024371513077
2.80007566257	0.106300789337	2.17532967931	0.0709108056673	0.000302268347516
2.81753407129	0.118428117142	2.15726344414	0.0847862711018	0.000288776765461
2.76815777391	0.113546436435	2.29483256926	0.0721851840284	0.000315559646938
2.47440895005	0.109371947087	1.91775288059	0.0679053388709	0.00047379794585
2.52319159224	0.105103905103	2.21130065354	0.0705485930986	0.000327141487395
2.68040667327	0.0972637164333	2.21325000106	0.0702339188162	0.000280142666218
2.8754620903	0.117282170941	2.28728594665	0.0736621728712	0.000317988400964
2.61966392554	0.106735876486	2.05699824723	0.0654650757598	0.000312702109918
2.68842840038	0.0898480710987	2.08359006077	0.0686594029601	0.000356958478591
2.68389360433	0.113217661087	2.16404975059	0.0712910748152	0.000339740091389
2.86666258651	0.108291943338	2.20520427094	0.0687552976827	0.000278043418811
2.47487562386	0.0989538106945	2.24028857681	0.063531185167	0.000372007949338
2.75537315446	0.112096570476	2.28315349124	0.0702151946818	0.000348625185406
2.72689473411	0.109352340185	2.14690920346	0.0656939881741	0.000359080425941
2.49587166789	0.0983983397089	2.24287347189	0.0636673555089	0.000380029756361
2.58759721055	0.112857331353	1.9437346877	0.0675395681407	0.000477283862716
2.79652669125	0.109881522018	2.36166691929	0.0687730003574	0.000280750833792
2.55509139536	0.105289609784	1.97996217198	0.0653081297895	0.000447016158108
2.56726209341	0.108099635525	2.10850103757	0.0708522871043	0.000315414328521
2.67661666305	0.112028198158	2.08285101804	0.0669229757975	0.000398572934195
2.7598830124	0.11834796997	2.13468390479	0.0671811087554	0.000327640153717
2.7772071248	0.108394872076	1.96599415018	0.075173583267	0.000322436048686
2.72257734232	0.108503633141	2.14778834876	0.0707137935383	0.000268350523841
2.87896888427	0.115230900701	2.26557982765	0.0776427634525	0.000351992185781
2.73051985844	0.110069156522	2.24084286769	0.0645054363754	0.000302772140775
2.49162864489	0.116563629404	1.9300411168	0.0677792818265	0.000398328132443
2.81130291595	0.106478185322	2.13893131529	0.0678836029277	0.000296710691679
2.8593125354	0.103906506245	2.25452253803	0.0667102776154	0.000260898678426
2.52196732603	0.109571986506	1.93454298317	0.0699199727417	0.000538578250965
2.64276646764	0.110272165624	2.04669195088	0.0813030235768	0.000398603206318
2.75428280838	0.108454540776	2.10751472047	0.0651148645814	0.000333535368619
2.78128248869	0.112204387501	2.24550703084	0.0708237282038	0.000257232771142
2.7759568026	0.107059695296	2.13016699791	0.0962935720573	0.000310279301884
2.8483949927	0.108527620008	2.09802418527	0.0708078115244	0.000392115542545
2.32716360227	0.101632408926	2.29020662586	0.069671788537	0.00035949522055
2.49944275346	0.110881566332	2.22250049207	0.0691762904591	0.000438296553496
2.92985684765	0.10848642415	2.54066948681	0.0662232068298	0.00023727760795
2.99787289964	0.111688895966	2.1556148685	0.0663957669335	0.000288290367304
2.54960626926	0.094984572037	2.268771555	0.0680997125584	0.000435564519608
2.81031092783	0.126681154789	2.27367367747	0.0685049927714	0.000273723028695
2.46820540412	0.106664356761	2.14825957351	0.0640990286083	0.00032116379354
2.52695900814	0.110381860808	2.03068287928	0.0624676618399	0.000401538756521
2.78001684767	0.106288573408	2.21330456033	0.0635835257575	0.000315600341163
2.76001532649	0.104739330668	2.17231095245	0.06518463922	0.000333648607652
2.88285568996	0.0987757677559	2.1213539712	0.0712063355022	0.000282097730289
2.49957462179	0.112279801088	2.08859432473	0.0632072698143	0.000401382960137
2.85105830745	0.11069359901	2.34691900056	0.0704774083354	0.000255086911088
2.86337058944	0.119903916569	2.03512646769	0.068906279603	0.00039325138749
2.62465424887	0.0962275112242	2.16809518672	0.0703376702197	0.000401646821821
3.30357901748	0.108404145803	2.11489306722	0.0690154805426	0.00029341406496
2.4469555346	0.119616653856	1.90555533886	0.0685610812769	0.000558771066534
2.92251141442	0.149829340286	2.22102629992	0.0630795496093	0.000275869487057
2.68209541882	0.0985039140478	2.12645658586	0.0617857803251	0.00034909481745
2.55123246323	0.0899865615776	2.34253504684	0.0698287666162	0.000290287747201
2.68909632382	0.111444256098	2.11023207215	0.0637092584689	0.000334319570639
2.49631710823	0.106160144626	2.0430640941	0.0660811739356	0.000334059225617
2.64776764377	0.108841287309	2.11891553217	0.0668369383834	0.000395395189389
2.67511470341	0.106347252611	2.17898910673	0.0700956005413	0.000331523549757
2.7351663701	0.107930599308	2.14783141151	0.0766589290971	0.000355785060783
2.82546122515	0.106892025059	2.45524789173	0.0732079971605	0.000259289895745
2.8009841036	0.116122130613	2.1433541724	0.0663307184933	0.00035573236509
2.65527938107	0.100578157646	1.97801279353	0.0664349983422	0.000417665601694
2.44236519863	0.11062972698	1.9203592163	0.0722881309636	0.000490138317681
2.57898003952	0.109871921471	2.04469045707	0.0733131858879	0.000407793886932
2.81090113036	0.132995989658	1.9656492154	0.0675919554918	0.000343769542109
2.9454271186	0.110287626876	2.25263354555	0.0671474722195	0.00033145572809
2.78838191898	0.103736147728	1.98559314949	0.0683064147161	0.000362106736704
2.63609601421	0.116241423477	2.003223527	0.0429313817101	0.000396183047442
2.59199541282	0.120774589821	2.11600519949	0.0659837058078	0.000349913314386
2.69341460209	0.103795770826	2.10454164865	0.0688198284905	0.000353314557903
2.63424698976	0.109923098771	2.00686716846	0.0802604978868	0.000430271289976
2.77703954924	0.0982787263237	2.12409960352	0.0640781783983	0.000324830847257
2.90976162634	0.106929748839	2.33013292187	0.0704274679231	0.000270712544375
2.79178185038	0.1072911896	2.11953865073	0.0684354205314	0.000270847087517
2.73694214615	0.109578253255	2.14456440071	0.0713586951812	0.000317468167489
2.69624820893	0.108335985353	2.11008826297	0.0699737529705	0.000369355942736
2.56282665653	0.109434363636	2.04318703734	0.057445299961	0.000432021481407
2.92538712249	0.115369715814	2.28697725468	0.0745839569555	0.000261751123226
2.32936036687	0.10855133165	2.09978892303	0.0759021581807	0.000365226033065
2.69077896782	0.1049001586	2.08827254019	0.068850422575	0.000372024989423
2.71290139014	0.107189050128	2.13570173291	0.0656989882212	0.000319448950032
2.40961533289	0.117385381693	2.02931312858	0.0749638750925	0.000337745497976
2.76801368634	0.105834153893	2.2050439168	0.0672148696399	0.000324600041209
2.73762075005	0.0997052506491	2.06862455538	0.069929898849	0.000338548581352
2.71235180874	0.107877125412	2.15606404946	0.0763355601736	0.000266061988604
2.67952716383	0.105829387253	2.09438672463	0.0700036679768	0.000353273860313
2.73742809312	0.107934941821	2.17786780938	0.0658210374397	0.00028818110155
2.16585375894	0.116985480476	2.06665735587	0.0757633886251	0.000466340051688
2.53829301585	0.109031370514	2.17844135381	0.0688038988463	0.000348252741004
2.59215939893	0.10532910082	1.65930206242	0.0699657426614	0.000392381346117
3.42042498829	0.111067527813	2.22637918344	0.0943487265255	0.000323800657593
2.72563147261	0.107832302866	2.13146669799	0.0612685624654	0.000352696146608
2.66952721872	0.104197661885	2.09011944524	0.0626962218376	0.000352477166357
2.5337456387	0.100044854438	2.11328860137	0.063933775405	0.000368507881524
2.60854931234	0.0988251561913	1.88571002894	0.0763808343544	0.000510102653377
2.5065679974	0.0919295410567	2.02095222488	0.0743389252343	0.000411826230421
2.73296874696	0.104860562756	2.16357945512	0.0689893369508	0.000341539208535
2.75792449384	0.110053751841	2.0570885127	0.0680184928156	0.000303908814618
2.6222480024	0.0967056948802	2.09222030506	0.0797361216981	0.000395403773566
2.79157846285	0.0997090383872	2.11512223403	0.0703171165196	0.000400269577698
2.77445267156	0.101069670693	2.06104580125	0.0691965387777	0.000430256726743
2.70676429443	0.107276794934	2.17221368992	0.0685610646524	0.000291480404334
2.48207777462	0.0994839542934	2.18283364943	0.0650596354663	0.000287208308101
2.73225205223	0.110321403387	2.06492106789	0.0711501931286	0.000346430237614
2.569404893	0.101658598259	1.96617989044	0.0570747580165	0.000438275184077
2.60724988512	0.0988058417766	1.88686410795	0.0943168223959	0.000453018615431
2.6626453205	0.122380396968	2.06803733825	0.0680335343875	0.000407356676951
2.68135415407	0.116680560083	2.09432543332	0.0712148341677	0.000339598674182
2.55076381783	0.11184265786	2.26475811378	0.0732146176067	0.000407454950645
2.63118411537	0.100047083097	2.0918467573	0.06284644294	0.000414857590692
2.66406818347	0.102700172993	2.26128088346	0.0702774354971	0.000356860666324
2.6672199732	0.107576523274	2.15606164452	0.067556045869	0.000271715247251
2.71573478192	0.110783254719	2.25867633695	0.0688188846471	0.000307060885459
2.66849810209	0.108135453733	2.11165164011	0.0666751365623	0.000278496471138
2.62973903496	0.111324424213	2.05625743121	0.0732085006628	0.000423345356861
2.84215966347	0.107410561139	2.19390856026	0.0678892834014	0.000250076261291
2.7296043015	0.106664438354	2.28958209493	0.07728689397	0.000386158780371
2.77534754222	0.0976230501668	2.0288344388	0.0695162430863	0.00040296421663
2.53021259183	0.11479554514	1.88750775372	0.0690210240395	0.000481096759032
2.64989721671	0.121522510344	1.72646879545	0.0848575710568	0.000486476102108
2.47403614851	0.107305787093	2.06433401075	0.0635744007426	0.000372411193939
2.70360872124	0.114565329863	2.1500624731	0.0679541341593	0.000324422000258
2.64442647116	0.105199141933	2.14275295526	0.0662636977462	0.00037400182988
2.52998491033	0.096110398472	1.9628620522	0.0691682496884	0.000481122642304
2.66197248711	0.102115716166	2.11235303025	0.0715290887519	0.000430038170988
2.65351082888	0.10145239651	2.07480650513	0.0737082832167	0.00036139074316
2.48340794949	0.105241868211	2.02314387102	0.0677757391008	0.000418612730896
2.51237344396	0.099816985081	2.20688146067	0.0675740807928	0.000308347162721
2.4719659025	0.112148374008	2.16781089525	0.064858396446	0.00033622940155
3.06646239653	0.112806548646	2.25404436652	0.0703424724032	0.000224914118359
2.72338282632	0.111380372842	2.16843538432	0.0692471975335	0.000347577774868
2.79544681752	0.107100406258	2.23295017668	0.0756133772554	0.000273485470557
2.85283163886	0.107187275494	2.21782627553	0.0730414740724	0.000252268051647
2.73945962676	0.104609469802	2.1775059035	0.0682543862083	0.000299816708833
2.48529013932	0.0969741677935	2.36483185127	0.066785081779	0.00031885517177
2.68283915135	0.0898418676795	2.19899825755	0.0661916385979	0.000352404062286
2.5999030627	0.105068757489	1.9502318019	0.0696791776847	0.000446315434498
2.53062284273	0.120358534958	2.37885945863	0.0700661453261	0.000249612099959
2.81007461335	0.109342188667	2.16606302234	0.0699097842199	0.000286949304109
2.76112023209	0.108373710113	2.14499489966	0.087289918259	0.000328493336618
2.54660805969	0.106709851359	2.08309160909	0.0639447930406	0.000406084987984
2.77966500904	0.100805392352	2.11909105493	0.0626257723299	0.0003072357074
2.65048803288	0.107562893438	2.14360707766	0.084305197474	0.000375882068441
2.79302928395	0.103639816844	2.17201148514	0.0654252372719	0.00031312833784
2.52342810088	0.100327887283	2.07718390481	0.0740384757843	0.000315703052852
2.77877848751	0.11032822426	2.04492153267	0.0737304872921	0.000345210255056
2.67553778401	0.110780853715	2.10317563339	0.0688108758105	0.000318576458074
2.25230689332	0.0693727696414	1.92984695537	0.0656277343468	0.000505909357574
2.58722425065	0.106962796566	1.97620651451	0.062788575857	0.00046520991013
2.61991652404	0.0910625096127	2.09411405915	0.0722976542971	0.000322913263353
2.83969689899	0.11660187133	2.16689416969	0.0751806136475	0.000350114366324
2.61489625675	0.109057824505	2.02121981251	0.0696729988509	0.000392305519264
2.93074397788	0.107977905548	2.39527531751	0.0713479864037	0.000219999527408
2.7314911258	0.111310231491	2.21246826883	0.0707965503094	0.000310240553543
2.87417430615	0.111339820894	2.17638808266	0.0660333643235	0.000306744428833
2.7983545965	0.106823890934	2.01923597575	0.067627116442	0.00028330913876
2.56920340648	0.100589937444	2.34876308358	0.0697782833671	0.000316465051364
2.67100019574	0.10427681918	2.01448760828	0.063936533136	0.000347241791488
2.85823302081	0.103425768951	2.09418756464	0.0690269083342	0.000278266413055
2.49190333201	0.111402281201	2.11478955584	0.0619117433337	0.000299227450307
2.48111098541	0.107741065868	1.94273005869	0.0712671558269	0.000493646464939
2.6516186746	0.113950951389	2.13429944301	0.0685568819449	0.000352294872202
2.67551722735	0.106202594793	2.34777114981	0.075618452577	0.000293027523762
2.85032111904	0.107427719236	2.20763965609	0.0767447684336	0.000267546158679
2.80329921251	0.108078280133	2.56388174477	0.0685550169101	0.00029373383114
2.68489919588	0.0983062738255	2.04162869282	0.0689384726564	0.000400863097649
2.70022210579	0.109910188107	2.40526545253	0.0662227654084	0.000321253692196
2.57631091064	0.103362731101	2.0685519975	0.070001110264	0.000416100576955
2.63754417143	0.109793310294	2.09574530791	0.0727099528582	0.000402680536124
2.53045144927	0.10263263619	1.90005912091	0.0726798591079	0.000503592189971
2.8310308792	0.104667109958	2.22541745187	0.0684906378688	0.000266120578341
2.63697467566	0.104825567447	2.07617834392	0.0725957407053	0.0003610844472
2.74894157465	0.109312368113	2.16821525679	0.0923136091005	0.000262604538975
2.69344507426	0.111557650062	2.22543547793	0.0663282964568	0.000313008808192
2.46652306481	0.112295271222	2.0739580515	0.067289164334	0.000348230902286
2.80611280686	0.110800463507	2.09166154612	0.0675426227466	0.000333699103856
2.70410228893	0.104751380928	2.04767015544	0.066343254535	0.000336200582946
3.09185712562	0.107351010877	2.34210077155	0.0692299639561	0.000189810191774
2.80121871045	0.10862818931	2.13974203711	0.070955515431	0.000329530080688
2.63721365835	0.110101172066	2.1066286774	0.0697885626566	0.00034114444453
2.75471811417	0.110548391553	2.22241992968	0.0649093716016	0.000304712724919
2.68075892243	0.0852055553447	2.02684492488	0.0740346676136	0.000437179598706
2.69872110621	0.118008895574	2.30306031407	0.0728679652492	0.000288189075402
2.91922537613	0.109111441085	2.18249576009	0.070336250431	0.000282893539938
2.82614531296	0.0968151435706	2.09511826028	0.0690047616179	0.000406657174376
2.87451833433	0.116282323825	2.32539255815	0.0586761358369	0.000219839381985
2.67911514998	0.111380386221	2.03232550827	0.0718548049656	0.000410995037596
2.54807490716	0.102266502112	1.95520637267	0.0747154156374	0.000447174586314
2.76182324923	0.111338432697	1.96852608224	0.0688936309432	0.000359625614734
2.95776869044	0.106102971317	2.11721956921	0.0623601333531	0.000328544629403
2.46208183013	0.109564904319	1.97006882027	0.0740455407172	0.000409913429337
2.73194663596	0.101811627437	2.07541297811	0.0718185930896	0.00035113008825
2.48861130602	0.113630390671	2.03058305512	0.0755689304753	0.000391763815681
2.70968677457	0.124163520626	2.01127627654	0.0670887709063	0.000341506717481
2.74665607274	0.114042636424	2.04380306867	0.0680967532375	0.000363162056906
2.81837169458	0.107383969408	2.20102802033	0.0668255410356	0.0002810862095
2.51606246514	0.104753965514	1.98719680749	0.0765257126319	0.000393291950056
2.75098866754	0.0725842936897	2.18716255572	0.0657418887309	0.000360616881643
2.58943534718	0.108463606598	2.0644804228	0.067025626344	0.000373278109007
2.68508074152	0.117147351005	2.09012845792	0.0651425978776	0.000393150921891
2.56789849135	0.102805787487	2.11888563206	0.0710010450022	0.000327115257488
2.61820282836	0.114339392012	1.89726301859	0.0722337541907	0.000405028156051
2.86508535464	0.14966048583	2.23084364318	0.0761759352785	0.000287448791291
2.55148513748	0.108981531167	2.1059318315	0.063559131996	0.000365192216824
2.74758501042	0.111437764925	2.12836016894	0.0673613142379	0.000367408034724
2.67284525162	0.108105019588	2.13841467002	0.0686252899423	0.000361773568072
2.81209696495	0.116557704896	2.24072386967	0.0611592415795	0.000280013401442
2.63159894534	0.107321931431	2.08501242485	0.0656186866929	0.000382088445708
2.71532073185	0.10355076076	2.05934821752	0.0660929761966	0.000348209314074
2.69348208799	0.10917376683	2.19191490875	0.0605013831135	0.000340785086098
2.70328911975	0.105962677599	2.16591669502	0.0785049544603	0.000339267255904
2.66753906676	0.111400093804	2.13138590244	0.0925650761621	0.000329144844652
2.69850358549	0.115659185197	2.09700974019	0.0710582201528	0.000347168444857
2.60753079493	0.131643119051	2.122099301	0.0731455540605	0.000371695330357
2.47535894769	0.110358958664	2.07407966277	0.0724273082825	0.000418708759743
2.79762140268	0.107189420862	2.36556643598	0.0703068465152	0.000392892663705
2.49739408482	0.105563857139	1.96795025368	0.0669010250048	0.000531308260187
2.60066095204	0.106528304478	2.18845270517	0.0714725816316	0.000300447742049
2.45652097624	0.111639631789	2.2002075722	0.0674989987743	0.000356352602191
2.64387345565	0.104397518806	2.07447701615	0.0660038661951	0.000350414913712
2.72776487329	0.103044219354	2.07764087205	0.0813761691784	0.000332804938532
2.72200949754	0.104001876108	2.15728653262	0.073930750362	0.000350057441631
2.62449516932	0.0997328855241	2.24644264209	0.0701731244253	0.000326166766483
2.64882525505	0.107141569115	1.94470842791	0.0734720393211	0.000413687494754
2.63547504905	0.111838856651	2.15701964312	0.0745899359576	0.000302893707641
2.68165646363	0.0986624627669	2.07730816843	0.0686192428026	0.000308794762773
2.77369364927	0.115967432369	2.18718295504	0.0713287183138	0.000303861718332
2.80784148817	0.110830990034	2.32719826797	0.0682689210301	0.000276837066112
2.63567242242	0.113079641606	2.22752903347	0.0653685030812	0.000321395842052
3.01667494726	0.106898502682	2.10721023276	0.0702178622032	0.00035721306886
1.87359960187	0.10164287728	1.98500408636	0.0800156495005	0.000392489054081
2.93956349281	0.099712047396	2.22718662235	0.0713280865802	0.000220616278993
2.72422901883	0.108576407934	2.06984528809	0.0662292513018	0.000337825489986
2.66480596697	0.11694600503	2.25536728151	0.0714156098475	0.000310699630462
2.83774354949	0.108411847143	2.19039973475	0.066733806961	0.000323142868997
2.75470402218	0.12820022313	2.17736054461	0.0837692688641	0.000297411261754
2.76929165842	0.112150801401	2.23286995899	0.0742240748137	0.000337021891565
2.39104860009	0.111823122126	1.82955838652	0.0710086582585	0.000600886286629
2.57307739573	0.10578536728	2.11418987824	0.0491157628767	0.000429896237242
2.57958764192	0.104065436062	2.02269470249	0.0324507383695	0.00043086174225
2.76042426942	0.110884175515	2.14945165525	0.0756200085365	0.000314886428265
2.87493383426	0.107084421783	2.04895774171	0.070599036187	0.000257082412167
2.54279310906	0.110841678918	2.16383985452	0.0686561785002	0.000342397548513
2.61573365233	0.0987592075859	2.13431197755	0.0912018401951	0.000366683101088
2.54620018268	0.112879660787	1.97080670049	0.0729531590284	0.000423488910865
2.51853851293	0.121926424413	2.04507879963	0.0659489660105	0.000427629933364
2.91859468693	0.0809120492675	2.28031414023	0.0726103834784	0.000251480441517
2.75064364156	0.110516040744	2.13674842082	0.0691700553318	0.000309943133189
2.78869170328	0.106992246571	2.07102897935	0.0596244262393	0.0003198578867
2.77415381261	0.105962682419	2.1990627939	0.0682479068	0.000254651529282
2.70506429851	0.0907057756029	2.21720850581	0.0698038768518	0.000313856118185
2.66360737503	0.110727669597	2.10734666792	0.0692850020111	0.000361163982324
2.664421316	0.0985794945102	2.14607907895	0.0660558465352	0.000342376085269
2.8945454625	0.10307688248	2.16293076561	0.0536486505154	0.000319492814366
2.68767544543	0.0933997240387	2.11297835708	0.0676654631503	0.000324165050001
2.50211057274	0.107004839313	2.04218612406	0.0661661217182	0.000366037431204
2.76099751784	0.109037506406	2.18540070785	0.0704580272937	0.000303961093413
2.60136002545	0.108588643669	2.05860447874	0.0649475376569	0.000379290959071
2.68337525248	0.111710123475	2.36527786436	0.0711507866981	0.000382764920527
2.72622209979	0.101995315345	2.16782766635	0.0752341040713	0.000295152359548
2.62605403069	0.109817266724	2.23791396959	0.0587258893086	0.00030704084148
2.38780623375	0.101989215527	2.21234492651	0.0702892574863	0.000464810634823
2.79696848125	0.103044706113	2.14110146362	0.0650714223445	0.000331954784025
2.59377671907	0.113676730316	2.13837621437	0.0634431419081	0.000391560982424
2.28631784043	0.133921875819	1.71865270583	0.0701097725386	0.000510364638678
2.74709969544	0.118182086241	2.14471451836	0.0662766227459	0.000296059890665
2.62507719731	0.103677505135	1.88781189531	0.0746721386272	0.00042887659454
2.4048595833	0.115881593493	1.99526085594	0.0707826654586	0.000420030509599
2.66178948114	0.117374922301	1.97113333795	0.0683861167907	0.0004258779446
2.62313929677	0.1036932694	2.12350751757	0.0658627788821	0.000408033176463
2.48186456645	0.0954543668968	2.03491979084	0.080439501121	0.000388678834375
2.91956139389	0.106961125146	2.21957211146	0.0637453368554	0.000235976514836
2.67959024026	0.10810285605	2.1028153449	0.0630676585821	0.000375931031061
2.62913861054	0.107422972041	2.23257499955	0.0678363188263	0.000367884591423
2.60029985242	0.114225779211	2.09960431051	0.0718334531911	0.00029125436619
2.44518712878	0.106787576053	1.99294860702	0.0693952111827	0.000412899947759
2.45859899065	0.1001812465	2.01209949507	0.0704235902954	0.000444601866516
2.78387685408	0.115777517851	2.15618961099	0.0607748844783	0.000343293690874
2.70819427497	0.111430375727	2.05128253715	0.0800344415761	0.000397501560418
2.72237845939	0.111221976153	1.963870161	0.0680330098452	0.000453939740899
2.6211210875	0.107790585022	2.07798944249	0.0805840421147	0.000353579255592
2.56119875001	0.108411584945	1.94840459191	0.0683044367767	0.000441028011267
2.63658402012	0.11298563798	2.14293347947	0.0605013873587	0.000345560518644
2.70716306149	0.103116472733	2.08570589266	0.0693590895571	0.000356273769896
2.76240686713	0.117231646778	2.12404256801	0.0701433906242	0.000351169268036
2.75586574143	0.105786857455	2.4496641745	0.0563619891289	0.000259804107238
2.80643703294	0.108415987303	2.18006942449	0.0684652187411	0.000272771852205
2.68797801147	0.10980884493	2.0203942493	0.0680506706869	0.000372756969063
2.69048890031	0.106080528045	2.02423368048	0.0660403987348	0.000397159071432
2.67914391743	0.100253945187	1.96087503491	0.0658540078168	0.000356730149694
2.7258101482	0.115750264094	2.27010221586	0.0665728567122	0.000290814224842
2.68561672274	0.11242447384	2.14047253749	0.0649070207789	0.000274076235377
2.77086642427	0.107669862773	2.09291986385	0.0670283627454	0.0003225363149
2.37967662168	0.10801952684	2.17134004364	0.0646084775625	0.000339304697572
2.76470096487	0.110023683823	2.40610616522	0.0736024502375	0.000317237386737
2.80053032357	0.113860704643	2.22792490217	0.0730139889318	0.000247611569646
2.68450919755	0.105818562724	2.17321122353	0.0680641388753	0.000316953934661
2.64941032904	0.110175500425	1.9192645472	0.0711875790028	0.000424431986492
2.50173960399	0.10607285319	2.0710930967	0.0697938389384	0.000462413105931
2.75256950036	0.112756033213	2.12541932579	0.073745691628	0.000345447277669
2.85185789667	0.107234967413	2.13314197387	0.0714918296787	0.000267907910845
2.94648876382	0.105717891701	2.21667116926	0.0676148701605	0.000211545107464
2.63474320412	0.0961081210789	2.13388739702	0.0678866944818	0.000381854691072
