x0_HIS3_C09	r_HIS3_C09	K_HIS3_C09	x0_RAD52_C09	r_RAD52_C09	K_RAD52_C09	x0_C09
1.79465821915	1.79465821915	0.10517796403	1.9406587271	1.9406587271	0.0438736052594	0.0151093789135
1.76762578335	1.76762578335	0.101110983146	2.05705682975	2.05705682975	0.0526611881294	0.00118066917243
1.78573120235	1.78573120235	0.115816919707	2.21381388948	2.21381388948	0.0604949001663	0.0089903834151
1.56734626204	1.56734626204	0.104517845939	2.01172258963	2.01172258963	0.0778505639102	0.00764129440517
2.03985097488	2.03985097488	0.106195975699	2.01053354509	2.01053354509	0.0448306380955	0.00667119475177
2.08207255787	2.08207255787	0.0995063526144	2.30828128871	2.30828128871	0.0486877148386	0.0104873685807
1.81969705135	1.81969705135	0.0984927411216	2.21448914605	2.21448914605	0.0437068164229	0.0140715144214
1.88345284871	1.88345284871	0.0988769896522	2.25713459726	2.25713459726	0.115417105396	0.00628619463232
1.75452953099	1.75452953099	0.10178648258	2.32248688607	2.32248688607	0.0488898532956	0.000307136349395
1.63290170596	1.63290170596	0.103938172585	2.10163833234	2.10163833234	0.050824054109	0.011507474296
0.865616247858	0.865616247858	0.100807232023	1.91391525601	1.91391525601	0.0472200287989	0.00921325731915
2.08615387356	2.08615387356	0.0865608681863	2.3706474989	2.3706474989	0.0777210885799	0.0088031011834
2.04019880297	2.04019880297	0.0910555380549	2.28616743801	2.28616743801	0.00231287161402	0.000290427792643
1.79888328139	1.79888328139	0.0846083149371	2.19001549834	2.19001549834	0.0495775677083	0.0120564118128
1.43216285801	1.43216285801	0.104843614365	2.21191666091	2.21191666091	0.0801924291549	0.00501065448711
1.93149735973	1.93149735973	0.103193962265	2.18040082874	2.18040082874	0.0430472326119	0.0134707006728
1.86672681581	1.86672681581	0.102508444624	2.47024035502	2.47024035502	-0.0225532837649	0.0119060072379
1.8547320259	1.8547320259	0.110073819665	2.47129057687	2.47129057687	0.0646496585488	0.0156813260796
1.30720101673	1.30720101673	0.106806822012	2.08542493715	2.08542493715	0.073703128766	0.000748474327441
1.71426739919	1.71426739919	0.122954134558	1.83470296732	1.83470296732	0.0452744141075	0.00654419328788
2.14104097698	2.14104097698	0.116377358815	2.08658423988	2.08658423988	0.0295567010962	0.00405694135173
1.68830562609	1.68830562609	0.106149036389	2.23755016728	2.23755016728	0.0468735227233	0.0106523184476
1.84241604681	1.84241604681	0.104452669512	1.9964355603	1.9964355603	0.0454711752701	0.00627516265213
2.03068871558	2.03068871558	0.102843192337	2.21985813667	2.21985813667	0.0780684434786	0.0066702464244
1.55277719952	1.55277719952	0.112499996972	2.4142401397	2.4142401397	0.0625484726993	0.0117412704639
1.5151076346	1.5151076346	0.103193624143	2.21629531684	2.21629531684	0.0616388516684	0.00508048490716
2.12227591433	2.12227591433	0.104068025204	2.14450342884	2.14450342884	0.0911586371062	0.014154069656
1.65720993598	1.65720993598	0.102493715212	2.36429683461	2.36429683461	0.0397921363066	0.00421613981632
1.86338668851	1.86338668851	0.117858753603	2.28365325716	2.28365325716	0.0348384885378	0.0028319926335
1.74735679982	1.74735679982	0.0767981979808	2.58048009037	2.58048009037	0.0263709806403	0.00026382690425
2.50958294125	2.50958294125	0.087825271399	1.72686886461	1.72686886461	0.0562458902967	0.005899406098
1.55188351999	1.55188351999	0.111514928043	2.0020262369	2.0020262369	-0.00333493974927	0.000591872762042
1.31805122667	1.31805122667	0.125595159511	2.09152041402	2.09152041402	0.0450316527086	0.00264920378246
1.17203769707	1.17203769707	0.0997553336101	2.37812452856	2.37812452856	0.0475006332302	0.000424609068993
2.16746286378	2.16746286378	0.0863151067237	2.18368704773	2.18368704773	0.0747699096973	0.00336950089133
1.50830910092	1.50830910092	0.0854291838833	2.17831806608	2.17831806608	0.0659492947616	0.0104287687001
1.88190075791	1.88190075791	0.0901409468893	2.35262689	2.35262689	0.0452762576636	0.00310774342104
1.76200539426	1.76200539426	0.0708612099707	1.92770310907	1.92770310907	0.0860568348412	0.0113171619943
1.71531174391	1.71531174391	0.105851764686	2.30619978236	2.30619978236	0.0492605430198	0.000871380130162
1.62120848339	1.62120848339	0.0754471926525	2.05374735288	2.05374735288	0.0526518233033	0.000270851905938
1.8807664476	1.8807664476	0.0810946683121	2.29027610423	2.29027610423	0.0489461130165	0.00521262667548
1.6912587366	1.6912587366	0.0181856134987	2.14623577926	2.14623577926	0.0483021914621	0.0070974940624
1.98273290799	1.98273290799	0.0916015014866	2.4181216068	2.4181216068	0.0664501358674	0.00417389635953
1.58126891507	1.58126891507	0.0869234975086	2.01759103771	2.01759103771	0.0251619930426	0.0214219834277
1.96700798479	1.96700798479	0.109511639168	1.96619585771	1.96619585771	0.0714400047757	0.0026641055076
2.03627437887	2.03627437887	0.0980623780747	1.26445905545	1.26445905545	0.0669176191834	0.00435262761064
1.60928322561	1.60928322561	0.0898464843758	2.11121374318	2.11121374318	0.0542752574055	0.00903011106129
1.93521994435	1.93521994435	0.0680479392485	1.83974930215	1.83974930215	0.0378774776895	0.00584794069402
1.84866369754	1.84866369754	0.114973571053	2.24131133355	2.24131133355	0.0436966600346	0.00317508549594
1.57554939062	1.57554939062	0.109004020778	2.23128767753	2.23128767753	0.0214952338524	0.0109744716213
2.08063857702	2.08063857702	0.1057040749	2.01053901961	2.01053901961	0.0743708821542	0.00652439784207
1.88754539853	1.88754539853	0.0964719171489	2.0225168284	2.0225168284	0.0493294195892	0.00986736794146
1.22919533411	1.22919533411	0.105687080732	2.01470262415	2.01470262415	0.0370879814789	0.00372563844295
1.85778925644	1.85778925644	0.0972979632121	1.72882521493	1.72882521493	0.0455200436529	0.000963835999307
1.85822880279	1.85822880279	0.125682729513	1.8926761679	1.8926761679	0.0279089228191	0.00675511823628
2.09443072342	2.09443072342	0.0899112874533	2.00365909849	2.00365909849	0.039959777597	0.000180381302082
1.76135030065	1.76135030065	0.079676395091	1.27754437722	1.27754437722	0.0734533340676	0.00380549903753
1.69826948607	1.69826948607	0.0914554467965	1.01731793525	1.01731793525	0.06788662244	0.0118876879095
2.03310957801	2.03310957801	0.0991466362037	1.42590268643	1.42590268643	0.0530170146531	0.00912653567619
1.16262946673	1.16262946673	0.095628592616	2.03457946681	2.03457946681	0.119270939735	0.0349628476013
1.55261817604	1.55261817604	0.102520319248	1.47769682111	1.47769682111	0.0407124468335	0.0261461798868
1.29505367441	1.29505367441	0.0963075576975	1.96658561979	1.96658561979	0.0484252341767	0.00613345199201
2.00133875638	2.00133875638	0.112864460533	2.09805850596	2.09805850596	0.0527620369838	0.013944193141
1.65849637189	1.65849637189	0.0991891986435	1.36756639185	1.36756639185	0.0723665098798	0.00930131035297
1.80474512386	1.80474512386	0.0883877589491	2.07437311506	2.07437311506	0.00615707086535	0.0102134332759
1.93377333055	1.93377333055	0.107656777697	2.15009472088	2.15009472088	0.0439343498795	0.00301423604226
1.96023567591	1.96023567591	0.0964541819433	2.05936916999	2.05936916999	0.0477909049001	0.0101477855631
1.73365396959	1.73365396959	0.0928770624166	2.29773549865	2.29773549865	0.0415270412196	0.0035120202625
1.84827815714	1.84827815714	0.108796678305	1.71986856829	1.71986856829	0.0913435723582	0.0131568921242
1.95930264892	1.95930264892	0.0507660329342	1.68744434849	1.68744434849	0.0684331304402	0.00913929315428
1.67665986455	1.67665986455	0.101137565493	1.98945470133	1.98945470133	0.0476869432996	0.00788206802805
1.84237345524	1.84237345524	0.0962564531532	1.43565787912	1.43565787912	0.035490579327	0.00866799061042
1.70339623112	1.70339623112	0.0901172229298	1.97612440912	1.97612440912	0.0440413807974	0.00489218257333
1.86077156142	1.86077156142	0.0986653570376	2.52075891281	2.52075891281	0.0268469130559	0.00405068850973
1.96768926197	1.96768926197	0.0891539436613	2.29628398661	2.29628398661	0.0629648967455	0.00301430473964
1.77826287091	1.77826287091	0.0677820390235	1.47522979096	1.47522979096	0.0231963030933	0.0151585610002
1.67614009536	1.67614009536	0.0995593110169	1.8596646817	1.8596646817	0.0573322808073	0.012753768164
1.67809393767	1.67809393767	0.101162927364	0.881121638842	0.881121638842	0.0708189806338	0.0334216662997
1.26397953226	1.26397953226	0.102495632685	2.19132853595	2.19132853595	0.0886190368375	0.0047902815645
2.54862225266	2.54862225266	0.079862340462	2.31774471968	2.31774471968	-0.0147429198237	0.00431892517895
1.76464266627	1.76464266627	0.111595835479	2.04597269108	2.04597269108	0.0487144188406	0.00548755361498
2.00562353929	2.00562353929	0.151892946954	1.94891119635	1.94891119635	0.0519416379278	0.0122099297627
1.33231524413	1.33231524413	0.0347151263359	2.0814592497	2.0814592497	0.0630283441215	0.0100513451371
2.08298014992	2.08298014992	0.133871524453	2.18326895433	2.18326895433	0.0686118723928	0.00175583124079
1.522027345	1.522027345	0.1222102896	1.90552879975	1.90552879975	0.0868296305308	0.00141658231504
1.70778619961	1.70778619961	0.126594030074	2.96658319747	2.96658319747	0.0716704080144	0.00556634476866
2.02571588855	2.02571588855	0.105895199328	0.702628394298	0.702628394298	0.0934247343897	0.00821848483592
1.78897669202	1.78897669202	0.116180725301	1.79571726507	1.79571726507	0.0698276054349	0.00417723638597
1.9780028566	1.9780028566	0.120045113645	1.80787363627	1.80787363627	0.0700408863872	0.0119459118618
1.6973794864	1.6973794864	0.103420828397	2.22301365024	2.22301365024	0.0411825053085	0.010110211841
-0.303126194654	-0.303126194654	0.114298252449	2.06559916875	2.06559916875	0.0376323573824	0.00489692946782
1.93601825674	1.93601825674	0.104791563767	1.8544189021	1.8544189021	0.0547575969817	0.00691807155884
2.15824687849	2.15824687849	0.0912205626187	1.99587898415	1.99587898415	0.0483618874377	0.00782178638326
1.63234768741	1.63234768741	0.100057367224	2.24089499478	2.24089499478	0.0596551202053	0.00841723390346
1.97630936666	1.97630936666	0.136937148526	2.16311551949	2.16311551949	0.0462104213919	0.00104942999864
1.64417271347	1.64417271347	0.112510015481	2.01739096583	2.01739096583	0.0414805359464	0.00992813400497
1.82214021146	1.82214021146	0.0948010961765	2.38404978373	2.38404978373	0.0410185158782	0.0110722014763
2.04620515032	2.04620515032	0.098788611668	2.30524688389	2.30524688389	0.0109050743125	0.00278493779886
1.95475654803	1.95475654803	0.0966444761506	2.19110544477	2.19110544477	0.107904911411	0.0179823172714
2.11554470099	2.11554470099	0.0947305576816	2.19662174776	2.19662174776	0.0513471970525	0.00065974988637
1.87597468044	1.87597468044	0.101536593951	1.67260160544	1.67260160544	0.0432743958359	0.0045026467845
1.58757119194	1.58757119194	0.107449283306	2.14064793905	2.14064793905	0.0367234601628	0.00754308448118
1.76135786859	1.76135786859	0.0764234240086	1.79341125865	1.79341125865	0.0356932514113	0.00276479778412
1.91283254431	1.91283254431	0.0977666019325	1.6220874882	1.6220874882	0.0575688235561	0.0100968987584
2.08517505302	2.08517505302	0.104254917344	1.21858577559	1.21858577559	0.0563259360036	0.0131949947137
1.81375556093	1.81375556093	0.102260642657	2.15394888888	2.15394888888	0.0406617661775	0.00610285310393
1.58310641365	1.58310641365	0.0859900104634	2.18112584773	2.18112584773	0.0234935243278	0.00671180310707
3.34480899197	3.34480899197	0.114147408455	2.34946972143	2.34946972143	-0.0297993771331	0.000500733661384
1.95641207214	1.95641207214	0.10181773039	2.39118508999	2.39118508999	0.0497545952375	0.000727334184475
1.9339970655	1.9339970655	0.121917241116	2.12828136962	2.12828136962	0.0603105253098	0.0066412468994
2.14745490115	2.14745490115	0.0656954583028	2.23517159828	2.23517159828	0.0509330735674	0.00384511280527
1.71760745254	1.71760745254	0.129618438129	2.0395870799	2.0395870799	0.0512228232685	0.00080518688429
1.72817437809	1.72817437809	0.095660997158	2.19780415955	2.19780415955	0.0475881121739	0.00721017490603
1.77132254033	1.77132254033	0.0941845085757	2.08463923127	2.08463923127	0.0515742451232	0.00676602126598
2.16408175166	2.16408175166	0.108133122428	2.09604455407	2.09604455407	0.0518661218844	0.00702733681373
1.75475526748	1.75475526748	0.101233266599	1.72377027175	1.72377027175	0.0506179683215	0.020589416118
1.29496212379	1.29496212379	0.0971610833546	1.49043836261	1.49043836261	0.0963517564308	0.0211249330596
1.98913066675	1.98913066675	0.0959183453019	1.16140717967	1.16140717967	0.0378458201862	0.00726727331316
2.78918312681	2.78918312681	0.0566219019696	1.87535739444	1.87535739444	0.0495011365668	0.00633225333751
1.51539677201	1.51539677201	0.111864119266	2.1510287897	2.1510287897	-0.0337406770183	0.000679227176036
1.80426139867	1.80426139867	0.0954515411561	2.05258971951	2.05258971951	0.0572708211214	0.0034322643341
2.0109584505	2.0109584505	0.104276924803	2.26062753831	2.26062753831	0.0415113372184	0.0044444109174
1.78247866739	1.78247866739	0.119093871657	1.71429794014	1.71429794014	0.0462893393735	0.000208196350107
1.95494183901	1.95494183901	0.100055911105	1.73606722636	1.73606722636	0.0319846242325	0.00161652533
1.98332022444	1.98332022444	0.100618684043	2.00460743036	2.00460743036	0.0243341100554	0.0011711365023
2.59844168604	2.59844168604	0.103385576804	1.62439446898	1.62439446898	0.0597769911331	0.00602865184194
1.72929345418	1.72929345418	0.103273045926	2.32257509855	2.32257509855	-0.00341567544184	0.00465537551597
1.63271266668	1.63271266668	0.0986064602852	2.20860908362	2.20860908362	0.0468652772027	0.000649356740077
1.74295773278	1.74295773278	0.0858652097651	1.90117627461	1.90117627461	0.0482209128914	0.0163936308286
1.74627003726	1.74627003726	0.102373478023	2.20540653216	2.20540653216	0.0468168654128	0.00278615556052
2.10597451875	2.10597451875	0.104063320239	2.04415417482	2.04415417482	0.0462287816838	0.0046376184951
2.09507054088	2.09507054088	0.104342288611	2.0449482816	2.0449482816	0.0543355185726	0.00610319648053
2.18722339703	2.18722339703	0.0977395120905	2.35397279647	2.35397279647	0.0687238191908	0.00569697288391
1.77334352175	1.77334352175	0.102941500233	1.84777483777	1.84777483777	0.051701644405	0.00322729406906
2.1012384128	2.1012384128	0.120754402378	1.42119383655	1.42119383655	-0.0241786470276	0.00310889861363
1.79575295266	1.79575295266	0.105326659846	1.395911099	1.395911099	0.0631375678359	0.00710224702408
1.56353594857	1.56353594857	0.0959088691661	2.12749137908	2.12749137908	0.0477057782952	0.011934059038
1.63291257878	1.63291257878	0.101757251511	1.85588273984	1.85588273984	0.0745693168007	0.00581540001552
1.9644830701	1.9644830701	0.104628331697	1.30768880164	1.30768880164	0.0830111993405	0.0253986434352
1.85846115242	1.85846115242	0.0617399318575	2.15790063806	2.15790063806	0.0213431504119	0.0132839868339
1.9642716	1.9642716	0.10096852092	2.88840883241	2.88840883241	0.0629842956002	0.00303394639724
2.33887711492	2.33887711492	0.112044306848	2.35968645167	2.35968645167	0.0443497652981	0.00800357968963
1.77455043169	1.77455043169	0.124195709121	2.05981562426	2.05981562426	0.0432794447985	0.00323716417776
1.69546988831	1.69546988831	0.109734886381	1.93502226966	1.93502226966	0.0433178896033	0.00318712837714
3.01605645897	3.01605645897	0.0953026145234	1.91779180219	1.91779180219	0.0455631844898	0.00911553676547
1.9253456365	1.9253456365	0.103594565858	1.70855420966	1.70855420966	0.0515012113478	0.0424661973307
1.74163359725	1.74163359725	0.0547712660209	2.14799065444	2.14799065444	0.0440810878579	0.00434133543804
1.76590014214	1.76590014214	0.109990438749	2.24407353097	2.24407353097	0.0607076569717	0.0164824945024
2.19892580038	2.19892580038	0.0901327740245	2.36952028661	2.36952028661	0.0502980501588	0.0120893849398
1.90285298382	1.90285298382	0.100420563424	2.24091783773	2.24091783773	0.0450290224967	0.014111354001
1.78844723546	1.78844723546	0.0886435435663	2.12319655107	2.12319655107	0.0435676137857	0.000899006110982
1.80101657372	1.80101657372	0.0987492168603	2.22812153253	2.22812153253	0.0685315035561	0.00475302377111
1.58440097422	1.58440097422	0.0968781338712	2.04389531234	2.04389531234	0.0404962675664	0.0080525433582
1.63728022568	1.63728022568	0.112788938026	1.99685711988	1.99685711988	0.0451655674574	0.00967576635366
1.89789570184	1.89789570184	0.110258900261	2.2104399925	2.2104399925	0.0542031811244	0.0118787477025
2.82507428558	2.82507428558	0.104618585742	2.06869629951	2.06869629951	0.0603674500105	0.00405267082563
1.79376347314	1.79376347314	0.10068986575	2.09083838112	2.09083838112	0.0468638718323	0.00707657330594
1.76213970664	1.76213970664	0.096697170395	1.69904832079	1.69904832079	0.019374752054	0.00232177683277
2.55768906603	2.55768906603	0.114107130943	1.91720562022	1.91720562022	0.0414668775978	0.00766431237847
0.780019967522	0.780019967522	0.0930829211441	2.10000452768	2.10000452768	0.0312191593449	0.00400467004774
1.76886637224	1.76886637224	0.0842117829907	2.0063705255	2.0063705255	0.0738044741732	0.00836741816502
1.8586058702	1.8586058702	0.068193562627	2.26753264685	2.26753264685	0.0431544636494	0.0209799530562
1.69738412239	1.69738412239	0.0978809143014	1.37193754125	1.37193754125	0.0866409741191	0.00887711888169
1.73010568993	1.73010568993	0.105910555779	2.57623580985	2.57623580985	0.0449863778316	0.00304126823846
1.72465132915	1.72465132915	0.102607787044	1.93159763892	1.93159763892	0.0712340679896	0.00839060009309
1.95672470903	1.95672470903	0.0982734917546	2.18967664791	2.18967664791	0.0401870117044	0.00803947820822
1.8142825341	1.8142825341	0.105670993575	2.50678407101	2.50678407101	0.0550255198491	0.00221621884371
1.85086678027	1.85086678027	0.123607436675	1.25052407244	1.25052407244	0.0487267459181	0.00139516773135
1.49794089793	1.49794089793	0.10603795851	0.686614896546	0.686614896546	0.0793132152382	0.00671848422984
1.44764353613	1.44764353613	0.0920205218506	1.56797855035	1.56797855035	0.0655243222509	0.00818616566435
1.61121574423	1.61121574423	0.0767985385006	1.3446538251	1.3446538251	0.109846567405	0.00357629485977
2.13430777607	2.13430777607	0.122468708605	2.34938953454	2.34938953454	0.0679954840534	0.0074798251279
2.17880179926	2.17880179926	0.107528963086	2.00224869849	2.00224869849	0.0499070808047	0.0116655658237
2.12487970705	2.12487970705	0.106575785297	2.27832075362	2.27832075362	0.042145408846	0.00367180906971
1.96115406292	1.96115406292	0.132654657415	2.08394049307	2.08394049307	0.0510082153381	0.00316569923603
1.82742631019	1.82742631019	0.112635290608	2.18606160991	2.18606160991	0.0649487048334	0.000970157773434
1.81169830295	1.81169830295	0.0979099581032	2.30381849271	2.30381849271	0.0427823416147	0.00196200882905
1.98353422193	1.98353422193	0.103747802729	2.20098916095	2.20098916095	0.0413655409577	0.00755712964909
1.7425285823	1.7425285823	0.14926964319	2.26189364312	2.26189364312	0.0390691773024	0.00137326591971
0.943073907903	0.943073907903	0.0776874998628	2.02120793538	2.02120793538	0.0427911794441	0.00852580495621
1.73003645221	1.73003645221	0.096997260685	2.00807885277	2.00807885277	0.0396665317311	0.00230221533436
2.18499914169	2.18499914169	0.156437507655	1.94333354923	1.94333354923	0.0552374703262	0.00289714135722
1.94755783577	1.94755783577	0.0983106535106	2.17905958643	2.17905958643	0.0456051898621	0.00377813631981
1.21356376822	1.21356376822	0.234738942982	2.57726843125	2.57726843125	0.0437323796523	0.00237298813701
2.31920077296	2.31920077296	0.0593860397832	2.11449531141	2.11449531141	0.0485780925468	0.010832504997
1.81287393059	1.81287393059	0.0934554257533	2.03454149324	2.03454149324	0.0844425824605	0.0122117054505
2.05735153332	2.05735153332	0.0939192343681	2.45449266404	2.45449266404	0.133511341097	0.00491528139086
2.77962249014	2.77962249014	0.0661370089471	2.35190004002	2.35190004002	0.0398633890483	0.00161515643206
1.87962788963	1.87962788963	0.0978353496288	1.5544786625	1.5544786625	0.0993375780258	0.00859718604354
1.77503899977	1.77503899977	0.0976417361843	2.73222324641	2.73222324641	0.0828771473036	0.00303155766487
1.63348716846	1.63348716846	0.102696533701	2.13105038445	2.13105038445	0.0435151514614	0.00114766044499
1.89092040255	1.89092040255	0.0928582683849	2.32324428056	2.32324428056	0.0477634063767	0.0333649488564
1.50727459409	1.50727459409	0.101133012374	2.57940057112	2.57940057112	0.0710607950246	0.00898629945266
2.44063458138	2.44063458138	0.0946108376095	2.56110061023	2.56110061023	0.0245657485866	0.0146604940658
2.99484999416	2.99484999416	0.0987473888263	2.13502364055	2.13502364055	0.0254719502142	0.00623760456547
1.83363978512	1.83363978512	0.0915772996677	2.1932701026	2.1932701026	0.0176231933959	0.0102065482723
1.84806805451	1.84806805451	0.104795415729	2.18464460834	2.18464460834	0.044492451295	0.00222116953251
2.2681346639	2.2681346639	0.120978592277	2.15125148958	2.15125148958	0.0890638194305	0.0157711215602
1.62948124528	1.62948124528	0.0564349413461	2.18800087794	2.18800087794	0.0349707087896	0.00152103139014
1.91855105449	1.91855105449	0.0858490377017	2.02196728125	2.02196728125	0.0744370302096	0.000326705370886
1.35094505289	1.35094505289	0.0897909546163	1.99757036731	1.99757036731	0.0490719684097	0.000904686812229
2.24417086678	2.24417086678	0.113254842159	1.51464472285	1.51464472285	0.0915195220593	0.00190155655221
1.77163624892	1.77163624892	0.0990661560963	2.02789052983	2.02789052983	0.0535710479397	0.0271657962483
2.26121676721	2.26121676721	0.0880500131576	2.48467357106	2.48467357106	0.0325176235671	0.00889537570246
1.33406494414	1.33406494414	0.1077723736	2.27597953824	2.27597953824	0.0515934097682	0.0015112277998
1.8809275003	1.8809275003	0.100600495574	2.13563481138	2.13563481138	-0.0489692523188	0.00830113230955
2.06918251374	2.06918251374	0.101047872778	2.07373448327	2.07373448327	0.143815795942	0.00785498778327
2.12425519184	2.12425519184	0.0468087885999	2.09916197462	2.09916197462	0.0592574395467	0.00961506933329
1.66536772465	1.66536772465	0.114161375581	2.15868932449	2.15868932449	0.0449229702011	0.000231544893786
1.96276468016	1.96276468016	0.109019427357	2.00209519505	2.00209519505	0.075173318009	0.0105017121008
1.69859028908	1.69859028908	0.106071989574	2.20974136144	2.20974136144	0.0464694580379	0.00922685815631
1.4575389323	1.4575389323	0.0996164334548	1.78739008855	1.78739008855	0.0737853048349	0.00663429674579
1.93054683221	1.93054683221	0.112231437201	1.30860439657	1.30860439657	0.0805929253763	0.00672428381114
1.89733959117	1.89733959117	0.117559679352	1.15773068562	1.15773068562	0.0864608437253	0.011606973083
1.59714084737	1.59714084737	0.108523333496	1.48289842853	1.48289842853	0.0711756666285	0.0137218359456
2.0358145237	2.0358145237	0.107437042804	2.31027767929	2.31027767929	0.0466667327877	0.00247807138353
1.44296775316	1.44296775316	0.107308782795	2.19391138445	2.19391138445	0.0536686925557	0.00627513847277
1.90954330175	1.90954330175	0.0757485746954	2.14040223586	2.14040223586	0.061250642936	0.00629548351481
1.77030055753	1.77030055753	0.0899672388971	1.99763061222	1.99763061222	0.0515664564083	0.00676405385309
1.64618986355	1.64618986355	0.10305207649	2.04098147867	2.04098147867	0.0220401731546	0.00244579825309
1.89906750028	1.89906750028	0.105936923238	2.09481685446	2.09481685446	0.0357407230337	0.00154759237177
1.78156429911	1.78156429911	0.0852311798272	1.89109964348	1.89109964348	0.00538075984499	0.00382453101091
1.83381153669	1.83381153669	0.102180268015	2.14213342332	2.14213342332	0.0560696004256	0.00761219439345
1.55222065176	1.55222065176	0.0912767643976	2.14105798417	2.14105798417	0.0566271267595	0.00127433805243
1.88864358356	1.88864358356	0.108742378685	1.72988132433	1.72988132433	0.0302955934579	0.0027534810157
1.84573885098	1.84573885098	0.111494199482	2.20717108576	2.20717108576	0.0451629539819	0.00373871515936
2.09087819277	2.09087819277	0.102985934418	1.98133259721	1.98133259721	0.0551774826684	0.00856360129711
2.02424504102	2.02424504102	0.124788454443	2.18454429911	2.18454429911	0.0416540093204	0.0216062963674
1.36136968398	1.36136968398	0.125026929517	2.14023624061	2.14023624061	0.0364981291223	0.00580707624216
1.57313534568	1.57313534568	0.0948584161922	2.07694403819	2.07694403819	0.0615047883386	0.0124685090328
1.95924000108	1.95924000108	0.091811331457	1.65735551283	1.65735551283	0.0791236194336	8.93298401519e-05
1.49423998874	1.49423998874	0.112164548846	1.66770376884	1.66770376884	0.0739386810856	0.00392389454521
2.26791452458	2.26791452458	0.0982114613176	1.49619208321	1.49619208321	0.0739008573954	0.00424718167708
1.86008789542	1.86008789542	0.10304346809	2.18955552631	2.18955552631	0.0361907636103	0.00435746513436
1.67237541876	1.67237541876	0.100050516026	2.17583310377	2.17583310377	0.0666787957083	0.00077893293385
1.90478464216	1.90478464216	0.100418996929	2.10401720738	2.10401720738	0.087488286301	0.00556458023156
1.89184334596	1.89184334596	0.12245267837	2.19058853428	2.19058853428	0.0427498189378	0.0126078187944
1.72373994164	1.72373994164	0.10715851368	2.12896871787	2.12896871787	0.0449717925225	0.00878401893107
2.25358459074	2.25358459074	0.0991340596776	2.32164701492	2.32164701492	0.0276794215968	0.00841291066426
1.99750108857	1.99750108857	0.102490812001	2.42874340169	2.42874340169	0.02618168915	0.0111727042752
1.75035813946	1.75035813946	0.124165090261	2.34252127437	2.34252127437	0.0420130078049	0.000144706246545
3.73149118258	3.73149118258	0.09396786764	2.4124981931	2.4124981931	0.0509222820213	0.00066513639407
2.16080590543	2.16080590543	0.106364940046	2.15506047205	2.15506047205	0.0314284066733	0.0033193926783
0.888386694348	0.888386694348	0.0820360433398	2.11958021884	2.11958021884	0.0238019924551	0.00657380563005
1.57958537668	1.57958537668	0.0972136891488	2.08607606729	2.08607606729	0.0592147571794	0.00751261677612
1.94687955971	1.94687955971	0.102744232337	2.39566401147	2.39566401147	0.0503265825845	0.00463403303541
1.89546131981	1.89546131981	0.0974367345495	1.90940490654	1.90940490654	0.0505640154975	0.00257474428771
1.38776579799	1.38776579799	0.0571783678985	2.19686130332	2.19686130332	0.0463619927099	0.0115123536894
1.71379384761	1.71379384761	0.10088249797	2.36265991955	2.36265991955	0.0413027592277	0.0141633929888
1.96015660672	1.96015660672	0.109879199412	2.35175138842	2.35175138842	0.066794960117	0.0131310110566
1.68994880398	1.68994880398	0.10046394772	2.1726866691	2.1726866691	0.0392593564903	0.0023622619644
1.77563819561	1.77563819561	0.102817560061	2.04880054082	2.04880054082	0.0119886688338	0.00182806938708
1.85021636532	1.85021636532	0.109090652355	1.885466319	1.885466319	0.0453415572824	0.0116326756552
2.05310910271	2.05310910271	0.105833762477	2.52705380716	2.52705380716	0.047898767012	0.000418569166095
1.95418180565	1.95418180565	0.0974252365948	1.87067671446	1.87067671446	0.0459077196269	0.0106664167529
2.03771646776	2.03771646776	0.0982399606842	2.04085179264	2.04085179264	0.0454719550846	0.00755591593942
1.89835736612	1.89835736612	0.09734017191	2.24767440753	2.24767440753	0.0462788877025	0.0102601155236
1.71105976873	1.71105976873	0.117258481267	2.40064932362	2.40064932362	0.0202880432735	0.00117912349301
1.65700681702	1.65700681702	0.0934370756898	2.14016859244	2.14016859244	0.0477130363839	0.00181622252333
1.787713471	1.787713471	0.0896303925567	2.21496051288	2.21496051288	0.0625883027988	0.00347778669003
1.00516542133	1.00516542133	0.0976665293639	2.08611758497	2.08611758497	0.0463828109835	0.014460255282
1.70537604351	1.70537604351	0.108265972825	2.08278751441	2.08278751441	0.0552765637684	0.0162252369182
1.61750996567	1.61750996567	0.0721784244938	2.32728389681	2.32728389681	0.043252305047	0.00450167946519
1.16752683905	1.16752683905	0.0935514784243	2.24795440097	2.24795440097	0.0376951031566	0.00159653541177
1.64265966607	1.64265966607	0.082221347473	1.14652156048	1.14652156048	0.0610000275747	0.0163181714789
1.94596181394	1.94596181394	0.12315399138	2.01773594185	2.01773594185	0.0563627741492	0.00729563314459
1.63998184354	1.63998184354	0.112802786979	2.07541820811	2.07541820811	0.0330682648507	0.0109678452485
1.85715197128	1.85715197128	0.113026608915	2.01353375681	2.01353375681	0.0551371294865	0.0143797626129
1.47579045144	1.47579045144	0.0740782026959	2.03419322157	2.03419322157	0.0650600884469	0.00023442654242
1.16529064663	1.16529064663	0.10268496177	1.96361603895	1.96361603895	0.0480465876438	0.00681001034163
1.74878037866	1.74878037866	0.0874221596647	2.17233059662	2.17233059662	0.0635983234866	0.000888627595651
1.74249841058	1.74249841058	0.110174190497	2.5804729094	2.5804729094	0.0628638032693	0.00234368182302
1.78243314939	1.78243314939	0.105365587951	2.01199139261	2.01199139261	0.0469615613661	0.000695122695847
1.93746227384	1.93746227384	0.0859464596447	2.48269253564	2.48269253564	0.0548330062342	0.00571938963809
1.7065931246	1.7065931246	0.135068943542	2.08483620995	2.08483620995	0.013527425135	0.0102338242551
1.65564312076	1.65564312076	0.0494149042171	2.087635054	2.087635054	0.0949525292912	0.00815111435973
1.89945054986	1.89945054986	0.0820958064989	2.35311709181	2.35311709181	0.0343158905055	0.00217520550836
1.98756650614	1.98756650614	0.0453515703349	1.88522321856	1.88522321856	0.00258683822538	0.0055721661024
1.54385633207	1.54385633207	0.106631437665	1.90616528879	1.90616528879	0.0459537186438	0.0176869568464
1.44554331526	1.44554331526	0.107423703476	1.95486846969	1.95486846969	0.0487532370349	0.00449129867977
1.69873938878	1.69873938878	0.0975556192596	2.24349077382	2.24349077382	0.0430281263866	0.0013780615642
1.61811608897	1.61811608897	0.0902640299729	2.36096461239	2.36096461239	0.0580927994565	0.00733576595725
2.02412924616	2.02412924616	0.10081962797	2.37607563312	2.37607563312	0.0414869920049	0.00251169097699
2.00660127665	2.00660127665	0.112529177422	2.33929411846	2.33929411846	0.0363651396816	0.00545130206594
2.04958388283	2.04958388283	0.0424354513711	2.1414463247	2.1414463247	0.0477841761597	0.0307892703961
1.95629691968	1.95629691968	0.103635337614	1.87409998397	1.87409998397	0.0504773914332	0.00561996288578
1.86577052994	1.86577052994	0.0995127312876	2.13403511198	2.13403511198	0.0556668613927	0.00768267078627
1.87386676896	1.87386676896	0.0773782494481	2.11811607292	2.11811607292	0.0571508871914	0.0138581804813
2.01810769556	2.01810769556	0.104107395317	2.22365933686	2.22365933686	0.0273591359658	0.00745197438686
1.94040676769	1.94040676769	0.0997236961088	2.27615915199	2.27615915199	0.0324399900409	0.0121090253672
1.366114577	1.366114577	0.118191552812	1.97732939696	1.97732939696	0.0663368172475	0.00192719915178
1.58466060122	1.58466060122	0.109617196036	2.41255446712	2.41255446712	0.078905260961	0.0194448422001
1.75926325211	1.75926325211	0.106758705046	2.14044657088	2.14044657088	0.0444226988954	0.0110390509551
1.85683131714	1.85683131714	0.10734255572	2.02201018374	2.02201018374	0.0442187438143	0.00131306375132
2.14074125144	2.14074125144	0.100215467744	1.99158150703	1.99158150703	0.0473813836574	0.000328042464508
1.41175806783	1.41175806783	0.109142681171	2.01453456689	2.01453456689	0.0366724582604	0.0155961919474
2.02309868512	2.02309868512	0.101336887704	1.93491398245	1.93491398245	0.0305112192908	0.00888657636882
1.86502756635	1.86502756635	0.090014475594	2.36825893497	2.36825893497	0.0307223755754	0.00366254885431
1.85189431573	1.85189431573	0.109658181268	1.44962977345	1.44962977345	0.0612773975034	0.00116621890943
1.86143959253	1.86143959253	0.0928731276961	1.60390051793	1.60390051793	0.0794485083945	0.00597072803433
1.74025346468	1.74025346468	0.0781124938175	2.14165517386	2.14165517386	0.0378160848059	0.0173994531543
1.81963589463	1.81963589463	0.106417229236	2.48547044506	2.48547044506	0.0610049652709	0.00365899773554
1.78800470605	1.78800470605	0.106296570973	2.29737067244	2.29737067244	0.0414064280762	0.0163306206328
1.9026647003	1.9026647003	0.0972735083924	1.8539130593	1.8539130593	0.0896324862363	0.000780606319459
1.93265628453	1.93265628453	0.089562413215	2.28498112588	2.28498112588	0.0690785033988	0.00160710869296
1.55104429148	1.55104429148	0.101343223864	1.56546191126	1.56546191126	0.0782847832861	0.0110244177131
1.46801261078	1.46801261078	0.100728436861	2.22670663685	2.22670663685	0.070968236022	0.0101128970594
1.84994343794	1.84994343794	0.110967044123	1.6370342786	1.6370342786	0.0901641819903	0.00969331734857
1.82187895842	1.82187895842	0.0917565395223	1.98356081521	1.98356081521	0.0412290745394	0.00693576845551
1.82636092454	1.82636092454	0.091460704812	2.25633828274	2.25633828274	0.0495007541457	0.00651537305918
1.7928675159	1.7928675159	0.147046029975	2.25510529702	2.25510529702	0.0890116313228	0.0102866198231
1.40115496804	1.40115496804	0.103645466239	1.9340449651	1.9340449651	0.0345677786015	0.00161129393955
2.08949522986	2.08949522986	0.103615723876	2.08871724856	2.08871724856	0.0706705852674	0.00296523624211
1.72414660772	1.72414660772	0.104518075206	2.3368808477	2.3368808477	0.083769270569	0.00671517072828
1.70748022443	1.70748022443	0.126930087333	2.15734506445	2.15734506445	0.0125536854928	0.0120144427014
1.44328484631	1.44328484631	0.100616444522	1.50658478199	1.50658478199	0.0503116102171	0.00492901365026
1.96280280425	1.96280280425	0.0974587897551	1.74367799948	1.74367799948	0.080983421779	0.00576744045297
2.19380856198	2.19380856198	0.0898316255082	1.68445008626	1.68445008626	0.0857663992187	0.0063487600488
1.86164998329	1.86164998329	0.105875731416	1.07822457865	1.07822457865	0.0420818181105	0.000794301462528
1.70374930646	1.70374930646	0.109335346649	1.90663557097	1.90663557097	0.047829491138	0.00893936252929
2.05514115296	2.05514115296	0.112369222052	1.82214518296	1.82214518296	0.0291871706347	0.00134012279905
1.69968654287	1.69968654287	0.101282128489	1.00152500085	1.00152500085	0.0474985856567	0.00759050547724
1.66648157975	1.66648157975	0.0701933720057	2.18854896382	2.18854896382	0.0481529861989	0.00153124896441
1.80960269057	1.80960269057	0.096395341011	2.18441723319	2.18441723319	0.0613394857988	0.00365776394025
1.67700746081	1.67700746081	0.126470487459	2.17830185085	2.17830185085	0.0392929260594	0.0350980858468
1.54219740515	1.54219740515	0.108736114109	2.11062186563	2.11062186563	0.0418276281873	0.0186361466932
1.57394724957	1.57394724957	0.0998483150352	2.13016048806	2.13016048806	0.0356818826671	0.00469114009139
1.69807671039	1.69807671039	0.0951271264642	1.26465657736	1.26465657736	0.0130695641921	0.000972403085948
1.79438877016	1.79438877016	0.0993995110568	2.13487231349	2.13487231349	0.0512943508693	0.00904166051373
2.54734674974	2.54734674974	0.0927892259447	1.99343716006	1.99343716006	0.045285991206	0.00718420688209
1.58320491142	1.58320491142	0.129458231794	2.13474584082	2.13474584082	0.044576628202	0.0122157569968
2.06555092039	2.06555092039	0.135596109992	2.01283648726	2.01283648726	0.047604403196	0.00667730761369
1.59598728922	1.59598728922	0.102745208674	1.87827251363	1.87827251363	0.0445000137947	0.0111244990071
1.90445033803	1.90445033803	0.105914299747	2.19264555174	2.19264555174	0.0389178564171	0.00404531508233
1.84829492912	1.84829492912	0.114683004404	2.2510731422	2.2510731422	0.0451511841232	0.0157502968485
2.26388190358	2.26388190358	0.0922442999073	2.20854272066	2.20854272066	0.0314013142884	0.0047727472096
1.90246995082	1.90246995082	0.126897966763	2.15373594998	2.15373594998	0.0368164916482	0.0170436509764
1.99373476788	1.99373476788	0.10494771555	2.26790572037	2.26790572037	0.0400132155069	0.00659405850449
1.71980762357	1.71980762357	0.116383152217	2.02128963991	2.02128963991	0.0439824155361	0.00705987972704
2.17501289876	2.17501289876	0.0782292972769	2.4595030401	2.4595030401	0.0559142618416	0.010739236471
1.63514330419	1.63514330419	0.0920187773675	2.1096384623	2.1096384623	0.0686964318268	0.000318533575111
1.73001260179	1.73001260179	0.0953648216881	2.23279234323	2.23279234323	0.0384810032664	0.032945192064
1.75253000353	1.75253000353	0.0960332491236	1.92170592377	1.92170592377	0.0502805348009	0.00210931764487
2.27380931652	2.27380931652	0.112736731251	1.99602128282	1.99602128282	0.00264258994874	0.000256054144487
2.2547802134	2.2547802134	0.0973686218089	1.49202138973	1.49202138973	0.0904010059612	0.0100042275038
1.6030521703	1.6030521703	0.0887292954467	1.45208088947	1.45208088947	0.0739020316552	0.00227211290355
1.0351476675	1.0351476675	0.06993122622	1.78193898323	1.78193898323	0.116249760319	0.0130357464909
1.88504895636	1.88504895636	0.104528459456	1.48409036327	1.48409036327	0.0685738797379	0.00315971249054
1.85474557436	1.85474557436	0.161510667821	1.92163066675	1.92163066675	0.0539436951003	0.00263153628634
1.30419121795	1.30419121795	0.0846542189822	1.97286837519	1.97286837519	0.0442924508562	0.00520194581256
1.39303008084	1.39303008084	0.104714970214	1.41631136545	1.41631136545	0.0387110882551	0.000707509052024
1.81428943316	1.81428943316	0.0737437593723	1.8978204634	1.8978204634	0.0446908874124	0.0094994792047
1.80280550966	1.80280550966	0.0958176113986	1.23381282851	1.23381282851	0.0514705550838	0.00826711998124
1.58182920998	1.58182920998	0.126451642698	1.17467446222	1.17467446222	0.0623009891676	0.00944596032623
1.87762569564	1.87762569564	0.12501959392	1.40028309189	1.40028309189	0.0597845200815	0.0127842534333
2.34820090049	2.34820090049	0.180700204472	2.0184389341	2.0184389341	0.0640716452576	0.00776906624923
1.6655763464	1.6655763464	0.103388136889	2.27234971881	2.27234971881	0.0508437174106	0.0014593003346
1.73135415013	1.73135415013	0.114727128568	2.24607569885	2.24607569885	0.0319285828326	0.0118365263357
1.95661140584	1.95661140584	0.0793103118623	2.09534016658	2.09534016658	0.0459699197954	0.000454673433412
0.597267703899	0.597267703899	0.109766942045	2.30464816906	2.30464816906	0.0437048566669	0.0107587005343
0.715848221072	0.715848221072	0.103591381159	1.98514817854	1.98514817854	0.0489546931402	0.00133609951584
1.94115225981	1.94115225981	0.0824369759405	2.78124489749	2.78124489749	0.0450125342279	0.00725542855016
1.66472651912	1.66472651912	0.0986239950816	2.25974817661	2.25974817661	0.000858383402609	0.00191911859996
1.89972811359	1.89972811359	0.102047064122	2.25843954044	2.25843954044	0.0450032765485	0.000559085060377
1.80162577462	1.80162577462	0.113363943497	2.45556887935	2.45556887935	0.0288168816318	0.000928607526971
1.94114982895	1.94114982895	0.106073461218	2.09176056107	2.09176056107	0.0674697126802	0.0189528717676
1.54657743339	1.54657743339	0.101841889698	2.09546464286	2.09546464286	0.0525398375178	0.0068105358256
1.45269725518	1.45269725518	0.0723238763222	2.33702174307	2.33702174307	0.0656339436685	0.000525698856246
2.06368944727	2.06368944727	0.10844818102	2.07393161905	2.07393161905	0.0603778842259	0.00426231968459
2.19427968935	2.19427968935	0.110642570541	0.998116346301	0.998116346301	0.0762954130155	0.00654431693843
2.33246835896	2.33246835896	0.103365276018	1.85135326581	1.85135326581	0.051546050691	0.00868997828529
1.91224592054	1.91224592054	0.109011106265	1.18783837329	1.18783837329	0.0763592544867	0.00903816414488
1.76372058844	1.76372058844	0.123478342752	1.94386659501	1.94386659501	0.0554749070452	0.00932824536548
2.172921579	2.172921579	0.0934097632162	2.402685249	2.402685249	0.0496063376976	0.000877637506637
2.13680329242	2.13680329242	0.0913947146515	2.40813008108	2.40813008108	0.0428460264092	0.00311479247639
1.95810766767	1.95810766767	0.128904365849	2.05008063565	2.05008063565	0.0726464956227	0.00593506073406
1.57156351944	1.57156351944	0.108795397997	2.21613676684	2.21613676684	0.0415852414747	0.00172325098027
2.00155408501	2.00155408501	0.099716473182	1.99635348753	1.99635348753	0.0405087108104	0.00361140837275
1.86651915711	1.86651915711	0.109483269224	1.89379786641	1.89379786641	0.0316805056439	0.027220008442
1.93629935368	1.93629935368	0.0951829553481	2.3164859253	2.3164859253	0.0506454954691	0.00665074422965
1.55618703311	1.55618703311	0.179402056593	2.37168134343	2.37168134343	0.0433243556378	0.00881955520572
2.03604882041	2.03604882041	0.0938307686908	0.574310910118	0.574310910118	0.0534298367247	0.00512129195367
1.55331665604	1.55331665604	0.0882013857066	2.21963380071	2.21963380071	0.0304779984454	0.00269737470428
1.66264987648	1.66264987648	0.105859450547	2.14607461141	2.14607461141	0.0298566250334	0.015558746643
2.02944671259	2.02944671259	0.108027074626	2.13247268344	2.13247268344	0.0585155155882	0.00216947787886
1.76924797644	1.76924797644	0.0867445917981	2.15852261482	2.15852261482	0.0379020782644	0.00974569598466
1.94852119272	1.94852119272	0.101688414841	2.08972043505	2.08972043505	0.0603477863248	0.013286102286
1.26431862923	1.26431862923	0.127394821879	2.0050004636	2.0050004636	0.00641166277319	0.000677229288733
1.57604505925	1.57604505925	0.112934468664	2.17922279013	2.17922279013	0.107382907943	0.0147537400195
1.72416048205	1.72416048205	0.10937943007	1.4432955648	1.4432955648	0.0705384598306	0.00895199336544
2.36575240103	2.36575240103	0.0978470550957	1.04619571684	1.04619571684	0.077360046201	0.00961155311703
1.72525413954	1.72525413954	0.0883185269473	1.78555154612	1.78555154612	0.0462524140229	0.00385234762654
1.63077851336	1.63077851336	0.0973212788074	2.0695362725	2.0695362725	0.0676138931037	0.00725088303939
1.49319182006	1.49319182006	0.103228304557	2.18332582831	2.18332582831	0.0657890535211	0.00364567014851
2.39779261024	2.39779261024	0.0910082141153	2.27435529377	2.27435529377	0.0581022516155	0.00589980670034
1.7010181094	1.7010181094	0.0971089239938	2.35010681726	2.35010681726	0.026993646749	0.0203054688246
1.90556235445	1.90556235445	0.117340183872	2.16107790449	2.16107790449	0.0692611293956	0.00201550093584
2.25811173017	2.25811173017	0.116945288604	1.85607113622	1.85607113622	0.0437835301575	0.00726700176092
2.03025912544	2.03025912544	0.101946580404	2.20894978179	2.20894978179	0.0314708192871	0.00643107452366
1.94761072004	1.94761072004	0.0973192155257	2.52159486566	2.52159486566	0.0546751916035	0.00537787004675
1.96586931501	1.96586931501	0.100895985565	2.10997157848	2.10997157848	0.180440940542	0.0122939620348
1.64005525417	1.64005525417	0.1439139616	2.15276828351	2.15276828351	0.0733795813418	0.0121062128913
1.25400767103	1.25400767103	0.102180693728	2.31970322551	2.31970322551	0.0470936923029	0.00249841844651
1.88817860239	1.88817860239	0.0948241512734	2.06532112259	2.06532112259	0.0329690774038	0.0258617250358
2.38182172218	2.38182172218	0.0807211574891	2.1068125768	2.1068125768	0.0141101336294	0.00953387421515
1.94692972782	1.94692972782	0.107702059733	2.20773845317	2.20773845317	0.06214980627	0.0127891751412
1.73420427554	1.73420427554	0.114894545266	1.27813406055	1.27813406055	0.0529331916664	0.0097567542447
1.90146725977	1.90146725977	0.100266931733	2.44860478219	2.44860478219	0.0165014124066	0.00202991176913
1.73538352824	1.73538352824	0.108309688687	2.09891426769	2.09891426769	0.061015308357	0.0081344020055
1.82150688718	1.82150688718	0.0941893029658	2.45785725359	2.45785725359	0.0496871130284	0.0361024295982
1.88384824587	1.88384824587	0.102177749855	2.05423972971	2.05423972971	0.0387988884467	0.00934368466777
1.70517472588	1.70517472588	0.0459133035901	2.18091961555	2.18091961555	0.0332093558707	0.00115590226395
1.83948856813	1.83948856813	0.0887449864192	2.19870758709	2.19870758709	0.0898087200353	0.00446671956394
1.94766976708	1.94766976708	0.0764734313286	2.26889461226	2.26889461226	0.0568866809791	0.00295247231752
1.66687330721	1.66687330721	0.108624502061	2.34074295507	2.34074295507	0.0642099733002	0.00438138338362
1.89072612577	1.89072612577	0.103784832371	2.12172850394	2.12172850394	0.0720499092652	0.00645779637064
2.08956911957	2.08956911957	0.105698693751	1.90493583555	1.90493583555	0.0412973192404	0.0052015089378
1.59277061806	1.59277061806	0.113522455666	2.20332660497	2.20332660497	0.0451455443168	0.00442939082998
1.62584457627	1.62584457627	0.094367495337	2.23959104269	2.23959104269	0.0474193883552	0.0062102440584
1.2768078118	1.2768078118	0.101287539568	2.45423344106	2.45423344106	0.0879120499167	0.0079826372708
1.73208835407	1.73208835407	0.103820845988	1.98789886018	1.98789886018	0.0377503093394	0.0131630134634
2.25398074274	2.25398074274	0.144524093964	2.29193754683	2.29193754683	0.0850813154916	0.00978621319279
2.15812918849	2.15812918849	0.0977117398947	2.34812616011	2.34812616011	0.0654965526597	0.0168641654197
1.85386962855	1.85386962855	0.0967648169526	2.35597973423	2.35597973423	0.0179748478877	0.00999612235706
1.32794320696	1.32794320696	0.0913706384286	2.28106339222	2.28106339222	0.0455026154882	0.00616626770602
1.72210957174	1.72210957174	0.0939594519433	2.26217016355	2.26217016355	0.0601309554712	0.00461718895443
1.68701668924	1.68701668924	0.102738176458	2.34366775258	2.34366775258	0.0563519008211	0.00129680986397
2.14394183633	2.14394183633	0.0400191599109	2.47032263194	2.47032263194	-0.0559401967761	0.0037091953095
1.73660040801	1.73660040801	0.0551415370062	1.82271062032	1.82271062032	0.0448812628456	0.00356952957363
1.71339774002	1.71339774002	0.100740418677	1.38020216852	1.38020216852	0.0669949699722	0.00185493573234
1.96127742453	1.96127742453	0.104723753617	1.50276582151	1.50276582151	0.0735553132337	0.00200190959072
1.69618441636	1.69618441636	0.0742021495785	1.92209809883	1.92209809883	0.0587108990972	0.00980875236369
1.74921130438	1.74921130438	0.101934149291	2.61700509386	2.61700509386	0.0446692746826	0.0104242161735
1.76008915643	1.76008915643	0.0992371239965	2.45037203859	2.45037203859	0.0643322494015	0.00730968244458
0.517586601741	0.517586601741	0.0706505149574	2.26964769234	2.26964769234	0.0794231525039	0.00764440464401
1.66000003938	1.66000003938	0.106588771719	1.88044685695	1.88044685695	0.0195855086505	0.00651420791077
1.56031204504	1.56031204504	0.091305289787	1.79557822457	1.79557822457	0.0461296622435	0.00507143849619
1.55604931983	1.55604931983	0.101215385376	2.31000844716	2.31000844716	0.0411553150114	0.00304027535204
1.64733790306	1.64733790306	0.0872662322233	2.37271230092	2.37271230092	0.0166190087625	0.002691644535
1.86734419547	1.86734419547	0.0930647866749	2.21159952798	2.21159952798	0.0716017563031	0.00827748855152
1.6896711981	1.6896711981	0.110961427782	2.20922149987	2.20922149987	0.0379887609943	0.00974310901757
1.71314407844	1.71314407844	0.0946587059376	1.7852570009	1.7852570009	0.0386658818432	0.00585204894547
1.77854186718	1.77854186718	0.0310397427063	2.23259253478	2.23259253478	0.0468046677761	0.00749968853545
1.84900236287	1.84900236287	0.0960563145488	2.33203218336	2.33203218336	0.0533981771926	0.014435415932
1.88104052077	1.88104052077	0.0993461279058	2.34197740109	2.34197740109	0.019901451697	0.00262519909507
1.72049438793	1.72049438793	0.0898404488387	2.24213649516	2.24213649516	0.0920350955071	0.0152756736778
1.65499534894	1.65499534894	0.0989197942474	1.3321142218	1.3321142218	0.0709648057665	0.012911743173
1.67163200421	1.67163200421	0.107136072954	2.08556071703	2.08556071703	0.0523799551901	0.000290562181782
1.89042064879	1.89042064879	0.0983886894014	2.07968097534	2.07968097534	0.0361166330665	0.00548404586617
1.73514181744	1.73514181744	0.119599670007	2.01379963531	2.01379963531	0.0430649881618	0.0151895438607
1.63917264754	1.63917264754	0.105306165836	2.09218546409	2.09218546409	0.0492238743916	0.000180957769242
2.02615410347	2.02615410347	0.0719836448005	1.99454368237	1.99454368237	0.0336870486611	0.0128816963195
1.83175253235	1.83175253235	0.133752079333	1.97156316813	1.97156316813	0.0428598498065	0.00115596404285
1.88063369294	1.88063369294	0.108962785277	1.88013288699	1.88013288699	0.0750830242249	0.0146070356367
1.63848933523	1.63848933523	0.0995201002993	2.34009711509	2.34009711509	0.0766204429839	0.000865319782968
1.72689633876	1.72689633876	0.0976981083155	1.76276037916	1.76276037916	0.0617347054051	0.00705459760959
1.8010883745	1.8010883745	0.106707523367	1.92790015428	1.92790015428	0.0726830543044	0.00366080330266
1.17793986508	1.17793986508	0.0568137945381	2.24189176894	2.24189176894	0.0634918561206	0.00159469494749
1.68623369351	1.68623369351	0.0996398852925	2.26236663785	2.26236663785	0.0502497009413	0.00683676583829
2.06505937208	2.06505937208	0.0831713088377	3.06831883212	3.06831883212	0.0222759115509	6.95458895373e-05
2.21379430839	2.21379430839	0.0844294422082	2.30887088233	2.30887088233	0.0449031254584	0.00175946301666
1.73204307657	1.73204307657	0.103851125442	0.62261581116	0.62261581116	0.070016780482	0.00633924730202
2.15356259286	2.15356259286	0.107819072861	2.07045942633	2.07045942633	0.129955152519	0.00254802778841
3.52741400591	3.52741400591	0.105569764544	2.19072006756	2.19072006756	0.0421773373214	0.018751558543
1.99421612755	1.99421612755	0.120615051181	2.00645129856	2.00645129856	0.0452825001667	0.00135837325038
2.00042692513	2.00042692513	0.0951006106501	1.95222510851	1.95222510851	0.0459708355311	0.00458417982235
1.64731707173	1.64731707173	0.105666700632	2.84546526999	2.84546526999	0.0532551372093	0.0163069179232
1.74643524871	1.74643524871	0.0956129824514	2.42400486582	2.42400486582	0.0492462333088	0.00780092838944
1.78079950488	1.78079950488	0.102769401871	1.86642316932	1.86642316932	0.0417169364211	0.00674787406495
1.85066034898	1.85066034898	0.106781093784	2.1488416353	2.1488416353	0.0280138389116	0.00621267088327
2.25128855489	2.25128855489	0.103354614651	2.0430377125	2.0430377125	0.0404971429462	0.00415428964883
2.23307007234	2.23307007234	0.102590319063	2.20775546407	2.20775546407	0.0330305879961	0.00519768435553
1.80583240795	1.80583240795	0.0985185442926	2.14846804432	2.14846804432	0.0469884483976	0.00674094948605
1.74892399999	1.74892399999	0.0916750798777	2.15423151923	2.15423151923	0.0408381075506	0.0045517586652
1.75911223842	1.75911223842	0.112241011646	1.64135799311	1.64135799311	0.044937828837	0.00255362927309
1.7911180491	1.7911180491	0.114645747756	2.11742294663	2.11742294663	0.0437240087104	0.00356303344976
1.88819132795	1.88819132795	0.140314109026	2.31418550731	2.31418550731	0.0955473151348	0.00458517410649
1.86302693929	1.86302693929	0.0966589114456	1.94915331645	1.94915331645	0.0688538271588	0.0013158870352
1.8931759382	1.8931759382	0.105868444497	2.05437932581	2.05437932581	0.0667627471551	0.00350868943813
1.7142384848	1.7142384848	0.0790805797611	1.67731482797	1.67731482797	0.0402649350926	0.00705588294865
1.72108490723	1.72108490723	0.109787291328	2.0867173817	2.0867173817	0.0416617968252	0.0147058528192
1.87292283907	1.87292283907	0.0990262047697	1.97888984974	1.97888984974	0.125996056878	0.00695536700684
1.86513838835	1.86513838835	0.0966298067154	2.16890171287	2.16890171287	0.0122866833555	0.00344188260761
1.79032297082	1.79032297082	0.105349111605	2.36758095777	2.36758095777	0.0188446396343	0.0189318312784
2.01166276308	2.01166276308	0.0981423448939	2.13426522306	2.13426522306	0.03798519017	0.0168683635172
1.9088972846	1.9088972846	0.103795511842	2.21689855851	2.21689855851	0.0247192122451	0.0221661263622
2.66898308439	2.66898308439	0.0968603213041	2.05559738635	2.05559738635	0.0368375689774	0.00272783674416
2.18446596704	2.18446596704	0.158384947635	2.34658300654	2.34658300654	0.0284741331935	0.0145645241239
1.76502691609	1.76502691609	0.113066161849	1.26445797668	1.26445797668	0.0700647442677	0.00518290087662
1.52623674712	1.52623674712	0.106275628373	1.69642059264	1.69642059264	0.0806259995959	0.00108646450723
1.86534370766	1.86534370766	0.107108021121	0.855798151365	0.855798151365	0.0823057717279	0.000628980904542
1.81887428545	1.81887428545	0.0825379647032	2.07614079174	2.07614079174	0.0251529347123	0.000469399905262
1.86384463914	1.86384463914	0.094481379792	2.09891617015	2.09891617015	-0.0451340526053	0.00960955167032
1.85985698856	1.85985698856	0.100105215508	1.89663787897	1.89663787897	0.0303669107087	0.0120182112814
1.33843042046	1.33843042046	0.0936448472148	2.41781775737	2.41781775737	0.0454583558974	0.00437300264023
1.68918000385	1.68918000385	0.104722646024	2.24075754233	2.24075754233	0.057389164964	0.00758418689317
1.7037376942	1.7037376942	0.0877333025874	2.2309279275	2.2309279275	0.0659612360777	0.00858231418592
1.47884244217	1.47884244217	0.0943815284287	1.66181545252	1.66181545252	0.0718544258678	0.00330704090894
1.68419922318	1.68419922318	0.0967120017064	1.24110790099	1.24110790099	0.0748428343038	0.0040119585838
1.66793123706	1.66793123706	0.0924878705908	2.12491855238	2.12491855238	0.0399282298508	0.000228607221483
2.06901971173	2.06901971173	0.100237307008	1.34446039392	1.34446039392	0.0764667046432	0.00817338108526
1.56582747548	1.56582747548	0.108418789103	1.6065287754	1.6065287754	0.0702457648979	0.00387195262439
2.2197368149	2.2197368149	0.0376551224819	2.09040535117	2.09040535117	0.0502642363892	0.0157860729595
1.67474472628	1.67474472628	0.119320606419	1.71844996302	1.71844996302	0.0545524223248	0.0133778868407
1.96201289333	1.96201289333	0.107696442909	2.10850050252	2.10850050252	0.0692644389808	0.00173365927145
1.76356457633	1.76356457633	0.101044780487	2.13782925486	2.13782925486	0.0456908940445	0.000862304699645
1.86899999006	1.86899999006	0.0899699330901	2.14818703706	2.14818703706	0.0430605667324	0.0128604691407
1.64418120754	1.64418120754	0.136133429652	2.36485869243	2.36485869243	0.0607914627455	0.00923688668707
1.61480104684	1.61480104684	0.145183233928	2.08982835585	2.08982835585	0.0357467840471	0.00230210824001
1.68782783336	1.68782783336	0.107029580632	2.5777112207	2.5777112207	0.0507439650532	0.00182294011911
1.93976894951	1.93976894951	0.100692654906	2.17886250096	2.17886250096	0.0624416120507	0.0291731912335
1.81825074448	1.81825074448	0.102649113628	2.01076773343	2.01076773343	0.0578228750581	0.00397885613216
1.6592391498	1.6592391498	0.0296462582375	1.98075477397	1.98075477397	0.0803439420363	0.014884825977
1.98771322734	1.98771322734	0.108431147369	2.05210973634	2.05210973634	0.0639407093952	0.00505207116513
1.76008060781	1.76008060781	0.100284795553	2.00924134785	2.00924134785	0.0412089005663	0.00886352111905
1.86969071785	1.86969071785	0.119855687112	1.68665874744	1.68665874744	0.0644796240623	0.00250038308494
1.88937661458	1.88937661458	0.122281781237	1.59101260833	1.59101260833	0.0649899365484	0.00235991920224
1.67850248741	1.67850248741	0.0891152191667	2.06386678286	2.06386678286	0.0445279506745	0.00288032537595
0.404938866241	0.404938866241	0.114416539634	2.85464318597	2.85464318597	0.0467100899875	0.00105502785981
1.89110532442	1.89110532442	0.115507585132	1.3029777559	1.3029777559	0.0472111427443	0.00668944556016
1.38104940649	1.38104940649	0.133627937687	1.44020867979	1.44020867979	0.0533690987593	0.00660401564383
1.8814921869	1.8814921869	0.0949703248532	2.34021545724	2.34021545724	0.0410747857302	0.0279169795168
1.96019092799	1.96019092799	0.080057779379	2.2833278244	2.2833278244	0.0559435647603	0.0194685161136
1.76051882532	1.76051882532	0.145871927971	1.96774624505	1.96774624505	0.0449946989173	0.00973530801137
1.68149054217	1.68149054217	0.103086600418	1.8346306496	1.8346306496	0.111130002082	0.00582959655309
1.23501599821	1.23501599821	0.102082656986	1.33967592213	1.33967592213	0.0856466041385	0.00641450478001
1.71445575163	1.71445575163	0.106222620128	2.2918386018	2.2918386018	0.0442447483195	0.037045412166
1.94680629425	1.94680629425	0.106991144484	2.19905701521	2.19905701521	0.0709237155352	0.0080768737716
2.75528382412	2.75528382412	0.100367455592	2.07654946507	2.07654946507	0.0476211647436	0.00656790408049
1.74842614748	1.74842614748	0.0990928548125	1.91812232846	1.91812232846	0.0466398654029	0.0143217059663
1.7531086009	1.7531086009	0.111542257906	1.77510269561	1.77510269561	0.0627445622495	0.00433962267472
1.77103930789	1.77103930789	0.108563582673	2.32593734896	2.32593734896	0.0671030877775	0.0186827496056
2.09864913466	2.09864913466	0.115617736356	2.00781693888	2.00781693888	0.0430629063482	0.0150923308937
1.75355334164	1.75355334164	0.100055475158	1.80550602251	1.80550602251	0.0409401481372	0.0024753919853
1.56249230473	1.56249230473	0.106076051957	2.05025323382	2.05025323382	0.0481432320111	0.00449807417623
1.67082310958	1.67082310958	0.110930614101	2.31812826544	2.31812826544	0.047481501769	0.00243930267873
1.6814250468	1.6814250468	0.0874107228682	2.31181193724	2.31181193724	0.031161509317	0.00377300919288
1.98459478766	1.98459478766	0.102782753669	2.2250843106	2.2250843106	0.0401200855076	0.00353030142567
2.29773154823	2.29773154823	0.0825406868437	2.22374044401	2.22374044401	0.0128742878491	0.0112802524414
1.75552985585	1.75552985585	0.124593341599	2.34220913402	2.34220913402	0.0272700046371	0.0114423001344
1.73206774626	1.73206774626	0.103919876914	2.22153672732	2.22153672732	0.0533838960357	0.00442522543255
1.86130872457	1.86130872457	0.0851837108416	2.16183722422	2.16183722422	0.056582401703	0.00254991329713
1.91549867044	1.91549867044	0.0987585336692	1.94522579482	1.94522579482	0.0420281923327	0.00490800748323
1.75200975276	1.75200975276	0.0960243062252	2.39111888106	2.39111888106	0.0396117226769	0.0166396587295
1.71141204792	1.71141204792	0.129527869129	1.81028406924	1.81028406924	0.0280127000199	0.00191804024247
1.75328534722	1.75328534722	0.101587800667	2.04388466026	2.04388466026	0.112982030677	0.0117682681422
1.77545798956	1.77545798956	0.112420479051	2.53211752498	2.53211752498	0.0429133979352	0.00883524591121
1.73739959923	1.73739959923	0.0779586668042	1.90336844069	1.90336844069	0.0629686067628	0.00439552094495
1.85339617429	1.85339617429	0.0848282324767	1.92766058027	1.92766058027	0.0329063747378	0.00787422096328
2.18738697428	2.18738697428	0.124465066809	2.11409797559	2.11409797559	0.0475310685871	0.0118030175341
1.79584767916	1.79584767916	0.157076702315	2.17421186149	2.17421186149	0.0383974772546	0.00644732155459
1.68526993935	1.68526993935	0.103233370858	2.06351223229	2.06351223229	0.0711436670336	0.00936719762273
1.69266644467	1.69266644467	0.0970751944369	2.17563518292	2.17563518292	0.0712981598148	0.0169025128745
1.41921456494	1.41921456494	0.0999509397338	2.30780918563	2.30780918563	0.0494205600949	0.00327020650548
1.88827463547	1.88827463547	0.106503607447	2.28855331867	2.28855331867	0.0442754892455	0.00914706814229
1.83584141317	1.83584141317	0.0995138125986	1.99764261894	1.99764261894	0.0627503264796	0.0113478791808
1.93328535383	1.93328535383	0.106183480383	1.68976268938	1.68976268938	0.0432676350673	0.00181571545643
1.594812106	1.594812106	0.0753422128831	2.2436588026	2.2436588026	0.0674601056387	0.00735862285361
1.5810096622	1.5810096622	0.107024638842	2.28097768263	2.28097768263	0.0257467183348	0.0056602103115
1.25528484111	1.25528484111	0.100800419455	2.36675106753	2.36675106753	0.044474276401	0.00144573607759
2.19196434729	2.19196434729	0.0882664176239	2.20882602978	2.20882602978	0.0561101019883	0.000955586561972
1.90161698599	1.90161698599	0.0695025720585	2.30940980729	2.30940980729	0.0444652723317	0.0167953409556
2.0051197755	2.0051197755	0.101818752287	2.22006266778	2.22006266778	0.0821134314168	0.00487609403465
1.82411461922	1.82411461922	0.0395410761891	2.36868758084	2.36868758084	0.0373445896326	0.00613479248979
1.73216854404	1.73216854404	0.0355146344822	2.33741363913	2.33741363913	-0.0485086318837	0.0109415714166
1.94257746499	1.94257746499	0.0981660525651	2.42813692653	2.42813692653	0.0416265299998	0.00780053921806
1.69297202535	1.69297202535	0.1141391859	2.19788551166	2.19788551166	0.131689897956	0.000326952590126
1.99957029222	1.99957029222	0.117085923511	2.12025445906	2.12025445906	0.057601137065	0.00843773350626
1.85882009548	1.85882009548	0.10706020122	2.00251591802	2.00251591802	0.0409472905911	0.0076013406127
1.92045633202	1.92045633202	0.136915240226	2.02176977517	2.02176977517	0.0711310357744	0.0137690186839
1.72407809112	1.72407809112	0.101116867002	2.37678842279	2.37678842279	0.0426716116558	0.00247670831713
2.07040661415	2.07040661415	0.0927136816152	2.19022607623	2.19022607623	0.0456664091187	0.00433710376343
1.64742854684	1.64742854684	0.101746671858	2.10463610506	2.10463610506	0.0508358038131	0.0130850181645
1.71030864102	1.71030864102	0.104666738826	1.35030176167	1.35030176167	0.0433087370882	0.00776092086937
1.87858543272	1.87858543272	0.102663706463	2.1178650313	2.1178650313	0.123719215293	0.0010511590442
1.54839201686	1.54839201686	0.0916943963602	2.01062325291	2.01062325291	0.0740930849984	0.00913766882663
1.62749007533	1.62749007533	0.112668874291	2.10567993651	2.10567993651	0.0456421106587	0.00252472919999
1.82329175943	1.82329175943	0.0986831494452	2.01784619679	2.01784619679	0.0448611655544	0.00930406671245
1.80113275599	1.80113275599	0.0976040221461	2.01027224726	2.01027224726	0.0332934650019	0.0129098731866
1.66400640323	1.66400640323	0.102727307069	2.10314958532	2.10314958532	0.0552531734684	0.0174457032655
2.02420597263	2.02420597263	0.102828108923	2.30934015481	2.30934015481	0.0379010896677	0.00478440554199
1.80509365939	1.80509365939	0.100618114564	1.83036979507	1.83036979507	0.0749595032497	0.00185691058479
1.90233430898	1.90233430898	0.100560776557	1.9868962671	1.9868962671	0.0526503385329	0.00385495419793
1.7757443014	1.7757443014	0.109886025655	2.34637709763	2.34637709763	0.0791199148282	0.0151488689735
1.68523069337	1.68523069337	0.114953827368	2.3689272204	2.3689272204	0.0609849445013	0.0113140378821
3.33902455049	3.33902455049	0.112298393924	2.09563168837	2.09563168837	0.0558905090802	0.00450463541016
2.60213197549	2.60213197549	0.104279130443	2.27858020108	2.27858020108	0.0478499305823	0.0104204745278
1.79871676664	1.79871676664	0.0870588227478	2.29852929276	2.29852929276	0.0687903996514	0.00610195045175
1.87544714263	1.87544714263	0.0969306730352	2.24966703895	2.24966703895	0.0601744984924	0.0054555516677
1.62954845089	1.62954845089	0.102621853893	2.33881599153	2.33881599153	0.0307759332799	0.00259746675574
1.7002596515	1.7002596515	0.0841347991376	2.06900269309	2.06900269309	0.0595733496529	0.00332909390442
1.59212398746	1.59212398746	0.113798600913	1.82752496428	1.82752496428	0.0559979051497	0.00686679346224
1.827098089	1.827098089	0.101199745235	2.05223244134	2.05223244134	0.0434817646429	0.0046499723333
1.91548082435	1.91548082435	0.103984611686	2.10390169609	2.10390169609	0.0466308235746	0.000514696350109
1.63529575089	1.63529575089	0.124660622427	2.23999155127	2.23999155127	0.0619747056906	0.00121781422075
1.71130768819	1.71130768819	0.0910067199409	2.13446613889	2.13446613889	0.0455559427682	0.0072108426068
1.69731911943	1.69731911943	0.121579805617	2.0667824345	2.0667824345	0.0652657356268	0.0069327915528
1.86098534337	1.86098534337	0.128464609759	1.87942018541	1.87942018541	0.0375945197118	0.00467460221982
1.84265096418	1.84265096418	0.0798835656689	2.19080832197	2.19080832197	0.0387495688634	0.000677427157358
2.02728629627	2.02728629627	0.0911175092574	2.32935420593	2.32935420593	0.0507972899057	0.00949590220467
0.684172174043	0.684172174043	0.10155745475	2.23320043606	2.23320043606	0.0311837786141	0.00348052328289
1.81715738492	1.81715738492	0.106286055848	2.17230223518	2.17230223518	0.056414553196	0.0359852943068
1.73598586448	1.73598586448	0.105758906213	2.19646559723	2.19646559723	0.0584512356169	0.00760345120589
1.77383718882	1.77383718882	0.10643252719	1.93528779036	1.93528779036	0.0496267211799	0.00797936905622
1.89260013979	1.89260013979	0.066468332299	2.11368193791	2.11368193791	0.0472712162705	0.00751961039433
1.80767893774	1.80767893774	0.108722492042	2.36068517029	2.36068517029	0.0180558107582	0.00772314484932
1.93534483482	1.93534483482	0.10031881239	2.10504197118	2.10504197118	0.0442357629583	0.00402884595911
1.87154746444	1.87154746444	0.0679858604906	1.78589984107	1.78589984107	0.0749135989047	0.00360600108474
1.99212037576	1.99212037576	0.0986689709565	2.26157342545	2.26157342545	0.0395825987808	0.0107572511767
1.77347950409	1.77347950409	0.119556574071	2.17423355695	2.17423355695	0.0442064668842	0.0147901897624
1.6170445903	1.6170445903	0.0979430840778	2.05001818652	2.05001818652	0.0420420050571	0.00678771112546
2.00243631807	2.00243631807	0.109318285968	2.12123296094	2.12123296094	0.0375235215311	0.00562920108446
1.56375876216	1.56375876216	0.100232585595	1.97984167278	1.97984167278	0.0313194141299	0.0161109175684
1.82007045711	1.82007045711	0.0754677199716	1.77926979957	1.77926979957	0.0526991929954	0.00509906725388
1.49144215896	1.49144215896	0.1436693021	2.1749556885	2.1749556885	0.0184415327215	0.00720524943165
1.20932690079	1.20932690079	0.0949799173523	2.13996192808	2.13996192808	0.0647616649222	0.000531784964996
2.46891514619	2.46891514619	0.111384940679	2.52468442035	2.52468442035	0.0536774538751	0.00843234473146
1.58870191778	1.58870191778	0.121460097377	2.18974579247	2.18974579247	0.0484578263022	0.00322052578276
1.38315781911	1.38315781911	0.138244074258	1.67632199517	1.67632199517	0.055892105917	0.00416557348166
1.63818703199	1.63818703199	0.0888114920488	2.12137857137	2.12137857137	0.0393827164387	0.0135555712896
1.61394231153	1.61394231153	0.0919008285214	1.57398851163	1.57398851163	0.0762117145504	0.00257004495822
1.94107649947	1.94107649947	0.102665403758	1.9648135636	1.9648135636	0.0423130067252	0.00866520487404
0.535593679862	0.535593679862	0.103078530049	1.86155018176	1.86155018176	0.0512726866506	0.00936025644907
1.86246809676	1.86246809676	0.106403070019	1.84419695444	1.84419695444	0.046232174124	0.00396924728111
2.05306763395	2.05306763395	0.112728830034	2.70639309881	2.70639309881	0.0416358745225	0.00584325348765
3.93282852659	3.93282852659	0.112617592429	2.35261729271	2.35261729271	0.0493082933056	0.00925097382087
1.52771884603	1.52771884603	0.0598222357048	2.16319414053	2.16319414053	0.0474532497797	0.0201859496679
2.57941434054	2.57941434054	0.102447186011	2.24352285887	2.24352285887	0.0588128549867	0.0074585396227
1.57915859155	1.57915859155	0.110369648128	2.24914871913	2.24914871913	0.0456015759471	0.00413735730693
1.70951269657	1.70951269657	0.099365233341	2.46621272826	2.46621272826	0.0517479337344	0.00458532322418
1.83599707382	1.83599707382	0.128085428346	1.94110731845	1.94110731845	0.0328608133221	0.013109070257
1.67721295621	1.67721295621	0.098616999904	2.12695061134	2.12695061134	0.0613122671118	0.0137472161796
3.02454652888	3.02454652888	0.104205004669	2.12359366755	2.12359366755	0.0864766415774	0.0107995616098
1.79014897371	1.79014897371	0.10115970448	2.20947365143	2.20947365143	0.0700798876448	0.00041410604589
1.92815675967	1.92815675967	0.074845715367	2.32290889948	2.32290889948	0.0706580766434	0.00336134434208
1.91815304354	1.91815304354	0.104477418444	2.31096443905	2.31096443905	0.0543413239403	0.004366284382
1.69818368522	1.69818368522	0.0925323645932	2.3960840626	2.3960840626	0.0388430465997	0.000465364428174
1.77941212469	1.77941212469	0.0797473698741	2.15130886973	2.15130886973	0.0512934159767	0.00199345878948
1.7815440716	1.7815440716	0.0265050283959	1.73597184704	1.73597184704	0.0432365383733	0.0010216463341
1.71881607224	1.71881607224	0.128787731598	1.78630613403	1.78630613403	0.0559657585864	0.00372461808801
1.57133644614	1.57133644614	0.106346680608	1.88550150404	1.88550150404	0.0568255823729	0.00455489539051
1.49145018672	1.49145018672	0.0930442735103	1.90193858551	1.90193858551	0.0541978641895	0.00766421390984
1.74778649207	1.74778649207	0.100506523799	2.68430329082	2.68430329082	0.0505004372218	0.0321492118593
2.03212746519	2.03212746519	0.100124869286	2.66701192102	2.66701192102	0.0383254765871	0.0103263137746
1.3581359761	1.3581359761	0.11194053364	2.17337336263	2.17337336263	0.0367405313497	0.0118046582386
1.71909447243	1.71909447243	0.0890938161261	2.10093902203	2.10093902203	0.0493733874052	0.017274226313
1.86130074182	1.86130074182	0.102434226564	2.23937364121	2.23937364121	0.0451843848187	0.00504460804148
1.77015461083	1.77015461083	0.132485566583	2.20714339352	2.20714339352	0.0515230078738	0.0055296113565
1.74691976313	1.74691976313	0.1225164541	2.22498144563	2.22498144563	0.0681149506129	0.00878351722266
1.90981928703	1.90981928703	0.104581695805	2.29716590216	2.29716590216	0.0258198527504	0.00324660087465
2.07092895591	2.07092895591	0.0694446444632	1.98694896265	1.98694896265	0.0658230447016	0.00632439515793
2.05584720371	2.05584720371	0.0951913656928	2.27776111643	2.27776111643	0.0559496546717	0.00142844631864
1.59941927787	1.59941927787	0.105316405137	2.03104451889	2.03104451889	0.0535394250683	0.00446086762701
2.01714004743	2.01714004743	0.0957708676932	2.31630244952	2.31630244952	0.0784730361012	0.000877684984771
1.73317799899	1.73317799899	0.0381396814492	2.05154973852	2.05154973852	-0.0418038028467	0.00225066479843
2.02543205159	2.02543205159	0.0998001390726	2.37629138373	2.37629138373	0.0250760446266	0.00555923421131
1.74201053158	1.74201053158	0.104531651238	2.33108667889	2.33108667889	0.0474902029621	0.00634833967797
1.97491371898	1.97491371898	0.109528311568	1.39612374207	1.39612374207	0.0395279472155	0.00038329417288
1.92149573507	1.92149573507	0.0965685527613	1.40772628023	1.40772628023	0.0640891249934	0.0054495757291
1.86971950088	1.86971950088	0.04870650863	1.85288906038	1.85288906038	0.0851610041427	0.00445333118477
1.86639989667	1.86639989667	0.113273291052	2.07989459242	2.07989459242	0.0696441326958	0.00142234906061
1.26101875629	1.26101875629	0.102166094328	2.20861394161	2.20861394161	0.0717507667801	0.00754394778535
1.99009996643	1.99009996643	0.120119891509	2.3379741524	2.3379741524	0.0853255097773	0.01582732808
1.38192406212	1.38192406212	0.129835742423	2.18812019444	2.18812019444	0.023266696427	0.0152267491909
1.87942265285	1.87942265285	0.0995931492412	1.36541148947	1.36541148947	0.0873642234256	0.00348355415735
1.59256684955	1.59256684955	0.104971156839	2.64941916097	2.64941916097	0.050183763163	0.00609322971182
1.74814758459	1.74814758459	0.0756130791726	1.8570449624	1.8570449624	0.0393803826598	0.00563818763649
1.79484479932	1.79484479932	0.0366655902895	2.20220004716	2.20220004716	0.0395498474497	0.0060450075511
1.81660610479	1.81660610479	0.107894991516	2.20783192967	2.20783192967	0.0227998961321	0.00861128983821
1.95846901016	1.95846901016	0.0872586825093	1.71441983408	1.71441983408	0.0369915672681	0.0062062768158
1.58235825783	1.58235825783	0.0819485636946	1.83466454444	1.83466454444	0.0193095539918	0.00286462345489
1.62703903232	1.62703903232	0.107415507	2.14322310823	2.14322310823	0.0456246906516	0.0101343590588
2.00491560302	2.00491560302	0.0950388182699	2.33798946238	2.33798946238	0.0404302388687	0.00377947459807
1.90161113289	1.90161113289	0.0818593123771	2.19393967591	2.19393967591	0.125960742592	0.000222616601431
1.37003767648	1.37003767648	0.0998044482218	1.57010335469	1.57010335469	0.0463554878751	0.0118296122784
1.79048674461	1.79048674461	0.0773972913476	1.8470057033	1.8470057033	0.0510538860739	0.00936384052752
1.09213617078	1.09213617078	0.0965324841006	2.07341847805	2.07341847805	0.0757401513693	0.0088170886526
1.64669532111	1.64669532111	0.177396805954	2.61484912884	2.61484912884	0.0607809322944	0.0013790591307
1.70400962141	1.70400962141	0.109935252213	1.92843710708	1.92843710708	0.0413985534062	0.00786012727716
1.60677388065	1.60677388065	0.123976155661	2.2150217537	2.2150217537	0.0712308332837	0.00346501262261
1.84802126163	1.84802126163	0.111603555557	1.8736811771	1.8736811771	0.0693779121963	0.00868877620737
1.8974275744	1.8974275744	0.125099888588	1.63796463297	1.63796463297	0.0731589095025	0.00429767261838
1.71108710253	1.71108710253	0.0953792356496	0.927827661454	0.927827661454	0.0795023152324	0.00958877137361
1.6525988184	1.6525988184	0.0943034699307	2.25510897248	2.25510897248	0.0464503563129	0.00602095641962
1.55875877864	1.55875877864	0.106124333704	2.17844283413	2.17844283413	0.0259744676497	0.0111456695871
2.06745549347	2.06745549347	0.122597713968	2.28100386226	2.28100386226	0.0539780654053	0.00799706182434
1.85912753372	1.85912753372	0.111082369976	2.07258844065	2.07258844065	0.0608369931847	0.0168801503613
1.51355242072	1.51355242072	0.147967719595	2.08990823847	2.08990823847	0.0630821737247	0.00566302486347
1.75840259837	1.75840259837	0.0999280846266	1.36618169592	1.36618169592	0.069149410887	0.00635480034849
1.81821058495	1.81821058495	0.10077967976	1.44548162426	1.44548162426	0.074511197347	0.0112545823964
1.96383200138	1.96383200138	0.082871592656	2.52425986095	2.52425986095	0.0359861241682	0.00433355614725
0.926772146675	0.926772146675	0.0894776912355	2.41478524445	2.41478524445	0.0451564218504	0.00977298621639
2.70462984904	2.70462984904	0.0996047219678	2.45115205324	2.45115205324	0.0534140882911	0.00369560411445
1.37157901764	1.37157901764	0.1007662661	2.27733606851	2.27733606851	0.0511405295234	0.00136975961319
1.84966088736	1.84966088736	0.0963451283543	2.32014830829	2.32014830829	0.0557995496141	0.0117869589217
1.58105415109	1.58105415109	0.0828048307383	2.00607409487	2.00607409487	0.0523951676407	0.00471877929036
2.22783929209	2.22783929209	0.107302941452	2.01465282497	2.01465282497	0.00506741478176	0.00400257094121
1.97198109548	1.97198109548	0.101309703414	2.20691535252	2.20691535252	0.0409767635993	0.00729971685661
1.86368129975	1.86368129975	0.0996037702656	4.01923644294	4.01923644294	0.0628402897415	0.00190135588599
1.70574697172	1.70574697172	0.104321270693	1.63164538853	1.63164538853	0.0763229128357	0.00241915410712
