x0_HIS3_C10	r_HIS3_C10	K_HIS3_C10	x0_RAD52_C10	r_RAD52_C10	K_RAD52_C10	x0_C10
5.5480002835	5.5480002835	0.9077206563	5.79048922303	5.79048922303	0.898903768061	0.00400425686086
5.5480002835	5.5480002835	0.9077206563	5.79048922303	5.79048922303	0.898903768061	0.00803123220756
5.5480002835	5.5480002835	0.9077206563	5.79048922303	5.79048922303	0.898903768061	0.00344516165691
5.5480002835	5.5480002835	0.9077206563	5.79048922303	5.79048922303	0.898903768061	0.00344516165691
5.5480002835	5.5480002835	0.9077206563	5.79048922303	5.79048922303	0.898903768061	0.00618854411377
5.5480002835	5.5480002835	0.9077206563	5.79048922303	5.79048922303	0.898903768061	0.00809601523416
5.5480002835	5.5480002835	0.9077206563	5.68922641072	5.68922641072	0.898903768061	0.00809601523416
5.5480002835	5.5480002835	0.9077206563	5.68922641072	5.68922641072	0.898903768061	0.00809601523416
5.5480002835	5.5480002835	0.9077206563	5.68922641072	5.68922641072	0.898903768061	0.00809601523416
5.5480002835	5.5480002835	0.9077206563	5.68922641072	5.68922641072	0.898903768061	0.0123676458204
5.343385927	5.343385927	0.9077206563	5.68922641072	5.68922641072	0.905042014757	0.0123676458204
5.42025965311	5.42025965311	0.9077206563	5.68922641072	5.68922641072	0.905042014757	0.0148587399688
5.42025965311	5.42025965311	0.9077206563	5.68922641072	5.68922641072	0.905042014757	0.0148587399688
5.42025965311	5.42025965311	0.9077206563	5.68922641072	5.68922641072	0.905042014757	0.0148587399688
5.42025965311	5.42025965311	0.9077206563	5.68922641072	5.68922641072	0.897221907058	0.0148587399688
5.42025965311	5.42025965311	0.9077206563	5.68922641072	5.68922641072	0.897221907058	0.0236440838289
5.42025965311	5.42025965311	0.9077206563	5.68922641072	5.68922641072	0.897221907058	0.00233021459054
5.42025965311	5.42025965311	0.9077206563	5.68922641072	5.68922641072	0.897221907058	0.00233021459054
5.42025965311	5.42025965311	0.9077206563	5.68922641072	5.68922641072	0.897221907058	0.000240207860792
5.42025965311	5.42025965311	0.9077206563	5.68922641072	5.68922641072	0.897221907058	0.000240207860792
5.42025965311	5.42025965311	0.9077206563	5.68922641072	5.68922641072	0.897221907058	0.00190927811781
5.42025965311	5.42025965311	0.9077206563	5.68922641072	5.68922641072	0.897221907058	0.00190927811781
5.42025965311	5.42025965311	0.9077206563	5.68922641072	5.68922641072	0.897221907058	0.000228587331296
5.42025965311	5.42025965311	0.9077206563	5.68922641072	5.68922641072	0.897221907058	0.00366434517711
5.42025965311	5.42025965311	0.9077206563	5.68922641072	5.68922641072	0.897221907058	0.00366434517711
5.42025965311	5.42025965311	0.893376124093	5.68922641072	5.68922641072	0.897221907058	0.00051174202603
5.42025965311	5.42025965311	0.893376124093	5.68922641072	5.68922641072	0.897221907058	0.00051174202603
5.42025965311	5.42025965311	0.893376124093	5.68922641072	5.68922641072	0.897221907058	0.00466512495717
5.42025965311	5.42025965311	0.893376124093	5.68922641072	5.68922641072	0.897221907058	0.000723490742888
5.42025965311	5.42025965311	0.893376124093	5.68922641072	5.68922641072	0.897221907058	0.000723490742888
5.42025965311	5.42025965311	0.893376124093	5.68922641072	5.68922641072	0.897221907058	0.000723490742888
5.42439589444	5.42439589444	0.893376124093	5.68922641072	5.68922641072	0.897221907058	0.000723490742888
5.07261679228	5.07261679228	0.893376124093	5.68922641072	5.68922641072	0.897221907058	0.000723490742888
5.36372640739	5.36372640739	0.893376124093	5.68922641072	5.68922641072	0.897221907058	0.000723490742888
5.36372640739	5.36372640739	0.893376124093	5.68922641072	5.68922641072	0.897221907058	0.000723490742888
5.36372640739	5.36372640739	0.893376124093	5.68922641072	5.68922641072	0.897221907058	0.000723490742888
5.36372640739	5.36372640739	0.893376124093	5.68922641072	5.68922641072	0.897221907058	0.000723490742888
5.36372640739	5.36372640739	0.893376124093	5.68922641072	5.68922641072	0.897221907058	0.000723490742888
5.36372640739	5.36372640739	0.893376124093	5.68922641072	5.68922641072	0.897221907058	0.000723490742888
5.47154600272	5.47154600272	0.893376124093	5.68922641072	5.68922641072	0.889902900732	0.000723490742888
5.47154600272	5.47154600272	0.893376124093	5.68922641072	5.68922641072	0.889902900732	0.000723490742888
5.47154600272	5.47154600272	0.893376124093	5.68922641072	5.68922641072	0.889902900732	0.000723490742888
5.01222683837	5.01222683837	0.893376124093	5.68922641072	5.68922641072	0.889902900732	0.000723490742888
5.01222683837	5.01222683837	0.893376124093	5.68922641072	5.68922641072	0.889902900732	0.000723490742888
5.01222683837	5.01222683837	0.893376124093	5.68922641072	5.68922641072	0.889902900732	0.000723490742888
5.01222683837	5.01222683837	0.893376124093	5.68922641072	5.68922641072	0.889902900732	0.000723490742888
5.01222683837	5.01222683837	0.893376124093	5.68922641072	5.68922641072	0.889902900732	0.0028950953419
5.01222683837	5.01222683837	0.893376124093	5.68922641072	5.68922641072	0.889902900732	0.0102390170116
3.67037816777	3.67037816777	0.893376124093	5.68922641072	5.68922641072	0.889902900732	0.0102390170116
1.98243754092	1.98243754092	0.893376124093	5.68922641072	5.68922641072	0.889902900732	0.0102390170116
3.1418304548	3.1418304548	0.893376124093	5.68922641072	5.68922641072	0.889902900732	0.00550125016692
2.45286886082	2.45286886082	0.893376124093	5.68922641072	5.68922641072	0.889902900732	0.00486499112084
1.84474500671	1.84474500671	0.893376124093	5.68922641072	5.68922641072	0.889902900732	0.00302318336919
1.84474500671	1.84474500671	0.893376124093	5.68922641072	5.68922641072	0.863671302797	0.00302318336919
2.53027375751	2.53027375751	0.893376124093	5.68922641072	5.68922641072	0.863671302797	0.000356463532482
2.53027375751	2.53027375751	0.893376124093	5.64120828186	5.64120828186	0.863671302797	0.000356463532482
2.53027375751	2.53027375751	0.893376124093	5.64120828186	5.64120828186	0.863671302797	0.000356463532482
3.00111442869	3.00111442869	0.893376124093	5.64120828186	5.64120828186	0.863671302797	0.000356463532482
3.00111442869	3.00111442869	0.893376124093	5.64120828186	5.64120828186	0.863671302797	0.00226630733651
1.79945204268	1.79945204268	0.893376124093	5.64120828186	5.64120828186	0.863671302797	0.00226630733651
1.97101965335	1.97101965335	0.893376124093	5.64120828186	5.64120828186	0.863671302797	0.00226630733651
1.97101965335	1.97101965335	0.893376124093	5.64120828186	5.64120828186	0.863671302797	0.00226630733651
1.97101965335	1.97101965335	0.893376124093	5.64120828186	5.64120828186	0.863671302797	0.00226630733651
2.42368560146	2.42368560146	0.893376124093	5.64120828186	5.64120828186	0.863671302797	0.00075990697624
3.2016472806	3.2016472806	0.893376124093	5.64120828186	5.64120828186	0.863671302797	0.00075990697624
3.2016472806	3.2016472806	0.893376124093	5.64120828186	5.64120828186	0.863671302797	0.00075990697624
2.88745245518	2.88745245518	0.893376124093	5.64120828186	5.64120828186	0.863671302797	0.00075990697624
2.88745245518	2.88745245518	0.893376124093	5.62094754814	5.62094754814	0.863671302797	0.00075990697624
2.88745245518	2.88745245518	0.893376124093	5.62094754814	5.62094754814	0.863671302797	0.00075990697624
1.62921564313	1.62921564313	0.893376124093	5.62094754814	5.62094754814	0.863671302797	0.00075990697624
1.62921564313	1.62921564313	0.893376124093	5.62094754814	5.62094754814	0.863671302797	0.00075990697624
1.82385070822	1.82385070822	0.893376124093	5.62094754814	5.62094754814	0.863671302797	0.00075990697624
1.82385070822	1.82385070822	0.893376124093	5.62094754814	5.62094754814	0.863671302797	0.00075990697624
1.72328827692	1.72328827692	0.893376124093	5.62094754814	5.62094754814	0.863671302797	0.00075990697624
1.72328827692	1.72328827692	0.893376124093	5.62094754814	5.62094754814	0.863671302797	0.00185993386487
1.72328827692	1.72328827692	0.893376124093	5.62094754814	5.62094754814	0.863671302797	0.00185993386487
1.73819340096	1.73819340096	0.893376124093	5.54346975582	5.54346975582	0.863671302797	0.00185993386487
1.67262942545	1.67262942545	0.890526492758	5.54346975582	5.54346975582	0.863671302797	0.00185993386487
1.72940378238	1.72940378238	0.890526492758	5.54346975582	5.54346975582	0.863671302797	0.00185993386487
1.72940378238	1.72940378238	0.890526492758	5.54346975582	5.54346975582	0.863671302797	0.00185993386487
1.65903291093	1.65903291093	0.890526492758	5.54346975582	5.54346975582	0.863671302797	0.00185993386487
1.97277687732	1.97277687732	0.890526492758	5.54346975582	5.54346975582	0.863671302797	0.00185993386487
1.49750307549	1.49750307549	0.890526492758	5.54346975582	5.54346975582	0.863671302797	0.00185993386487
1.49750307549	1.49750307549	0.890526492758	5.54346975582	5.54346975582	0.863671302797	0.00185993386487
1.56298403663	1.56298403663	0.890526492758	5.54346975582	5.54346975582	0.863671302797	0.00185993386487
2.01711945626	2.01711945626	0.890526492758	5.54346975582	5.54346975582	0.865440421814	0.00185993386487
2.01711945626	2.01711945626	0.890526492758	5.54346975582	5.54346975582	0.864419660888	0.00185993386487
2.01711945626	2.01711945626	0.890526492758	5.54346975582	5.54346975582	0.864419660888	0.00196207736378
2.01711945626	2.01711945626	0.890526492758	5.54346975582	5.54346975582	0.864419660888	0.00196207736378
2.01711945626	2.01711945626	0.890526492758	5.41799137535	5.41799137535	0.862322699845	0.00196207736378
2.17915177898	2.17915177898	0.890526492758	5.41799137535	5.41799137535	0.862322699845	0.00196207736378
1.72133239717	1.72133239717	0.890526492758	5.41799137535	5.41799137535	0.862322699845	0.00196207736378
1.72133239717	1.72133239717	0.890526492758	5.41799137535	5.41799137535	0.862322699845	0.00196207736378
1.6693427896	1.6693427896	0.890526492758	5.32551275253	5.32551275253	0.862322699845	0.00196207736378
1.6693427896	1.6693427896	0.890526492758	5.32551275253	5.32551275253	0.862322699845	0.00196207736378
1.6693427896	1.6693427896	0.890526492758	5.33274170545	5.33274170545	0.862322699845	0.00196207736378
2.19732808786	2.19732808786	0.890526492758	5.33274170545	5.33274170545	0.862322699845	0.00196207736378
2.19732808786	2.19732808786	0.890526492758	5.33274170545	5.33274170545	0.862322699845	0.00196207736378
2.19732808786	2.19732808786	0.890526492758	5.33274170545	5.33274170545	0.862322699845	0.00190264455339
1.20751215684	1.20751215684	0.890526492758	5.33274170545	5.33274170545	0.862322699845	0.00190264455339
0.692524179912	0.692524179912	0.890526492758	5.33274170545	5.33274170545	0.862322699845	0.00190264455339
0.688906958466	0.688906958466	0.890526492758	5.33274170545	5.33274170545	0.862322699845	0.00190264455339
0.404966846	0.404966846	0.890526492758	5.33274170545	5.33274170545	0.862322699845	0.00190264455339
0.996097805484	0.996097805484	0.888027797414	5.33274170545	5.33274170545	0.862322699845	0.00190264455339
1.06294982692	1.06294982692	0.888027797414	5.33274170545	5.33274170545	0.861997513451	0.00190264455339
2.84988419444	2.84988419444	0.888027797414	5.33274170545	5.33274170545	0.861997513451	0.00190264455339
2.40022955931	2.40022955931	0.888027797414	5.33274170545	5.33274170545	0.861997513451	0.00190264455339
1.80338292031	1.80338292031	0.888027797414	5.33274170545	5.33274170545	0.857217517313	0.00190264455339
1.80338292031	1.80338292031	0.888027797414	5.33274170545	5.33274170545	0.857217517313	0.00190264455339
1.95732824379	1.95732824379	0.888027797414	5.31397665817	5.31397665817	0.851346590819	0.00190264455339
1.0870496065	1.0870496065	0.888027797414	5.31397665817	5.31397665817	0.84905458562	0.00190264455339
1.0870496065	1.0870496065	0.888027797414	5.31397665817	5.31397665817	0.84905458562	0.00190264455339
2.18366222351	2.18366222351	0.888027797414	5.31397665817	5.31397665817	0.84905458562	0.00190264455339
1.89988870106	1.89988870106	0.888027797414	5.31397665817	5.31397665817	0.84905458562	0.00190264455339
1.89988870106	1.89988870106	0.888027797414	5.31397665817	5.31397665817	0.84905458562	0.00190264455339
1.89988870106	1.89988870106	0.888027797414	5.31397665817	5.31397665817	0.84905458562	0.00190264455339
1.89988870106	1.89988870106	0.888027797414	5.31397665817	5.31397665817	0.84905458562	0.00190264455339
1.89988870106	1.89988870106	0.888027797414	5.31397665817	5.31397665817	0.840797046589	0.00190264455339
2.26273408059	2.26273408059	0.888027797414	5.31397665817	5.31397665817	0.840797046589	0.00190264455339
2.21587913979	2.21587913979	0.888027797414	5.31397665817	5.31397665817	0.840797046589	0.00190264455339
2.11618086846	2.11618086846	0.888027797414	5.31397665817	5.31397665817	0.840797046589	0.00153924796311
2.11618086846	2.11618086846	0.888027797414	5.31397665817	5.31397665817	0.840797046589	0.00153924796311
2.11618086846	2.11618086846	0.884868133664	5.31397665817	5.31397665817	0.840797046589	0.00017939964345
2.11618086846	2.11618086846	0.884868133664	5.31397665817	5.31397665817	0.840797046589	0.00017939964345
2.07706341816	2.07706341816	0.884868133664	5.31397665817	5.31397665817	0.834594795168	0.00017939964345
2.02296589406	2.02296589406	0.884868133664	5.31397665817	5.31397665817	0.834594795168	0.00017939964345
2.02296589406	2.02296589406	0.884868133664	5.31397665817	5.31397665817	0.834594795168	0.00017939964345
1.57659515004	1.57659515004	0.884868133664	5.31397665817	5.31397665817	0.834594795168	0.00017939964345
1.73126436204	1.73126436204	0.884868133664	5.31397665817	5.31397665817	0.834594795168	0.00017939964345
2.60059504084	2.60059504084	0.884868133664	5.31397665817	5.31397665817	0.838996272316	0.00017939964345
2.2226068924	2.2226068924	0.884868133664	5.31397665817	5.31397665817	0.838996272316	0.00017939964345
1.02278534725	1.02278534725	0.884868133664	5.31397665817	5.31397665817	0.838996272316	0.00017939964345
0.958701932032	0.958701932032	0.884868133664	5.31397665817	5.31397665817	0.838996272316	0.00017939964345
1.80935623976	1.80935623976	0.884868133664	5.31397665817	5.31397665817	0.838996272316	0.00122646916276
2.67445956697	2.67445956697	0.884868133664	5.31397665817	5.31397665817	0.838996272316	0.00122646916276
1.2203121387	1.2203121387	0.884868133664	5.31397665817	5.31397665817	0.838996272316	0.00122646916276
2.60233069204	2.60233069204	0.884868133664	5.31397665817	5.31397665817	0.834043002434	0.00122646916276
2.60233069204	2.60233069204	0.884868133664	5.31397665817	5.31397665817	0.834043002434	0.00122646916276
2.56332975209	2.56332975209	0.884868133664	5.31397665817	5.31397665817	0.834043002434	0.00122646916276
1.50596466758	1.50596466758	0.866711551713	5.10536884685	5.10536884685	0.834043002434	0.00185298425157
1.50596466758	1.50596466758	0.866711551713	4.74042326982	4.74042326982	0.834043002434	0.000100309484101
2.01569553671	2.01569553671	0.866711551713	4.74042326982	4.74042326982	0.834043002434	0.00131617610358
2.01569553671	2.01569553671	0.866711551713	4.92373930117	4.92373930117	0.834043002434	0.00131617610358
2.31308610375	2.31308610375	0.866711551713	4.92373930117	4.92373930117	0.834043002434	0.00131617610358
1.19697915109	1.19697915109	0.866711551713	4.92373930117	4.92373930117	0.834043002434	0.000630642223666
2.38942980496	2.38942980496	0.843934291678	3.64697517799	3.64697517799	0.834043002434	0.000630642223666
2.39519207986	2.39519207986	0.873217027393	2.43670537186	2.43670537186	0.834043002434	0.000630642223666
2.1986966502	2.1986966502	0.873217027393	2.43670537186	2.43670537186	0.829905397109	0.000630642223666
2.1986966502	2.1986966502	0.873217027393	2.60381789003	2.60381789003	0.829905397109	0.000630642223666
1.99443278378	1.99443278378	0.873217027393	1.88846343594	1.88846343594	0.829905397109	0.000630642223666
1.22164737204	1.22164737204	0.873217027393	1.50463053188	1.50463053188	0.829905397109	0.000630642223666
1.22164737204	1.22164737204	0.873217027393	1.60176435527	1.60176435527	0.829905397109	0.000630642223666
1.22164737204	1.22164737204	0.873217027393	1.35806516137	1.35806516137	0.829905397109	0.000630642223666
1.75755092668	1.75755092668	0.873217027393	1.8121133607	1.8121133607	0.829905397109	0.000630642223666
1.81278185018	1.81278185018	0.873217027393	1.39395574925	1.39395574925	0.829905397109	0.000630642223666
1.81278185018	1.81278185018	0.873217027393	1.26883070644	1.26883070644	0.829905397109	0.000429760445243
1.81278185018	1.81278185018	0.873217027393	1.37913572567	1.37913572567	0.829905397109	0.000429760445243
2.18179171446	2.18179171446	0.873217027393	1.37913572567	1.37913572567	0.825349647556	0.000429760445243
1.76286459889	1.76286459889	0.871021681704	1.37913572567	1.37913572567	0.840292895114	0.000429760445243
2.3229812162	2.3229812162	0.871021681704	1.37913572567	1.37913572567	0.840292895114	0.000429760445243
0.898766265272	0.898766265272	0.856123507322	1.38156495086	1.38156495086	0.840292895114	0.000429760445243
1.99550103443	1.99550103443	0.856123507322	1.49345733941	1.49345733941	0.840292895114	0.000429760445243
2.2868734983	2.2868734983	0.856123507322	1.49345733941	1.49345733941	0.842907961987	0.000429760445243
2.31261108852	2.31261108852	0.856736591585	1.49345733941	1.49345733941	0.842907961987	0.000429760445243
2.17224440874	2.17224440874	0.856736591585	1.49345733941	1.49345733941	0.849785731145	0.000429760445243
1.4281143552	1.4281143552	0.856736591585	1.49345733941	1.49345733941	0.849785731145	0.000429760445243
1.09532507244	1.09532507244	0.856736591585	1.49345733941	1.49345733941	0.849785731145	0.000895554419464
1.09532507244	1.09532507244	0.856736591585	1.44675858339	1.44675858339	0.840374447704	0.000895554419464
-0.00366632067273	-0.00366632067273	0.856736591585	1.52133712035	1.52133712035	0.840374447704	0.000895554419464
2.48125337006	2.48125337006	0.856736591585	1.52133712035	1.52133712035	0.840374447704	0.000895554419464
1.99944233727	1.99944233727	0.856736591585	1.52133712035	1.52133712035	0.840374447704	0.000895554419464
2.64474405354	2.64474405354	0.860568887	1.52133712035	1.52133712035	0.840374447704	0.000895554419464
2.64474405354	2.64474405354	0.860568887	1.52133712035	1.52133712035	0.840374447704	0.000895554419464
2.1140904897	2.1140904897	0.857866900675	1.9378432268	1.9378432268	0.840374447704	0.000895554419464
2.24361164251	2.24361164251	0.857866900675	1.63917231224	1.63917231224	0.840374447704	0.000895554419464
2.24361164251	2.24361164251	0.857866900675	1.55933600033	1.55933600033	0.840374447704	0.000895554419464
1.36309764575	1.36309764575	0.861817736872	1.72608497889	1.72608497889	0.837523170178	0.000484272520796
1.36309764575	1.36309764575	0.861817736872	1.58935305965	1.58935305965	0.83530668227	0.000484272520796
1.36309764575	1.36309764575	0.861817736872	1.56468480916	1.56468480916	0.834842426021	0.000484272520796
1.83105932948	1.83105932948	0.861817736872	1.56468480916	1.56468480916	0.834842426021	0.000484272520796
1.83105932948	1.83105932948	0.861817736872	1.5328991555	1.5328991555	0.834842426021	0.000484272520796
2.0543002689	2.0543002689	0.861817736872	1.5328991555	1.5328991555	0.834842426021	0.000484272520796
2.0543002689	2.0543002689	0.858926456495	1.5328991555	1.5328991555	0.834842426021	0.000484272520796
2.0543002689	2.0543002689	0.858926456495	1.5328991555	1.5328991555	0.834842426021	0.000100237333886
2.18988971126	2.18988971126	0.858926456495	1.5328991555	1.5328991555	0.834842426021	0.000100237333886
0.984729320862	0.984729320862	0.848193399693	2.33532291873	2.33532291873	0.834842426021	0.000100237333886
2.05179186161	2.05179186161	0.848193399693	0.0862233700365	0.0862233700365	0.834842426021	0.000100237333886
2.05179186161	2.05179186161	0.848193399693	1.35371015467	1.35371015467	0.834842426021	0.000100237333886
2.05179186161	2.05179186161	0.848193399693	1.46779710996	1.46779710996	0.834842426021	0.000766980091676
1.67906263604	1.67906263604	0.848193399693	1.46779710996	1.46779710996	0.834842426021	0.000766980091676
1.67906263604	1.67906263604	0.848193399693	1.49372289508	1.49372289508	0.834842426021	0.000766980091676
1.67906263604	1.67906263604	0.848193399693	1.60203629439	1.60203629439	0.836408630095	0.000766980091676
1.67906263604	1.67906263604	0.850081504688	1.27263223661	1.27263223661	0.836408630095	0.000766980091676
1.67906263604	1.67906263604	0.850081504688	1.27263223661	1.27263223661	0.836408630095	0.000766980091676
1.67906263604	1.67906263604	0.850081504688	1.52737120394	1.52737120394	0.836408630095	0.000766980091676
1.67906263604	1.67906263604	0.850081504688	1.52737120394	1.52737120394	0.836408630095	0.00109357239728
1.67906263604	1.67906263604	0.850081504688	1.52737120394	1.52737120394	0.836408630095	0.00109357239728
1.68979594757	1.68979594757	0.850081504688	1.52737120394	1.52737120394	0.836408630095	0.000405795411032
1.68979594757	1.68979594757	0.850081504688	1.82789831589	1.82789831589	0.836408630095	0.000405795411032
2.33287171067	2.33287171067	0.845475394978	1.91627102629	1.91627102629	0.836408630095	0.000405795411032
2.33287171067	2.33287171067	0.845475394978	1.91627102629	1.91627102629	0.836408630095	0.000405795411032
0.623383134713	0.623383134713	0.845475394978	1.91627102629	1.91627102629	0.836408630095	0.000405795411032
1.74656488579	1.74656488579	0.853622784864	1.45994590497	1.45994590497	0.836408630095	0.000405795411032
1.99525323027	1.99525323027	0.853622784864	1.16249129831	1.16249129831	0.836408630095	0.000195870882829
1.68894115158	1.68894115158	0.85834684608	1.56781086548	1.56781086548	0.836408630095	0.000195870882829
1.68894115158	1.68894115158	0.836857770251	1.2269425918	1.2269425918	0.836408630095	0.000195870882829
1.68894115158	1.68894115158	0.836857770251	1.35919579918	1.35919579918	0.836408630095	0.000195870882829
1.68894115158	1.68894115158	0.836857770251	1.59459221735	1.59459221735	0.836734193708	0.000195870882829
1.91768059716	1.91768059716	0.836857770251	1.35678447459	1.35678447459	0.836734193708	0.000195870882829
1.54069267396	1.54069267396	0.835510961107	1.24225074113	1.24225074113	0.836734193708	0.000820892804448
1.54069267396	1.54069267396	0.835510961107	1.59384024336	1.59384024336	0.836734193708	0.000820892804448
1.54069267396	1.54069267396	0.794080865995	1.59220137754	1.59220137754	0.829948656371	0.000820892804448
1.54069267396	1.54069267396	0.850184449228	1.59220137754	1.59220137754	0.829948656371	0.00061070023147
1.54069267396	1.54069267396	0.834301850841	1.3353115185	1.3353115185	0.829948656371	0.000388345271883
1.54069267396	1.54069267396	0.834301850841	1.62424464858	1.62424464858	0.828132115828	0.000388345271883
1.54069267396	1.54069267396	0.824216013047	1.47411282784	1.47411282784	0.833217048376	0.000388345271883
1.6697034359	1.6697034359	0.824216013047	1.43255906041	1.43255906041	0.833217048376	0.000388345271883
1.60742112608	1.60742112608	0.811854959342	1.99104612407	1.99104612407	0.833217048376	0.000388345271883
1.60742112608	1.60742112608	0.811854959342	1.19377505146	1.19377505146	0.833217048376	0.000388345271883
1.60742112608	1.60742112608	0.793534519006	1.19377505146	1.19377505146	0.833217048376	0.000388345271883
1.60742112608	1.60742112608	0.793534519006	1.48517261866	1.48517261866	0.833217048376	0.000388345271883
1.60742112608	1.60742112608	0.793534519006	1.48517261866	1.48517261866	0.833217048376	0.000388345271883
1.60742112608	1.60742112608	0.793534519006	1.48517261866	1.48517261866	0.833217048376	0.000388345271883
1.60742112608	1.60742112608	0.793534519006	1.48597601352	1.48597601352	0.833217048376	0.00112381808174
1.60742112608	1.60742112608	0.793534519006	1.55699469622	1.55699469622	0.833217048376	0.00112381808174
1.60742112608	1.60742112608	0.80383840764	1.463028594	1.463028594	0.833217048376	0.00112381808174
1.60742112608	1.60742112608	0.80383840764	1.463028594	1.463028594	0.833217048376	0.00112381808174
1.60742112608	1.60742112608	0.802230280567	1.38305311056	1.38305311056	0.832377848385	0.00112381808174
1.60742112608	1.60742112608	0.812545518304	1.48374399957	1.48374399957	0.832377848385	0.00112381808174
1.00602307925	1.00602307925	0.818741995021	1.53699767474	1.53699767474	0.83049262363	0.00112381808174
1.00602307925	1.00602307925	0.818741995021	1.53699767474	1.53699767474	0.83049262363	0.00112381808174
1.00602307925	1.00602307925	0.867432157325	1.53699767474	1.53699767474	0.83049262363	0.00112381808174
1.55566894367	1.55566894367	0.867432157325	1.49168647898	1.49168647898	0.832148221039	0.00112381808174
0.770243966848	0.770243966848	0.867432157325	1.52069877238	1.52069877238	0.832148221039	0.00112381808174
1.91416551808	1.91416551808	0.870970102711	1.57665110748	1.57665110748	0.832148221039	0.00112381808174
1.93644516593	1.93644516593	0.870970102711	1.27866976978	1.27866976978	0.832148221039	0.00112381808174
1.43211418615	1.43211418615	0.870970102711	1.3563869684	1.3563869684	0.832148221039	0.00112381808174
1.88129645172	1.88129645172	0.870970102711	1.42669177249	1.42669177249	0.832148221039	0.00112381808174
1.98568390738	1.98568390738	0.870970102711	1.42669177249	1.42669177249	0.832148221039	0.00112381808174
1.04493088986	1.04493088986	0.872499648616	1.42669177249	1.42669177249	0.832148221039	0.00112381808174
1.77627682462	1.77627682462	0.881762572584	1.42669177249	1.42669177249	0.832574145136	0.000713452661334
1.77627682462	1.77627682462	0.881762572584	1.36954914982	1.36954914982	0.832574145136	0.000713452661334
1.62054420549	1.62054420549	0.881762572584	1.35495812307	1.35495812307	0.832574145136	0.000713452661334
1.62054420549	1.62054420549	0.881762572584	1.49604612157	1.49604612157	0.832574145136	0.000713452661334
1.5366887181	1.5366887181	0.887292594145	1.49604612157	1.49604612157	0.832574145136	0.000713452661334
1.74701739687	1.74701739687	0.921254595192	1.49604612157	1.49604612157	0.832574145136	0.000713452661334
1.74701739687	1.74701739687	0.984173953309	1.45227510276	1.45227510276	0.832574145136	0.000713452661334
1.74701739687	1.74701739687	0.955380429659	1.45227510276	1.45227510276	0.832574145136	0.000713452661334
1.70421679492	1.70421679492	0.928015235515	1.45227510276	1.45227510276	0.832574145136	0.000713452661334
1.70421679492	1.70421679492	0.90118614175	1.47841955083	1.47841955083	0.832574145136	0.000713452661334
1.70421679492	1.70421679492	0.896186017132	1.47841955083	1.47841955083	0.832574145136	0.000713452661334
1.70421679492	1.70421679492	0.896621317468	1.46794921325	1.46794921325	0.832574145136	0.00104861508208
1.70421679492	1.70421679492	0.876155557478	1.45243068427	1.45243068427	0.832574145136	0.00104861508208
1.70421679492	1.70421679492	0.891419881318	1.45243068427	1.45243068427	0.832574145136	0.00104861508208
1.70421679492	1.70421679492	0.877309085062	1.45243068427	1.45243068427	0.832574145136	0.00104861508208
1.70421679492	1.70421679492	0.842760854522	1.45243068427	1.45243068427	0.832574145136	0.00156942335772
1.68824281955	1.68824281955	0.968939411808	1.45243068427	1.45243068427	0.832574145136	0.00156942335772
1.68824281955	1.68824281955	0.981928000261	1.45243068427	1.45243068427	0.832574145136	0.00156942335772
1.68824281955	1.68824281955	0.760609909469	1.45243068427	1.45243068427	0.832574145136	0.00156942335772
1.68824281955	1.68824281955	0.723312327493	1.45243068427	1.45243068427	0.833412985823	0.00156942335772
1.68824281955	1.68824281955	0.681697477073	1.39041466248	1.39041466248	0.833412985823	0.00156942335772
2.05881753244	2.05881753244	0.539340528915	1.4639088773	1.4639088773	0.833412985823	0.00156942335772
2.05881753244	2.05881753244	0.494576670265	1.50407453819	1.50407453819	0.833412985823	0.00156942335772
2.05881753244	2.05881753244	0.486085025595	1.56497247766	1.56497247766	0.833412985823	0.00156942335772
1.66213903205	1.66213903205	0.483974310026	1.56497247766	1.56497247766	0.833412985823	0.000174820323218
1.66213903205	1.66213903205	0.456052144103	1.56497247766	1.56497247766	0.833412985823	0.000174820323218
1.90501593431	1.90501593431	0.436733543431	1.5406911569	1.5406911569	0.833412985823	0.000174820323218
1.90501593431	1.90501593431	0.447903460478	1.43607573077	1.43607573077	0.833412985823	0.000174820323218
1.90501593431	1.90501593431	0.46378705033	1.44988986351	1.44988986351	0.833412985823	0.000174820323218
1.90501593431	1.90501593431	0.468004057152	1.44988986351	1.44988986351	0.844599590766	0.000174820323218
1.90501593431	1.90501593431	0.468004057152	1.09027439407	1.09027439407	0.841574370837	0.000174820323218
1.60107350021	1.60107350021	0.468004057152	1.39743123661	1.39743123661	0.841574370837	0.000174820323218
1.71036469786	1.71036469786	0.452525048091	1.39743123661	1.39743123661	0.841574370837	0.000174820323218
1.71036469786	1.71036469786	0.471181295217	1.39743123661	1.39743123661	0.854788560128	0.000174820323218
1.71036469786	1.71036469786	0.473817185689	1.38744939624	1.38744939624	0.854788560128	0.000748177250689
1.71036469786	1.71036469786	0.415975183364	1.42827473284	1.42827473284	0.854788560128	0.000748177250689
1.71036469786	1.71036469786	0.39438797471	1.42827473284	1.42827473284	0.854788560128	0.000748177250689
1.71036469786	1.71036469786	0.49672315667	1.33401396313	1.33401396313	0.90588505384	0.00123671357203
1.71036469786	1.71036469786	0.284223819091	1.33401396313	1.33401396313	0.877453176766	0.00123671357203
0.963248730759	0.963248730759	0.343365457523	1.46394105294	1.46394105294	0.761376418438	0.00123671357203
1.1392105284	1.1392105284	0.0741740556164	1.46394105294	1.46394105294	0.770871452503	0.00123671357203
1.1392105284	1.1392105284	0.26304664032	1.34103346871	1.34103346871	0.796325120236	0.00229801778296
1.1392105284	1.1392105284	0.140080543998	1.34103346871	1.34103346871	0.790086566127	0.00162548392009
1.43926361569	1.43926361569	0.318727290511	1.55017602998	1.55017602998	0.693968501712	0.00236627139051
1.56734736161	1.56734736161	0.183208362185	1.55017602998	1.55017602998	0.588907522572	0.00236627139051
1.35451645661	1.35451645661	0.241225117957	1.44200975516	1.44200975516	0.570604412719	0.000299136191763
1.35451645661	1.35451645661	0.202052366451	1.30367234115	1.30367234115	0.570604412719	0.00228151708628
1.35451645661	1.35451645661	0.131047553477	1.32125260431	1.32125260431	0.570604412719	0.00228151708628
1.35451645661	1.35451645661	0.113404604728	1.32125260431	1.32125260431	0.580881159274	0.000319214993443
1.35451645661	1.35451645661	0.113404604728	1.32125260431	1.32125260431	0.572821008733	0.000319214993443
1.35451645661	1.35451645661	0.152204669721	1.30252963856	1.30252963856	0.596247784004	0.000319214993443
1.46850611337	1.46850611337	0.152204669721	1.41827417306	1.41827417306	0.592007274895	0.000477325704162
1.46850611337	1.46850611337	0.0854825386835	1.41827417306	1.41827417306	0.592007274895	0.000477325704162
1.46850611337	1.46850611337	0.0942382257007	1.41827417306	1.41827417306	0.529982251786	0.00109792427204
1.46850611337	1.46850611337	0.0815775529065	1.41827417306	1.41827417306	0.529982251786	0.00109792427204
1.46850611337	1.46850611337	0.0984904095788	1.41827417306	1.41827417306	0.559352032733	0.00109792427204
1.45647665787	1.45647665787	0.0984904095788	1.30893756694	1.30893756694	0.559352032733	0.00109792427204
1.52789140467	1.52789140467	0.0838676391507	1.27934908751	1.27934908751	0.541146314015	0.00109792427204
1.68264605988	1.68264605988	0.0941859974384	1.27934908751	1.27934908751	0.475809185794	0.00183639149576
1.68264605988	1.68264605988	0.0941859974384	1.27934908751	1.27934908751	0.544060559031	0.00179872680376
1.68264605988	1.68264605988	0.0941859974384	1.85257454565	1.85257454565	0.530450129054	0.00103132114063
1.68264605988	1.68264605988	0.0832305180293	1.82116139419	1.82116139419	0.557045752687	0.00156545734498
1.68264605988	1.68264605988	0.0832305180293	1.3677372475	1.3677372475	0.558848283906	0.00156545734498
1.68264605988	1.68264605988	0.088658087446	1.46299565899	1.46299565899	0.60385177819	0.00156545734498
1.19625488541	1.19625488541	0.088658087446	1.46299565899	1.46299565899	0.582326809728	0.0023733254926
1.56101367571	1.56101367571	0.08871036303	1.46299565899	1.46299565899	0.482163177165	0.00104333375977
1.70614347938	1.70614347938	0.0955264810968	1.46299565899	1.46299565899	0.448494196639	0.00182791644885
1.70614347938	1.70614347938	0.0955264810968	1.47664734564	1.47664734564	0.409479579601	0.00182791644885
1.70614347938	1.70614347938	0.0850778677115	1.47664734564	1.47664734564	0.325581850944	0.00182791644885
1.27608298931	1.27608298931	0.0983819585701	1.40803631009	1.40803631009	0.325581850944	0.00182791644885
1.29889354026	1.29889354026	0.0983819585701	1.40803631009	1.40803631009	0.306996712791	0.00182791644885
1.33619063655	1.33619063655	0.0983819585701	1.40803631009	1.40803631009	0.307715458674	0.00182791644885
1.33619063655	1.33619063655	0.124497601079	1.40803631009	1.40803631009	0.317244389336	0.000753452130669
1.33619063655	1.33619063655	0.0859637812108	1.40803631009	1.40803631009	0.331845665364	0.000753452130669
1.33619063655	1.33619063655	0.0940511418292	1.40803631009	1.40803631009	0.266758975343	0.000753452130669
1.33619063655	1.33619063655	0.0778054401673	1.54258204697	1.54258204697	0.226065244742	0.000753452130669
1.33619063655	1.33619063655	0.0778054401673	1.54258204697	1.54258204697	0.05311749366	0.000753452130669
1.33619063655	1.33619063655	0.0778054401673	1.54258204697	1.54258204697	0.150695724538	0.000753452130669
1.33619063655	1.33619063655	0.0734158366774	1.48135255785	1.48135255785	0.0724177916681	0.000753452130669
1.33619063655	1.33619063655	0.110145675013	1.48135255785	1.48135255785	0.101395979406	0.00337980761092
1.33619063655	1.33619063655	0.0846838230109	1.42830963335	1.42830963335	0.101395979406	0.00153275297925
1.33619063655	1.33619063655	0.0846838230109	1.53323255844	1.53323255844	0.101395979406	0.00153275297925
1.33619063655	1.33619063655	0.0854907417311	1.52934909933	1.52934909933	0.0553465305616	0.00153275297925
1.41446577296	1.41446577296	0.0523128153954	1.52934909933	1.52934909933	0.0558251175719	0.000465516589121
1.41446577296	1.41446577296	0.0922984627491	1.52934909933	1.52934909933	0.0521055059268	0.000465516589121
1.41446577296	1.41446577296	0.0854746934575	1.67144451152	1.67144451152	0.0586169196963	0.000465516589121
1.41446577296	1.41446577296	0.0793837312007	1.75533270055	1.75533270055	0.0165194050646	0.00160824113367
1.41446577296	1.41446577296	0.0955370470642	1.70779844634	1.70779844634	0.0739311279076	0.00160824113367
1.33616194635	1.33616194635	0.091891013802	1.50918303566	1.50918303566	0.0551639899374	0.00160824113367
1.33616194635	1.33616194635	0.0867765675933	1.50918303566	1.50918303566	0.0752742625277	0.00160824113367
1.33616194635	1.33616194635	0.085450637378	1.66578218618	1.66578218618	0.0706202579437	0.0024559910697
1.33616194635	1.33616194635	0.0958874218979	1.66578218618	1.66578218618	0.0691475193672	0.00214844321173
1.33616194635	1.33616194635	0.0958874218979	1.66578218618	1.66578218618	0.0691475193672	0.00214844321173
1.33616194635	1.33616194635	0.0958874218979	1.66578218618	1.66578218618	0.0680828649582	0.00214844321173
1.42086792341	1.42086792341	0.0958874218979	1.66578218618	1.66578218618	0.0570114881045	0.00214844321173
1.42086792341	1.42086792341	0.0826073292415	1.66578218618	1.66578218618	0.0570114881045	0.00210882382382
1.42086792341	1.42086792341	0.0829269393475	1.79776410148	1.79776410148	0.0571585509646	0.00211447161919
1.42086792341	1.42086792341	0.103109374651	1.79776410148	1.79776410148	0.0571585509646	0.00309254002824
1.42086792341	1.42086792341	0.102163010517	1.79776410148	1.79776410148	0.0571585509646	0.00370017189672
1.36345461684	1.36345461684	0.093352826338	1.79776410148	1.79776410148	0.0571585509646	0.00370017189672
1.36345461684	1.36345461684	0.0848211961704	1.78555604296	1.78555604296	0.0456524901702	0.00370017189672
1.36345461684	1.36345461684	0.0848211961704	1.78555604296	1.78555604296	0.0537064975432	0.00817958636026
1.36345461684	1.36345461684	0.0848211961704	1.75309145019	1.75309145019	0.0537064975432	0.00689807508234
1.36345461684	1.36345461684	0.0848211961704	1.67841986363	1.67841986363	0.0586741667202	0.00853070140737
1.36345461684	1.36345461684	0.0845340213761	1.67841986363	1.67841986363	0.0586741667202	0.00757636578679
1.36345461684	1.36345461684	0.0845340213761	1.67841986363	1.67841986363	0.0586741667202	0.00532147731024
1.31648085308	1.31648085308	0.0835928625101	1.89695338137	1.89695338137	0.0586741667202	9.61723950427e-05
1.31648085308	1.31648085308	0.0854161640867	1.80449221368	1.80449221368	0.0586741667202	0.00859608952691
1.3241778757	1.3241778757	0.0854161640867	1.71957479242	1.71957479242	0.0586741667202	0.00426771219624
1.3241778757	1.3241778757	0.0854161640867	1.71957479242	1.71957479242	0.0586741667202	0.00426771219624
1.31232109032	1.31232109032	0.0885616413818	1.77321067997	1.77321067997	0.0586741667202	0.00460467464141
1.31232109032	1.31232109032	0.0858808228042	1.67680921821	1.67680921821	0.0586741667202	0.00240914480541
1.33684213281	1.33684213281	0.0858808228042	1.73535333206	1.73535333206	0.0586741667202	0.00240914480541
1.33684213281	1.33684213281	0.0858808228042	2.09988214804	2.09988214804	0.0586741667202	0.00268713919672
1.3202829858	1.3202829858	0.0858808228042	1.68397257656	1.68397257656	0.0586741667202	0.00268713919672
1.3202829858	1.3202829858	0.0858808228042	1.68397257656	1.68397257656	0.0586741667202	0.00185839455255
1.3202829858	1.3202829858	0.0858808228042	1.68397257656	1.68397257656	0.0586741667202	0.00506469991092
1.3202829858	1.3202829858	0.0858808228042	1.68397257656	1.68397257656	0.0586741667202	0.00292810468673
1.3202829858	1.3202829858	0.0858808228042	1.62316406547	1.62316406547	0.0586741667202	0.000987172085779
1.3202829858	1.3202829858	0.0858808228042	1.62316406547	1.62316406547	0.0586741667202	0.000987172085779
1.3202829858	1.3202829858	0.0842085657317	1.69192976079	1.69192976079	0.0586741667202	0.00302692697948
1.3202829858	1.3202829858	0.0818529758161	1.69192976079	1.69192976079	0.0586741667202	0.00389161674865
1.3202829858	1.3202829858	0.0818529758161	1.72342955209	1.72342955209	0.0586741667202	0.00389161674865
1.25998016012	1.25998016012	0.0940155441179	1.64495895682	1.64495895682	0.0586741667202	0.00322255333178
1.25998016012	1.25998016012	0.07445775766	1.64495895682	1.64495895682	0.0586741667202	0.00441865399764
1.25998016012	1.25998016012	0.07445775766	1.64495895682	1.64495895682	0.0586741667202	0.000769611330885
1.25998016012	1.25998016012	0.07445775766	1.64495895682	1.64495895682	0.0586741667202	0.000769611330885
1.25998016012	1.25998016012	0.07445775766	1.89384525051	1.89384525051	0.0586741667202	0.00272867035769
1.25998016012	1.25998016012	0.07445775766	1.74980417309	1.74980417309	0.0581038261085	0.00665923608334
1.31835671977	1.31835671977	0.0808871492042	1.89487040712	1.89487040712	0.0553839253348	0.00713788732172
1.32287244765	1.32287244765	0.0808871492042	1.89487040712	1.89487040712	0.0553839253348	0.00769372716655
1.32287244765	1.32287244765	0.0808871492042	1.53928232475	1.53928232475	0.0544375635702	0.00289519066114
1.32287244765	1.32287244765	0.0808871492042	1.81011234912	1.81011234912	0.0602345758506	0.00905784123736
1.32287244765	1.32287244765	0.0808871492042	1.77074284009	1.77074284009	0.0602345758506	0.000699970328615
1.32287244765	1.32287244765	0.0808871492042	1.77074284009	1.77074284009	0.0602345758506	0.0187487142333
1.29736146732	1.29736146732	0.0913524876683	1.77074284009	1.77074284009	0.0602345758506	0.00261809951783
1.25805557773	1.25805557773	0.0932953963468	1.77074284009	1.77074284009	0.0602345758506	0.00902422879361
1.25805557773	1.25805557773	0.0941979218115	1.57653949233	1.57653949233	0.0602345758506	0.00337849519106
1.31807170841	1.31807170841	0.0941979218115	1.68699867393	1.68699867393	0.0602345758506	0.00829371402325
1.31807170841	1.31807170841	0.0941979218115	1.68699867393	1.68699867393	0.0602345758506	0.00555968548022
1.18976376064	1.18976376064	0.0924784158554	1.68699867393	1.68699867393	0.0542978016821	0.000331795087221
1.33619581743	1.33619581743	0.0825119339991	1.68699867393	1.68699867393	0.0542978016821	0.00112749140475
1.36496760682	1.36496760682	0.0888253216587	1.68699867393	1.68699867393	0.0659213614272	0.00731221157581
1.36496760682	1.36496760682	0.0888253216587	1.68114365707	1.68114365707	0.0672065424325	0.00731221157581
1.37766298716	1.37766298716	0.0918341541147	1.76447835378	1.76447835378	0.0641362190844	0.00731221157581
1.22401499237	1.22401499237	0.0918341541147	1.76447835378	1.76447835378	0.0641362190844	0.0102419234104
1.23934628725	1.23934628725	0.0880374142403	1.76447835378	1.76447835378	0.0567436104501	0.0101478953091
1.23934628725	1.23934628725	0.0880374142403	1.85171530165	1.85171530165	0.0567436104501	0.00664419495479
1.23934628725	1.23934628725	0.0880374142403	1.88244595127	1.88244595127	0.0591237235703	0.0072285987749
1.23934628725	1.23934628725	0.0880374142403	1.88244595127	1.88244595127	0.0591237235703	0.00635705243735
1.2263298008	1.2263298008	0.0880374142403	1.88244595127	1.88244595127	0.0647658751187	0.000896926992066
1.2263298008	1.2263298008	0.0880374142403	1.83592721862	1.83592721862	0.0725160941861	0.000896926992066
1.2263298008	1.2263298008	0.0880374142403	2.00601794135	2.00601794135	0.0610827147232	0.00903879059007
1.2263298008	1.2263298008	0.0892835410164	1.79749853504	1.79749853504	0.0610827147232	0.00722741243701
1.2263298008	1.2263298008	0.0915438469133	1.76200854322	1.76200854322	0.0560650811633	0.00602522245085
1.2263298008	1.2263298008	0.0915438469133	1.87687211106	1.87687211106	0.0560650811633	0.00351948382292
1.2263298008	1.2263298008	0.0859786688873	1.65314765884	1.65314765884	0.0598078375033	0.00611636630985
1.2263298008	1.2263298008	0.0887555401341	1.65314765884	1.65314765884	0.0598078375033	0.00611636630985
1.2263298008	1.2263298008	0.0874660792421	1.69242858162	1.69242858162	0.0598078375033	0.00632991828363
1.2263298008	1.2263298008	0.0874660792421	1.79265509594	1.79265509594	0.0598078375033	0.00529287954501
1.2263298008	1.2263298008	0.0874660792421	1.79265509594	1.79265509594	0.0598078375033	0.00529287954501
1.2263298008	1.2263298008	0.0874660792421	1.69407311935	1.69407311935	0.0529576961704	0.00529287954501
1.2263298008	1.2263298008	0.0786976243122	1.77918464651	1.77918464651	0.0529576961704	0.00508856438204
1.2263298008	1.2263298008	0.0814844188315	1.77918464651	1.77918464651	0.0529576961704	0.00454795530252
1.2263298008	1.2263298008	0.095022649167	1.75119248275	1.75119248275	0.0636947353404	0.00184312824484
1.2263298008	1.2263298008	0.0824015542221	1.75119248275	1.75119248275	0.0636947353404	0.0128208078214
1.2263298008	1.2263298008	0.0767935569738	1.75119248275	1.75119248275	0.061318930423	0.0118734081641
1.2263298008	1.2263298008	0.0882666492257	1.78682788659	1.78682788659	0.0537314830107	0.00111364270853
1.2263298008	1.2263298008	0.0921331282151	1.77872056883	1.77872056883	0.0537314830107	0.00877167094822
1.2263298008	1.2263298008	0.091520940215	1.77872056883	1.77872056883	0.0571140674897	0.00508746475688
1.2263298008	1.2263298008	0.0796284341169	1.77872056883	1.77872056883	0.0571140674897	0.00389452545317
1.2263298008	1.2263298008	0.0829132890688	1.70317068657	1.70317068657	0.0571140674897	0.0112150020379
1.2263298008	1.2263298008	0.0859228848896	1.70317068657	1.70317068657	0.0571140674897	0.00879895347622
1.29847442143	1.29847442143	0.0902190685266	1.70317068657	1.70317068657	0.0571140674897	0.00211709928264
1.29847442143	1.29847442143	0.0902190685266	1.70317068657	1.70317068657	0.0571140674897	0.00222732204287
1.21399076435	1.21399076435	0.0902190685266	1.70317068657	1.70317068657	0.0571140674897	0.00317900097876
1.21399076435	1.21399076435	0.0902190685266	1.6867416733	1.6867416733	0.0570807738969	0.00284801995037
1.21905824688	1.21905824688	0.0902190685266	1.75668558	1.75668558	0.0578257186295	0.0106424441224
1.21905824688	1.21905824688	0.0902190685266	1.69293702337	1.69293702337	0.0578257186295	0.00336970400192
1.21905824688	1.21905824688	0.0906680271678	1.79295907567	1.79295907567	0.0477546642087	0.00336970400192
1.21905824688	1.21905824688	0.0906680271678	1.79295907567	1.79295907567	0.0492866902559	0.00483946121883
1.21905824688	1.21905824688	0.0906680271678	1.92350138217	1.92350138217	0.0680369153464	0.00483946121883
1.21905824688	1.21905824688	0.0906680271678	1.92350138217	1.92350138217	0.0404510693158	0.00483946121883
1.21905824688	1.21905824688	0.0906680271678	1.76475604691	1.76475604691	0.0643629877671	0.000397370946076
1.21905824688	1.21905824688	0.0906680271678	1.76475604691	1.76475604691	0.0611877621917	0.005034610405
1.17104853254	1.17104853254	0.0906680271678	1.76797150373	1.76797150373	0.0611877621917	0.00618471857824
1.17104853254	1.17104853254	0.0906680271678	1.76797150373	1.76797150373	0.0611877621917	0.00436786313567
1.17104853254	1.17104853254	0.0922482215012	1.76797150373	1.76797150373	0.0611877621917	0.011060216318
1.17104853254	1.17104853254	0.0922482215012	1.76797150373	1.76797150373	0.0633181171458	0.0156132745181
1.17104853254	1.17104853254	0.0755677055401	1.76797150373	1.76797150373	0.0633181171458	0.00220313082138
1.17104853254	1.17104853254	0.0755677055401	1.77023650168	1.77023650168	0.0633181171458	0.00622339645369
1.28833748076	1.28833748076	0.0781280664879	1.77023650168	1.77023650168	0.0633181171458	0.040640879616
1.28833748076	1.28833748076	0.0797203514853	1.77023650168	1.77023650168	0.0633181171458	0.00245113895423
1.30975711066	1.30975711066	0.111091155893	1.77023650168	1.77023650168	0.059714169068	0.00973608775842
1.30975711066	1.30975711066	0.0935612588022	1.79331632376	1.79331632376	0.0598835666107	0.00204124391031
1.30975711066	1.30975711066	0.0935612588022	1.79331632376	1.79331632376	0.0606597332502	0.00188993032163
1.11118368813	1.11118368813	0.0935612588022	1.79331632376	1.79331632376	0.0629294839511	0.00392999571441
1.11118368813	1.11118368813	0.0935612588022	1.79331632376	1.79331632376	0.0629294839511	0.0152088392315
1.11118368813	1.11118368813	0.0935612588022	1.64281978899	1.64281978899	0.056983840258	0.00593205474086
1.11118368813	1.11118368813	0.0879206693122	1.96879228147	1.96879228147	0.056983840258	0.0099720574496
1.11118368813	1.11118368813	0.0873056568099	2.16545464445	2.16545464445	0.0558687170962	0.0130609599387
1.11118368813	1.11118368813	0.0873056568099	2.16545464445	2.16545464445	0.0612595494762	0.0113282209971
1.11118368813	1.11118368813	0.0860486726998	1.7307170128	1.7307170128	0.0577960118014	0.00747900815328
1.46671806154	1.46671806154	0.0860486726998	1.88770476871	1.88770476871	0.0577960118014	0.0142788055831
1.15183534009	1.15183534009	0.0860486726998	1.71172445477	1.71172445477	0.0577960118014	0.00426589467271
1.15183534009	1.15183534009	0.0860486726998	2.27315511404	2.27315511404	0.0577960118014	0.00458708116845
1.15183534009	1.15183534009	0.0860486726998	1.93781924566	1.93781924566	0.0577960118014	0.00129437644511
1.28728035306	1.28728035306	0.0860486726998	1.93781924566	1.93781924566	0.0577960118014	0.00356841814926
1.30449840504	1.30449840504	0.0797524329554	1.9005601135	1.9005601135	0.0577960118014	0.00222448661599
1.30449840504	1.30449840504	0.093043714617	1.9005601135	1.9005601135	0.0577960118014	0.00511372680698
1.16928192412	1.16928192412	0.0902616737834	1.89035349876	1.89035349876	0.0577960118014	0.00768203507627
1.16928192412	1.16928192412	0.0902616737834	1.89035349876	1.89035349876	0.0577960118014	0.00456866844593
1.10861618688	1.10861618688	0.0790453144619	1.89035349876	1.89035349876	0.0577960118014	0.00333050636116
1.18531262632	1.18531262632	0.0790453144619	1.89035349876	1.89035349876	0.0582591943642	0.00705414399451
1.36344073967	1.36344073967	0.0790453144619	1.81940095623	1.81940095623	0.055498926435	0.00858895663444
1.26649502868	1.26649502868	0.081326379549	1.94354927756	1.94354927756	0.055498926435	0.00344961056819
1.26649502868	1.26649502868	0.0786370992038	1.78084031883	1.78084031883	0.055498926435	0.0041670519089
1.26649502868	1.26649502868	0.0786370992038	1.78084031883	1.78084031883	0.0572528468766	0.007435213615
1.26296237534	1.26296237534	0.0654194491104	1.61659678622	1.61659678622	0.0454448057902	0.00304360437321
1.24469937694	1.24469937694	0.103933187683	1.61659678622	1.61659678622	0.0706035470777	0.0101759896463
1.24469937694	1.24469937694	0.0784842462778	1.85183357954	1.85183357954	0.0638995297754	0.0101759896463
1.16613534529	1.16613534529	0.0818069392927	1.76980532211	1.76980532211	0.0590688043247	0.0050467963156
1.08687902362	1.08687902362	0.0818069392927	1.81943647763	1.81943647763	0.0583568867419	0.00655927515163
1.50132463744	1.50132463744	0.0818069392927	1.90918074561	1.90918074561	0.0583568867419	0.0222156635406
0.894967827977	0.894967827977	0.0818069392927	1.90682230238	1.90682230238	0.0583568867419	0.0162709062503
1.48227810692	1.48227810692	0.0801484505094	1.77957941814	1.77957941814	0.0493213164417	0.00789518580067
1.48227810692	1.48227810692	0.0801484505094	1.92304496933	1.92304496933	0.0587476371359	0.0118370124484
1.34467861932	1.34467861932	0.0801484505094	1.92304496933	1.92304496933	0.0511811111296	0.00577984756137
1.31152000963	1.31152000963	0.0801484505094	1.92304496933	1.92304496933	0.0511811111296	0.010147413808
1.31152000963	1.31152000963	0.0801484505094	1.92304496933	1.92304496933	0.0558952016794	0.0033336616125
1.31152000963	1.31152000963	0.0891784891262	1.92304496933	1.92304496933	0.0558952016794	0.00984086151814
1.18849048074	1.18849048074	0.0787505054083	1.98288856904	1.98288856904	0.0558952016794	0.00194412394252
1.34720799517	1.34720799517	0.0888066213932	1.90917317975	1.90917317975	0.0576193368151	0.00209397190989
1.15189560027	1.15189560027	0.0769970768577	1.90917317975	1.90917317975	0.053273255652	0.017161282272
1.27454398662	1.27454398662	0.0752659829105	1.80612342882	1.80612342882	0.053273255652	0.021070862608
1.25917630832	1.25917630832	0.0771921648557	1.79632362468	1.79632362468	0.053273255652	0.00288426142075
1.20745771634	1.20745771634	0.0679448176765	1.79632362468	1.79632362468	0.053273255652	0.0256956635714
1.54869276388	1.54869276388	0.100960220879	1.5700990858	1.5700990858	0.053273255652	0.00413944449851
1.20468281016	1.20468281016	0.0977765726091	1.60775809782	1.60775809782	0.053273255652	0.0140923050095
1.45806422703	1.45806422703	0.089724426237	1.60775809782	1.60775809782	0.0531333968315	0.00296432324255
1.40221873566	1.40221873566	0.0989986877692	1.46750294608	1.46750294608	0.0531333968315	0.00182411969662
1.45664090589	1.45664090589	0.0733711274174	1.46750294608	1.46750294608	0.0531333968315	0.0160040483899
1.208090985	1.208090985	0.0748977052213	1.92621474518	1.92621474518	0.0531333968315	0.00475054223928
1.4243205258	1.4243205258	0.0954482092229	1.92621474518	1.92621474518	0.0531333968315	0.00717481146171
1.4243205258	1.4243205258	0.0536060525386	1.92621474518	1.92621474518	0.0531333968315	0.0124070020039
1.4243205258	1.4243205258	0.112235630136	1.92621474518	1.92621474518	0.0521468933259	0.00919222205618
1.4243205258	1.4243205258	0.0447253982438	1.92621474518	1.92621474518	0.0521468933259	0.0196651409854
1.38489412226	1.38489412226	0.0439527278524	1.92621474518	1.92621474518	0.050256825414	0.0145864668356
1.38489412226	1.38489412226	0.071896324718	1.92621474518	1.92621474518	0.0519344072197	0.000701124204995
1.38489412226	1.38489412226	0.071896324718	1.96711246243	1.96711246243	0.0528435454722	0.0138128460621
1.25938086972	1.25938086972	0.0763054792941	1.86386822337	1.86386822337	0.0528435454722	0.0102415464669
1.61960623443	1.61960623443	0.0763054792941	1.86386822337	1.86386822337	0.0528435454722	0.00133765372296
1.52863238063	1.52863238063	0.0801652438955	1.86386822337	1.86386822337	0.0528435454722	0.00133765372296
1.44915915817	1.44915915817	0.0762803502155	1.86386822337	1.86386822337	0.0528435454722	0.00640203824257
1.44915915817	1.44915915817	0.0762803502155	1.86386822337	1.86386822337	0.049236403893	0.00206237462169
1.41410097018	1.41410097018	0.0670800878908	1.86386822337	1.86386822337	0.0517142523294	1.36139407371e-05
1.34883355556	1.34883355556	0.0812554498692	1.86386822337	1.86386822337	0.0561602627385	0.0117224762587
1.14308114656	1.14308114656	0.0905485089868	1.77900020183	1.77900020183	0.0555383761041	0.00559236251871
1.46865495386	1.46865495386	0.0707788815166	1.87535377003	1.87535377003	0.0555383761041	4.49290487377e-05
1.2316633254	1.2316633254	0.0707788815166	1.87535377003	1.87535377003	0.0555383761041	0.00360570800563
1.25820583183	1.25820583183	0.0794741429244	1.87535377003	1.87535377003	0.0555383761041	0.00733963391595
1.83840595598	1.83840595598	0.0794741429244	1.72159681681	1.72159681681	0.0554688132233	0.00465363045451
1.70921681885	1.70921681885	0.0794741429244	1.80588772906	1.80588772906	0.0702417640446	0.00241886984443
1.42658717904	1.42658717904	0.0794741429244	1.81284517301	1.81284517301	0.0702417640446	0.00516899646274
1.42658717904	1.42658717904	0.0794741429244	1.76186481403	1.76186481403	0.0625678877997	0.0137429872172
1.40404984253	1.40404984253	0.0788444656988	1.76186481403	1.76186481403	0.0625678877997	0.0133627909376
1.40404984253	1.40404984253	0.0753764562345	1.65704750942	1.65704750942	0.0625678877997	0.012568808294
1.38248369631	1.38248369631	0.0753764562345	1.91999833745	1.91999833745	0.0540421143944	0.0192292911788
1.46329892868	1.46329892868	0.069719432917	1.66018249578	1.66018249578	0.0645999077822	0.00971349576538
1.51792237332	1.51792237332	0.0832282886777	2.37213858872	2.37213858872	0.0566806566279	0.00336643906085
1.39382885406	1.39382885406	0.0832282886777	1.95423652371	1.95423652371	0.0566806566279	0.00839491461223
1.37205900663	1.37205900663	0.0832282886777	1.82998800396	1.82998800396	0.0566806566279	0.000795107513657
1.37205900663	1.37205900663	0.0832282886777	1.8242404065	1.8242404065	0.0566806566279	0.00504245980993
1.44977540917	1.44977540917	0.0777710486749	1.53935957968	1.53935957968	0.0562642312496	0.000682366583954
1.40488258221	1.40488258221	0.0801571250397	1.53507390647	1.53507390647	0.0562642312496	0.00768994294729
1.40488258221	1.40488258221	0.0849016642876	1.72490031803	1.72490031803	0.0562642312496	0.0174702894395
1.27797433251	1.27797433251	0.0849016642876	1.65979306033	1.65979306033	0.0558523406491	0.0256822232104
1.27797433251	1.27797433251	0.0822499530912	1.70060321811	1.70060321811	0.0558523406491	0.0365953388929
1.38727618136	1.38727618136	0.0822499530912	1.70060321811	1.70060321811	0.0558523406491	0.00991763780134
1.30234314344	1.30234314344	0.0813748868771	1.52006729011	1.52006729011	0.0575693714747	0.0129516760977
1.30234314344	1.30234314344	0.0813748868771	1.79818847787	1.79818847787	0.0592848116221	0.0276076870089
1.30234314344	1.30234314344	0.0809060146963	1.61664957664	1.61664957664	0.0551121675665	0.0186739293586
1.54254721473	1.54254721473	0.0809060146963	1.61664957664	1.61664957664	0.0593240395859	0.0192624929012
1.39847785934	1.39847785934	0.0809060146963	1.61664957664	1.61664957664	0.0593240395859	0.00523632459468
1.3690373627	1.3690373627	0.0809060146963	1.61664957664	1.61664957664	0.0527182002901	0.0041398782879
1.3690373627	1.3690373627	0.0809060146963	1.56808663137	1.56808663137	0.0527182002901	0.0103259428834
1.3690373627	1.3690373627	0.0836363702464	1.68503090643	1.68503090643	0.0527182002901	0.0101401996791
1.57778393893	1.57778393893	0.0836363702464	1.68503090643	1.68503090643	0.0534138015703	0.0143690687915
1.79164909291	1.79164909291	0.0695216477549	1.63829101383	1.63829101383	0.0531269548015	0.0129085657711
1.55236385592	1.55236385592	0.0867713202933	1.67086794047	1.67086794047	0.0626285283388	0.00620299666136
1.73167266622	1.73167266622	0.0800754559298	1.48545445746	1.48545445746	0.0524212348252	0.00620299666136
1.3372876339	1.3372876339	0.0800754559298	1.48545445746	1.48545445746	0.0570050052676	0.00382815880564
1.37988102912	1.37988102912	0.0800754559298	1.21581955412	1.21581955412	0.0570050052676	0.00427910997414
1.68878148744	1.68878148744	0.0800754559298	1.83074163077	1.83074163077	0.0642698514813	0.00307587124337
1.69918669111	1.69918669111	0.0800754559298	2.01800586538	2.01800586538	0.0552654562211	0.010537724833
1.69918669111	1.69918669111	0.0800754559298	1.36453078337	1.36453078337	0.0466829668507	0.0169602796788
1.36459448129	1.36459448129	0.092707464166	1.60706334759	1.60706334759	0.0535390842915	0.00282516892582
1.77011944772	1.77011944772	0.0693161393539	1.79746354596	1.79746354596	0.0524805314599	0.0386402504579
1.661088052	1.661088052	0.0690597530304	1.81702850898	1.81702850898	0.0657307676981	0.00293493563137
1.41928707721	1.41928707721	0.0690597530304	1.58686415242	1.58686415242	0.053050732186	0.0157628398973
1.7311769127	1.7311769127	0.0690597530304	1.76811796979	1.76811796979	0.053050732186	0.0155678510369
1.44523736887	1.44523736887	0.0921242334718	1.36811425426	1.36811425426	0.053050732186	0.0232315066558
1.56758008145	1.56758008145	0.0820938902844	1.36811425426	1.36811425426	0.0531501073878	0.0202179062336
1.55758192106	1.55758192106	0.0820938902844	1.75752333703	1.75752333703	0.0548483566488	0.0259791397157
1.66139916062	1.66139916062	0.0820938902844	2.19503999802	2.19503999802	0.0548483566488	0.017336765663
1.66139916062	1.66139916062	0.0820938902844	1.615788933	1.615788933	0.0548483566488	0.00758690404596
1.6149378271	1.6149378271	0.0820938902844	1.4924000727	1.4924000727	0.0631643415022	0.00246171323486
1.3865348573	1.3865348573	0.0820938902844	1.26490849237	1.26490849237	0.0631643415022	0.00554336130304
1.98573648501	1.98573648501	0.0820938902844	0.80725958264	0.80725958264	0.0631643415022	0.00120329574917
1.46243575756	1.46243575756	0.0820938902844	1.37554901827	1.37554901827	0.0479698934824	0.00103212778663
1.36528960418	1.36528960418	0.0820938902844	2.16196539343	2.16196539343	0.0634070067288	0.00395176179226
1.36685657483	1.36685657483	0.0820938902844	1.65862514499	1.65862514499	0.0498634023153	0.0178851134083
1.51579988376	1.51579988376	0.0820938902844	1.32109968146	1.32109968146	0.0613163866314	3.42854449709e-06
1.84607487119	1.84607487119	0.0851096660218	1.50241037421	1.50241037421	0.0613163866314	0.0165953023342
1.44756161827	1.44756161827	0.0801078372871	1.62324489943	1.62324489943	0.0572011101792	0.00701077274887
1.44756161827	1.44756161827	0.0801078372871	1.10260264574	1.10260264574	0.0570991919271	0.00427102076173
1.7406983943	1.7406983943	0.0782092545592	2.21518423858	2.21518423858	0.0623656108986	0.00618738954588
1.59986701413	1.59986701413	0.0782092545592	1.71817293729	1.71817293729	0.0623656108986	0.00583821489048
1.56912055836	1.56912055836	0.0818572209867	1.98048947485	1.98048947485	0.0623656108986	0.00833723435096
1.53382722587	1.53382722587	0.0781688730191	1.49193227853	1.49193227853	0.0622445845394	4.13423166219e-05
1.15003835652	1.15003835652	0.0767177616294	1.68813426202	1.68813426202	0.0675399419575	0.00600701637971
1.91050638399	1.91050638399	0.0767177616294	1.46337427561	1.46337427561	0.0621505892492	0.00618769707683
1.93992178212	1.93992178212	0.0767177616294	1.6179637852	1.6179637852	0.0615969874506	0.00230765626274
1.19241186268	1.19241186268	0.0723486726859	1.6179637852	1.6179637852	0.0669053122548	0.0091639326565
1.49977684076	1.49977684076	0.0723486726859	1.53694107184	1.53694107184	0.0666744525405	0.00762095231866
1.41621170045	1.41621170045	0.0723486726859	1.53694107184	1.53694107184	0.0668589357838	0.00547966224244
1.23626017774	1.23626017774	0.0723486726859	2.02442093016	2.02442093016	0.0556107117193	0.00140832050406
1.62253571845	1.62253571845	0.0723486726859	1.74488123472	1.74488123472	0.0556107117193	0.000418794123294
1.69681270741	1.69681270741	0.0723486726859	1.80271875374	1.80271875374	0.0556107117193	0.00947534115866
1.56058850399	1.56058850399	0.0839655409229	1.52435615267	1.52435615267	0.0556107117193	0.00742266342985
1.67602464878	1.67602464878	0.0800655879032	1.59233124174	1.59233124174	0.0556107117193	0.00436855376458
1.77619540308	1.77619540308	0.0800655879032	1.64546685189	1.64546685189	0.0556107117193	0.00400672387203
1.57235062779	1.57235062779	0.0800655879032	1.64546685189	1.64546685189	0.0556107117193	0.0104105899531
1.55875985794	1.55875985794	0.0800655879032	1.77494667307	1.77494667307	0.0556107117193	0.00440106920149
1.55875985794	1.55875985794	0.0800655879032	1.57129723145	1.57129723145	0.0564785344649	0.00505592012181
1.59904878571	1.59904878571	0.0800655879032	1.95424068712	1.95424068712	0.0564785344649	0.000549010300635
1.60603744764	1.60603744764	0.0800655879032	1.83984690745	1.83984690745	0.0564785344649	0.000549010300635
1.60603744764	1.60603744764	0.0800655879032	1.6213270336	1.6213270336	0.0557760107218	0.000549010300635
1.52983304824	1.52983304824	0.0800655879032	1.6213270336	1.6213270336	0.0557760107218	0.00196689690225
1.52983304824	1.52983304824	0.0800655879032	1.84172691876	1.84172691876	0.0559797954961	0.00178091838718
1.70655374815	1.70655374815	0.0800655879032	1.58850561109	1.58850561109	0.0559797954961	0.00982932171241
1.70655374815	1.70655374815	0.0799640113187	1.58917065192	1.58917065192	0.0596930787591	0.00733119150704
1.78255570185	1.78255570185	0.0799640113187	1.79496383805	1.79496383805	0.0532233328108	0.00865713596746
1.85271395414	1.85271395414	0.0799640113187	1.94641631369	1.94641631369	0.0602514084112	0.00846460389547
1.20914191242	1.20914191242	0.0799640113187	1.83390692958	1.83390692958	0.0602514084112	0.00527589067917
1.14906605192	1.14906605192	0.0799640113187	1.57067312723	1.57067312723	0.0619533800404	0.011694231236
1.36664350347	1.36664350347	0.0799640113187	1.86986705727	1.86986705727	0.0619533800404	0.00906553830912
1.43625247996	1.43625247996	0.0799640113187	1.86986705727	1.86986705727	0.0563779384215	0.00806617020719
1.48602627975	1.48602627975	0.0799640113187	1.86986705727	1.86986705727	0.0563779384215	0.00781114661186
1.832679313	1.832679313	0.0799640113187	2.03318274619	2.03318274619	0.0563779384215	0.00781114661186
1.24500656057	1.24500656057	0.0799640113187	2.52824754513	2.52824754513	0.0592562103616	0.012147055942
1.35444028659	1.35444028659	0.0799640113187	1.73144424521	1.73144424521	0.0592562103616	0.012147055942
1.54398841409	1.54398841409	0.0799640113187	1.39798364816	1.39798364816	0.0554492513432	0.00904261642146
1.4350304158	1.4350304158	0.0799640113187	1.488353978	1.488353978	0.0610039920229	0.0121615315894
1.4350304158	1.4350304158	0.0799640113187	1.55938331996	1.55938331996	0.0610039920229	0.00845374239218
1.4350304158	1.4350304158	0.0799722240002	1.59127458262	1.59127458262	0.0564292900275	0.00850081687752
1.49217447301	1.49217447301	0.0799722240002	1.77381159579	1.77381159579	0.0564292900275	0.00878838613676
1.49217447301	1.49217447301	0.0799722240002	1.79943151221	1.79943151221	0.0564292900275	0.00560986496535
1.49217447301	1.49217447301	0.0799722240002	1.85075885174	1.85075885174	0.0564292900275	0.00681001215854
1.78550697986	1.78550697986	0.0799722240002	1.85075885174	1.85075885174	0.0564292900275	0.0133729167754
1.34482620201	1.34482620201	0.0799722240002	1.70711519803	1.70711519803	0.0563022733477	0.0018699372008
1.41966900159	1.41966900159	0.0799722240002	1.62312227007	1.62312227007	0.0563022733477	0.0047688635516
1.5075425369	1.5075425369	0.0799722240002	1.92096838887	1.92096838887	0.0563022733477	0.0047927022592
1.5075425369	1.5075425369	0.0799722240002	1.92096838887	1.92096838887	0.0620293981045	9.72034942123e-05
1.49315325608	1.49315325608	0.0799722240002	1.81143749859	1.81143749859	0.0620293981045	0.0041093816152
1.59578308392	1.59578308392	0.0799722240002	1.49233078368	1.49233078368	0.0588676510151	0.00268347320867
1.36395592243	1.36395592243	0.0799722240002	1.49233078368	1.49233078368	0.0553829136057	0.000523056236459
1.50699579375	1.50699579375	0.0799722240002	1.65006281563	1.65006281563	0.0553829136057	0.00203513552872
1.32374697852	1.32374697852	0.0842279768083	1.60579359281	1.60579359281	0.0553829136057	0.00144278506766
1.46017190871	1.46017190871	0.0842279768083	1.95649814402	1.95649814402	0.0553829136057	0.0119466864295
1.46017190871	1.46017190871	0.0831886569823	1.60447549588	1.60447549588	0.0553829136057	0.00587111279893
1.4785363277	1.4785363277	0.0831886569823	1.93324121118	1.93324121118	0.0553829136057	0.00495763995819
0.8773700163	0.8773700163	0.0832986634216	0.879198714924	0.879198714924	0.056184769222	0.00283730058447
1.59983541774	1.59983541774	0.0706893177118	0.714237528247	0.714237528247	0.0569443957966	0.00649843015447
1.4048245396	1.4048245396	0.0800862700404	1.46202131016	1.46202131016	0.0569443957966	0.00409700755777
1.34958428308	1.34958428308	0.076576801407	0.885776782929	0.885776782929	0.0536348368163	0.00363110176335
1.34958428308	1.34958428308	0.0818863933467	1.61422932839	1.61422932839	0.0536348368163	0.00182231243554
1.07701228411	1.07701228411	0.0555353410955	1.32892974033	1.32892974033	0.0536348368163	0.00766993371894
1.44906324274	1.44906324274	0.0825333307643	2.02692220795	2.02692220795	0.0536348368163	0.0172350387424
1.23562645983	1.23562645983	0.0909871972851	2.56359016976	2.56359016976	0.0762775905157	0.000186341812519
1.98897814489	1.98897814489	0.0872722060145	2.13879727134	2.13879727134	0.0762775905157	0.00895073354243
2.01173057867	2.01173057867	0.0838970318366	2.73006094599	2.73006094599	0.0680622001979	0.00895073354243
2.7255666505	2.7255666505	0.0699869844898	1.90404785281	1.90404785281	0.0680622001979	0.00342311270294
1.27362058767	1.27362058767	0.0699869844898	1.57021768723	1.57021768723	0.0512168436295	0.0082510748042
1.27362058767	1.27362058767	0.0743215312563	1.57021768723	1.57021768723	0.0534817440272	0.00766891513534
1.17788904366	1.17788904366	0.0743215312563	1.57021768723	1.57021768723	0.0487246287874	0.00766891513534
1.32334173096	1.32334173096	0.0765803986672	1.49702301903	1.49702301903	0.0611859809	0.0100068367463
1.32334173096	1.32334173096	0.0765803986672	1.49702301903	1.49702301903	0.0417270942943	0.00974341475495
1.44653026173	1.44653026173	0.080601795707	1.49702301903	1.49702301903	0.0690827448825	0.00846432283852
1.508600705	1.508600705	0.080601795707	1.69734332118	1.69734332118	0.0651821251615	0.00578613465124
1.47930828744	1.47930828744	0.0832978654523	1.71693099667	1.71693099667	0.0438825300253	0.00768689009519
1.5683705068	1.5683705068	0.0832978654523	1.81502950126	1.81502950126	0.0552807936397	0.00718334269817
1.38779259616	1.38779259616	0.070366820462	1.46797037211	1.46797037211	0.0592436340845	0.0134936848297
1.59111485896	1.59111485896	0.070366820462	1.89268474226	1.89268474226	0.0679924974468	0.0155493495829
0.871651708533	0.871651708533	0.070366820462	1.13537113655	1.13537113655	0.0649927180827	0.0200246185325
1.40679355103	1.40679355103	0.070366820462	1.81585370074	1.81585370074	0.0562301986519	0.0162818045078
1.32073646316	1.32073646316	0.070366820462	1.8677395819	1.8677395819	0.0562301986519	0.00943705755794
1.32073646316	1.32073646316	0.0702293720667	1.59540502045	1.59540502045	0.0562301986519	0.00519808314721
1.19025093144	1.19025093144	0.090691075042	1.77383810799	1.77383810799	0.0608581084867	0.00247598615061
1.46861859388	1.46861859388	0.0892677191929	1.77383810799	1.77383810799	0.0608581084867	0.00938934502682
1.35782747484	1.35782747484	0.0639442639258	1.77383810799	1.77383810799	0.0559057476453	0.00775445750164
1.5814127299	1.5814127299	0.0704433626007	1.54103386438	1.54103386438	0.0535934370651	0.00490882518189
1.5814127299	1.5814127299	0.0796111698548	1.55224209053	1.55224209053	0.0680475073524	0.00490882518189
1.56882906492	1.56882906492	0.0796111698548	1.98478881677	1.98478881677	0.0590671697612	0.00051408717792
1.65134980656	1.65134980656	0.0796111698548	2.23573227583	2.23573227583	0.0616252090123	0.00738054946764
1.89636136624	1.89636136624	0.0798041976386	1.57544933578	1.57544933578	0.0587866613057	0.00731781278757
1.00030505874	1.00030505874	0.0798041976386	1.92070763377	1.92070763377	0.0622863582119	0.00731781278757
1.0621493393	1.0621493393	0.0798041976386	1.62024297026	1.62024297026	0.0585301349923	0.0014247973986
2.18676873764	2.18676873764	0.0798041976386	1.62024297026	1.62024297026	0.0577757499004	0.00634589582552
1.4561287776	1.4561287776	0.0798041976386	1.62476848934	1.62476848934	0.0577757499004	0.00610521487125
1.1759410225	1.1759410225	0.0798041976386	1.48866555328	1.48866555328	0.0577757499004	0.00702665906173
1.52532341687	1.52532341687	0.0817115905241	1.48866555328	1.48866555328	0.0628818627981	0.00416151420443
1.52532341687	1.52532341687	0.0817115905241	1.3596192762	1.3596192762	0.0584443733512	0.00680059418259
1.32507497281	1.32507497281	0.0737355664818	1.68014789107	1.68014789107	0.0584443733512	0.0123879403217
1.15670529409	1.15670529409	0.0689725208315	1.68014789107	1.68014789107	0.0599273386069	0.00373634868703
1.26804575534	1.26804575534	0.0704962470786	1.83341793121	1.83341793121	0.0601612828013	0.00850237528239
1.26804575534	1.26804575534	0.0680711953901	1.8027005271	1.8027005271	0.0601612828013	0.00313682128397
1.62272153332	1.62272153332	0.0899882893192	1.51019266256	1.51019266256	0.0601612828013	0.00093425310247
0.880091882187	0.880091882187	0.0897324054489	2.33512362899	2.33512362899	0.0649926646932	0.00122323974397
1.06765086936	1.06765086936	0.0732714496794	2.12079798129	2.12079798129	0.0717787870829	0.00122323974397
1.15823838803	1.15823838803	0.0802626476446	1.9622233227	1.9622233227	0.0654909852179	0.00660272753945
1.15897871531	1.15897871531	0.080003460429	1.99731419556	1.99731419556	0.0542669367456	0.00501903183993
1.59734399813	1.59734399813	0.080003460429	2.01713969339	2.01713969339	0.0630193198168	0.000216386266922
1.94865401399	1.94865401399	0.080003460429	1.85617457912	1.85617457912	0.0630193198168	0.0170962484888
1.71634363494	1.71634363494	0.080003460429	2.0875973411	2.0875973411	0.055274551419	0.0204534056686
1.90580951886	1.90580951886	0.080003460429	1.86597094758	1.86597094758	0.055274551419	0.0245182106384
1.30426786447	1.30426786447	0.0841737060651	1.51711354486	1.51711354486	0.0567853534589	0.0194888181934
1.63443186104	1.63443186104	0.077873205016	1.92389551286	1.92389551286	0.0599443082856	0.018211484366
1.63443186104	1.63443186104	0.0724612194413	2.09376273172	2.09376273172	0.0627357027709	0.0015522290667
1.10482908054	1.10482908054	0.0837728926201	2.09376273172	2.09376273172	0.0563436479339	0.00653762030156
1.43235741279	1.43235741279	0.0792129956934	1.55323446819	1.55323446819	0.0563436479339	0.0106514286728
0.810928739532	0.810928739532	0.082030785017	1.63369238661	1.63369238661	0.0568171564573	0.0161303158141
0.805329776629	0.805329776629	0.0910094301201	1.62660316446	1.62660316446	0.0568171564573	0.020868883234
1.29017680287	1.29017680287	0.0878775585409	1.61894151963	1.61894151963	0.0568171564573	0.00697238270529
1.48929312894	1.48929312894	0.0847711082607	2.25232993642	2.25232993642	0.0584567309185	0.0197545373604
1.4532730163	1.4532730163	0.0847711082607	2.25232993642	2.25232993642	0.0571906703817	0.00132049942838
1.46272795242	1.46272795242	0.0847711082607	1.0543144208	1.0543144208	0.0589844531437	0.0034514646536
1.40375329457	1.40375329457	0.0869452942569	1.5110880463	1.5110880463	0.0303057075381	0.0139355836275
1.29190311601	1.29190311601	0.0829143209663	1.66577318543	1.66577318543	0.0405650301167	0.0128573951865
1.67679675463	1.67679675463	0.0829143209663	1.57313826478	1.57313826478	0.0723733051306	0.0189551129282
1.97694293784	1.97694293784	0.0829143209663	1.66019375184	1.66019375184	0.0614642591488	0.0195941492157
1.42912160199	1.42912160199	0.0817499211494	1.51460925206	1.51460925206	0.0584906819316	0.0140971797856
1.69463298518	1.69463298518	0.0812761368255	1.70097617124	1.70097617124	0.0584906819316	0.000828520307237
1.36350164026	1.36350164026	0.0812761368255	1.9291994599	1.9291994599	0.0417863051604	0.0123395378444
1.12748460486	1.12748460486	0.0812761368255	1.9473102428	1.9473102428	0.0549517912808	0.00267376481423
1.05693001737	1.05693001737	0.080145446256	1.88320304528	1.88320304528	0.0513806745466	0.00402658358911
1.84684844506	1.84684844506	0.080145446256	1.72181120447	1.72181120447	0.0513806745466	0.0104386309496
1.41100664454	1.41100664454	0.080145446256	1.73803960409	1.73803960409	0.0627819182834	0.00385550987453
0.98706461509	0.98706461509	0.0691024651006	2.01586312684	2.01586312684	0.0559231002834	0.0081005002654
1.76065668257	1.76065668257	0.0788607603456	1.92507113498	1.92507113498	0.05902687764	0.00320020934737
1.60561192484	1.60561192484	0.0762862629634	1.92507113498	1.92507113498	0.0548959275458	0.0101028275146
1.77186553323	1.77186553323	0.0762862629634	1.92507113498	1.92507113498	0.0487783299641	0.00225272407388
1.90161410174	1.90161410174	0.0762862629634	1.88825418541	1.88825418541	0.0487783299641	0.0050756625595
1.472627052	1.472627052	0.0866033445185	1.57363233985	1.57363233985	0.0543868959273	0.00632625366246
1.50831268675	1.50831268675	0.0866033445185	2.04711846371	2.04711846371	0.0595798243676	0.00725501047746
1.61564397424	1.61564397424	0.0833755645358	1.88513618017	1.88513618017	0.0595798243676	0.000278287346784
1.87429217739	1.87429217739	0.0883678421861	1.95814907942	1.95814907942	0.0595798243676	0.00566167261844
1.42514836071	1.42514836071	0.0870415560371	1.95814907942	1.95814907942	0.0494022998958	0.0101384029822
1.42514836071	1.42514836071	0.0797933518342	1.95885326232	1.95885326232	0.0615433100527	0.00488696422206
1.26090686014	1.26090686014	0.0822847793812	1.89941738815	1.89941738815	0.0615433100527	0.00925167649669
