x0_HIS3_C11	r_HIS3_C11	K_HIS3_C11	x0_RAD52_C11	r_RAD52_C11	K_RAD52_C11	x0_C11
1.56147842796	1.56147842796	0.087273199342	1.10234003586	1.10234003586	0.0608756081572	0.00839152827713
1.62671691638	1.62671691638	0.0533959968621	1.30628197848	1.30628197848	0.086602833954	0.00327555707296
1.88130765245	1.88130765245	0.0751390063161	1.48356857042	1.48356857042	0.0831352058248	0.0110671936578
1.65445038553	1.65445038553	0.101218409218	1.19544119187	1.19544119187	0.159492609869	0.0116537577117
1.70259821065	1.70259821065	0.122578808568	1.19445661739	1.19445661739	0.129400490647	0.0190993836928
1.71053402386	1.71053402386	0.0816068861687	1.22412149565	1.22412149565	0.110521590023	0.00265481717957
1.84855875178	1.84855875178	0.0909559280706	1.21316148501	1.21316148501	0.087561369824	0.0146817027368
1.87788707938	1.87788707938	0.0946650937438	1.00826280941	1.00826280941	0.088113891473	0.00535522228094
1.53880024178	1.53880024178	0.0873356342924	0.983631415034	0.983631415034	0.0875474617214	0.00579387338206
1.63327218887	1.63327218887	0.10963194072	0.893843585412	0.893843585412	0.0959003659349	0.0126021822106
1.8903474263	1.8903474263	0.0750898637572	1.12447198713	1.12447198713	0.0844640397782	0.0368745140763
1.8276798351	1.8276798351	0.0926035457043	1.32236963702	1.32236963702	0.108239685853	0.0207735899161
1.64751981123	1.64751981123	0.0724134003893	1.1975959707	1.1975959707	0.118036459776	0.0040583456725
1.94998902509	1.94998902509	0.109647186669	0.737631231997	0.737631231997	0.0986658208237	0.0347498608128
2.12128645379	2.12128645379	0.0833853772358	1.33653179874	1.33653179874	0.0883675187838	0.0198856363978
1.80765594372	1.80765594372	0.0841353536531	0.954831185738	0.954831185738	0.0728779015965	0.0205467788985
1.89692356484	1.89692356484	0.116714342819	2.02830767049	2.02830767049	0.0928752366598	0.00434867449275
1.77120750276	1.77120750276	0.0811506077411	1.01121199747	1.01121199747	0.0807667668443	0.00821294500647
1.79864929104	1.79864929104	0.0819927664812	0.71328008945	0.71328008945	0.0885792067427	0.0293436741472
1.69817819782	1.69817819782	0.0778883423264	2.3694998949	2.3694998949	0.0895347344287	0.0161719171411
1.44983858584	1.44983858584	0.10274499589	1.18030217794	1.18030217794	0.109089059728	0.0142375113434
1.39622269161	1.39622269161	0.092986257923	0.688894560824	0.688894560824	0.113236492562	0.00349776667592
1.58418266419	1.58418266419	0.0698080443318	1.568086623	1.568086623	0.0905725837487	0.000906846298327
1.77721109154	1.77721109154	0.081720843525	1.24568407529	1.24568407529	0.0277585442985	0.0147888653461
1.86146414372	1.86146414372	0.0812062285502	1.30070361714	1.30070361714	-0.244700330677	0.0104270694853
3.27831395008	3.27831395008	0.0742844045471	1.1041510952	1.1041510952	0.0904958722171	0.0193031310792
1.70877078517	1.70877078517	0.0869112369797	0.906049373387	0.906049373387	0.133169834333	0.00763813115502
1.85140407155	1.85140407155	0.080410492421	0.72465773348	0.72465773348	0.00475224611276	0.0165650757413
1.61342207202	1.61342207202	0.0777691834701	0.996772928165	0.996772928165	0.0543852878737	0.00260258169908
1.59239724392	1.59239724392	0.0701913164354	1.24476267117	1.24476267117	0.0849466945886	0.00636354302648
1.84855144396	1.84855144396	0.10053671288	1.05410482078	1.05410482078	0.0874455329098	0.0110079913646
0.036930241524	0.036930241524	0.0483381791235	1.11086279599	1.11086279599	0.0783919488776	0.0146210017392
1.80382778597	1.80382778597	0.09254886937	1.00088909442	1.00088909442	0.089790498484	0.0159908432831
1.85393235488	1.85393235488	0.0866483907547	1.04465984749	1.04465984749	0.0830857394949	0.0118123770292
1.93073515938	1.93073515938	0.142469195235	1.46176669261	1.46176669261	0.0938789742148	0.00596531123919
1.65063053163	1.65063053163	0.0781116852405	1.42356304226	1.42356304226	0.0844018259335	0.00414645141004
1.83397569545	1.83397569545	0.0697226193546	0.909797032247	0.909797032247	0.0788840385046	0.0151520341896
1.60786580785	1.60786580785	0.0715581030185	1.05733461277	1.05733461277	0.120973286443	0.0150302030286
1.56402873871	1.56402873871	0.0954229102434	1.2026381744	1.2026381744	0.131574975226	0.00100475448573
1.79481744321	1.79481744321	0.083433406357	1.29661192047	1.29661192047	0.0772522544936	0.00937718722018
1.8251214049	1.8251214049	0.0792980558689	1.23804068917	1.23804068917	0.0737032150758	0.006383438136
2.46400969537	2.46400969537	0.0952000329392	1.13557503722	1.13557503722	0.0830064147212	0.00470318058651
1.59398695517	1.59398695517	0.0833393318271	1.02893896349	1.02893896349	0.0948742317384	0.0244750875467
1.53916702064	1.53916702064	0.0832537211302	1.00280172034	1.00280172034	0.126346573408	0.0145163914711
1.8459507023	1.8459507023	0.119472368001	0.70717738965	0.70717738965	0.0789642613707	0.0170213839657
1.65497674139	1.65497674139	0.0783209560175	1.44306449762	1.44306449762	0.0924934907074	0.0398326223777
1.94381013659	1.94381013659	0.0817477061373	1.00889943331	1.00889943331	0.0937308093343	0.00293218744028
1.69637168476	1.69637168476	0.0864982041389	1.05237298192	1.05237298192	0.0837748810317	0.00137682012448
1.13976167264	1.13976167264	0.0948585661174	0.741112512388	0.741112512388	0.096444722327	0.0122305304914
1.52502611532	1.52502611532	0.0828849671119	1.85102726024	1.85102726024	0.0789294183934	0.0083882424103
1.843965426	1.843965426	0.0823822713282	1.06934090812	1.06934090812	0.105013289117	0.0108985111257
1.81080631928	1.81080631928	0.0862793240633	1.23460760077	1.23460760077	0.0807631751827	0.0179619219486
1.7835533912	1.7835533912	0.0796668783831	1.11501039634	1.11501039634	0.0908168668324	0.0178732567894
1.71565826215	1.71565826215	0.0907501141405	1.49329787701	1.49329787701	0.0906181410927	0.00341090639928
1.67868908216	1.67868908216	0.131045385937	1.17440551988	1.17440551988	0.154751098405	0.00447137997547
2.18579763656	2.18579763656	0.0967724512143	1.11429167035	1.11429167035	0.0833109501859	0.0284438154007
1.41160127322	1.41160127322	0.0917185057417	-0.3238056651	-0.3238056651	0.0874221136823	0.00417779830475
2.016379114	2.016379114	0.0710474003214	1.06456312823	1.06456312823	0.0763095741178	0.0220250554677
1.69868876518	1.69868876518	0.0584009459344	1.42096810896	1.42096810896	0.0678179897555	0.0210272195993
1.62116268508	1.62116268508	0.109147228897	1.07602872991	1.07602872991	0.0819014785383	0.0148881564078
1.43707658255	1.43707658255	0.0979197160644	1.45104105462	1.45104105462	0.0805387078843	0.00720326771263
1.65182591516	1.65182591516	0.10459407093	1.03314072076	1.03314072076	0.107649532392	0.0232951247324
1.82677975311	1.82677975311	0.0917817866719	1.08283169752	1.08283169752	0.0861902866849	0.00749290843657
1.65753669969	1.65753669969	0.0781820801255	1.23695728802	1.23695728802	0.0926468422535	0.0360384427187
1.76440976704	1.76440976704	0.111457205642	1.29514643286	1.29514643286	0.0791135896363	0.0163738010694
1.59694611605	1.59694611605	0.108041207415	1.78476872453	1.78476872453	0.102538085203	0.000203286894364
1.63005084694	1.63005084694	0.0762639286543	1.8431067157	1.8431067157	0.077023232152	0.00712294891856
1.80718573097	1.80718573097	0.0816033155318	1.02541735944	1.02541735944	0.0736269191899	0.0157294074111
1.52566271185	1.52566271185	0.0788841036209	1.53320545394	1.53320545394	0.111392640176	0.017758739809
1.76678939145	1.76678939145	0.0897524400737	1.85465673233	1.85465673233	0.166699607828	0.0201538538724
1.89847180209	1.89847180209	0.0679187175906	0.748060506883	0.748060506883	0.0409670989439	0.0313864528064
2.02588478797	2.02588478797	0.083687138335	0.973469753295	0.973469753295	0.0908022610022	0.00726395362661
1.83830758811	1.83830758811	0.131714922974	1.4229985596	1.4229985596	0.125131789497	0.00665241261162
1.76509265754	1.76509265754	0.0853589540032	1.59030447611	1.59030447611	0.00690057279434	0.0103926912006
1.78754578111	1.78754578111	0.0865166757027	1.05722603994	1.05722603994	0.0902536586933	0.00115441594014
1.61932552671	1.61932552671	0.0783744561662	0.619397971382	0.619397971382	0.0948993131365	0.0072596526234
2.04185185613	2.04185185613	0.0591604442533	1.44773912669	1.44773912669	0.1172234269	0.0069662291411
1.79502131533	1.79502131533	0.0940710903798	1.15917831763	1.15917831763	0.102765037887	0.00143385592725
1.83200896143	1.83200896143	0.0753720022355	1.20226297838	1.20226297838	0.096863482053	0.0135110901253
1.5929057194	1.5929057194	0.11199542899	1.16894234418	1.16894234418	0.0810879956694	0.0117596720283
0.396586037465	0.396586037465	0.0876806656591	0.785903242838	0.785903242838	0.102299577764	0.00335279931509
1.6967101545	1.6967101545	0.0835599319152	1.198175941	1.198175941	0.0872339260135	0.00772330728496
1.8295473371	1.8295473371	0.082599675255	1.13867432466	1.13867432466	0.0820260945382	0.0102032576749
1.71577288548	1.71577288548	0.0821851484813	1.07030772025	1.07030772025	0.0823569463862	0.00555226403917
1.59092904857	1.59092904857	0.0779122309207	1.48970489782	1.48970489782	0.0674617705303	0.00912069917035
1.64868370833	1.64868370833	0.0527639989207	1.79535825582	1.79535825582	0.0934376504989	0.0267486522901
1.62093379673	1.62093379673	0.125105963363	1.47370788551	1.47370788551	0.154273002965	0.000790232129821
1.72466485621	1.72466485621	0.0762493612452	1.02600634921	1.02600634921	0.0883042451431	0.0123328237207
1.59645378895	1.59645378895	0.101929331477	1.40138692286	1.40138692286	0.0902054457312	0.0379663029038
1.94267606202	1.94267606202	0.107377595747	1.1972978077	1.1972978077	0.1121726949	0.0313180482025
1.64468563894	1.64468563894	0.0961081633473	1.28239864192	1.28239864192	0.0987244500619	0.0214462746718
1.92328237884	1.92328237884	0.0846418808398	0.499868881126	0.499868881126	0.087881481207	0.0154865685996
2.07520045763	2.07520045763	0.0821991724504	1.33284483089	1.33284483089	0.0854196924648	0.00572142488077
1.65314767817	1.65314767817	0.0748845765471	1.17649018934	1.17649018934	0.109939564579	0.0260637696912
1.7720202011	1.7720202011	0.0764646230588	1.46960863188	1.46960863188	0.0703334668293	0.010821298564
1.70962661405	1.70962661405	0.0843828059759	1.93210519131	1.93210519131	0.100643700111	0.0114272746201
1.79655868787	1.79655868787	0.0406668361516	0.665753226093	0.665753226093	0.113361900296	0.00267591418448
1.75825793018	1.75825793018	0.0990544414423	1.67715775808	1.67715775808	0.0979462228023	0.00284542248709
1.53234351112	1.53234351112	0.101469207688	1.13946152754	1.13946152754	0.0873551191644	0.0154554380947
1.45042318287	1.45042318287	0.0664480560734	1.0086672876	1.0086672876	0.201018341449	0.0164750136158
2.13925921111	2.13925921111	0.0871016813746	1.26917460664	1.26917460664	0.0920724255967	0.0231072784525
0.812945767948	0.812945767948	0.0858791878028	1.31935977087	1.31935977087	0.101836141226	0.0208114308406
1.59097191486	1.59097191486	0.0641416477833	1.24026019493	1.24026019493	0.186321899364	0.023672599263
1.65643585456	1.65643585456	0.0735146630973	1.08013499777	1.08013499777	0.10233229407	0.00841566971747
1.72245549809	1.72245549809	0.0731048153423	1.34992776598	1.34992776598	0.0482382100745	0.010036514736
1.77903160588	1.77903160588	0.081953125804	1.10329618119	1.10329618119	0.0909177198459	0.0272137109888
1.71190508275	1.71190508275	0.0363762751971	0.679096866075	0.679096866075	0.0826365421406	0.00398475434329
2.05606366907	2.05606366907	0.0844413946352	1.20352972146	1.20352972146	0.0860102282667	0.00777180139292
2.42601534077	2.42601534077	0.0950272754375	1.34618789905	1.34618789905	0.121121997245	0.0297671001696
1.66213869144	1.66213869144	0.0595115572053	1.05539214454	1.05539214454	0.0768968633712	0.0300470922528
1.74682062389	1.74682062389	0.133132861833	0.366176070832	0.366176070832	0.0817445411762	0.0184612555484
1.33808278116	1.33808278116	0.0913032623997	2.35012622671	2.35012622671	0.129425946503	0.00211253155857
1.87409705106	1.87409705106	0.0939724186655	1.25145606741	1.25145606741	0.158245350574	0.0176712223711
1.73237224873	1.73237224873	0.0896981926589	1.3677285434	1.3677285434	0.0573382005975	0.0149898228155
1.8886097051	1.8886097051	0.080099386114	1.71996302078	1.71996302078	0.0696564682206	0.0216486594102
1.6636960758	1.6636960758	0.0746742177432	1.80524505241	1.80524505241	0.0856777870672	0.00542777884532
2.23377292418	2.23377292418	0.101831451128	1.12187872883	1.12187872883	0.0672720073593	0.00344460222775
1.88866713408	1.88866713408	0.092959645456	1.4856020769	1.4856020769	0.120954267912	0.0221429093645
1.7383192039	1.7383192039	0.102101360441	1.32066109595	1.32066109595	0.13918195629	0.00738967939366
1.8400301169	1.8400301169	0.0821916329104	1.26976477118	1.26976477118	0.0958597707931	0.024310893488
1.70441278725	1.70441278725	0.0725528976177	1.21229091809	1.21229091809	0.119645019966	0.00796739603662
1.78809719973	1.78809719973	0.132265023877	1.36701665633	1.36701665633	0.0968961862385	0.00882865654919
1.27137185458	1.27137185458	0.084154418642	1.65224222977	1.65224222977	-0.0271523592478	0.00709146372128
1.62145179067	1.62145179067	0.0891048527156	1.31565282431	1.31565282431	0.0880784306147	0.00432771065977
1.41489591028	1.41489591028	0.150890252428	0.881240891832	0.881240891832	0.118803128035	0.00726679990914
1.55119526567	1.55119526567	0.103590500678	1.10283743423	1.10283743423	0.0791463235202	0.00311946849749
1.49801576106	1.49801576106	0.0816832808703	1.09322179808	1.09322179808	0.137493511166	0.0144613903304
1.86668441159	1.86668441159	0.0810933975631	1.45908984107	1.45908984107	0.101993234359	0.0202131796025
1.44411705874	1.44411705874	0.0859175156895	0.91211286915	0.91211286915	0.0319211600348	0.0103745091297
1.81712886922	1.81712886922	0.0916896334333	0.696482924658	0.696482924658	0.0901785393409	0.0014870357972
1.74024921035	1.74024921035	0.0799742473955	-0.246568256184	-0.246568256184	0.0868278853338	0.0164949629157
1.74086302767	1.74086302767	0.0617449776935	1.12086698963	1.12086698963	0.0791271895103	0.0121627898277
1.73769978432	1.73769978432	0.0799532241965	1.33762663614	1.33762663614	0.0809456511281	0.0218688879921
1.72748049551	1.72748049551	0.0873598648131	1.5631736217	1.5631736217	0.08358979172	0.00559798574666
1.6007457769	1.6007457769	0.109454304452	1.13976633376	1.13976633376	0.0910420222413	0.0180114215453
1.82160915777	1.82160915777	0.115766867086	1.19929176394	1.19929176394	0.105519656464	0.0137226065868
1.75471746358	1.75471746358	0.0883439527275	1.35161711661	1.35161711661	0.0843917136257	0.0105222779866
1.96106670014	1.96106670014	0.0823620461934	0.679092219608	0.679092219608	0.105358722561	0.00047397340013
1.94634909072	1.94634909072	0.0955597066768	1.59733768955	1.59733768955	0.0195601301562	0.0251689273047
2.2806488538	2.2806488538	0.107117121283	1.11329388809	1.11329388809	0.115623398599	0.0038970649592
1.84417171792	1.84417171792	0.0891316925159	1.11067162166	1.11067162166	0.0582505688315	0.0311183713173
1.71989091731	1.71989091731	0.0816781769008	1.025087623	1.025087623	0.0912711571061	0.0127772959089
1.94595221414	1.94595221414	0.106076448945	1.33217204667	1.33217204667	0.0710198994343	0.0044800973616
1.99071816216	1.99071816216	0.0816914047248	-0.0926281851678	-0.0926281851678	0.0695317840918	0.00696063306932
1.6202039694	1.6202039694	0.0958491498292	1.10387362553	1.10387362553	0.10765855977	0.0249919616099
2.42186700265	2.42186700265	0.0899690587017	0.941222262872	0.941222262872	0.0928670621294	0.00974587346344
1.88481440964	1.88481440964	0.096455237598	1.29879535287	1.29879535287	0.0950299241015	0.0155937988982
0.913650042185	0.913650042185	0.0928985273946	1.88173234389	1.88173234389	0.0866602454306	0.0117341802899
1.71163692575	1.71163692575	0.102863425798	1.25869454986	1.25869454986	0.0968732442686	0.0227378026912
1.49702573423	1.49702573423	0.0789910544934	1.06910228875	1.06910228875	0.0884336595993	0.0251587551604
1.73306533403	1.73306533403	0.100294614969	1.77585184988	1.77585184988	0.057504559692	0.0121760599421
1.5694229889	1.5694229889	0.0971392058006	-0.117385811523	-0.117385811523	0.0877402786679	0.0142766705132
2.01770717767	2.01770717767	0.0754085072066	-1.91359128456	-1.91359128456	0.0926693501952	0.0111794772326
1.49459756329	1.49459756329	0.0811426300059	1.70560147995	1.70560147995	0.0766426182164	0.00661914516264
1.6804582025	1.6804582025	0.0786340922671	0.935865129758	0.935865129758	0.0957242087627	0.00864895740699
1.72731971051	1.72731971051	0.0700666989995	1.12117322684	1.12117322684	0.0407307584323	0.0215139607978
1.07027744264	1.07027744264	0.0819922396198	0.812379177634	0.812379177634	0.124155452087	0.000221442969766
1.70615320947	1.70615320947	0.0808001273969	1.20530925458	1.20530925458	0.0823486848836	0.0151480694585
1.77375424636	1.77375424636	0.0818302478776	2.03988326013	2.03988326013	0.104329668989	0.00227767738244
1.63976515415	1.63976515415	0.0912172019125	1.30202909572	1.30202909572	0.0791089258413	0.00912095390049
1.82245597957	1.82245597957	0.124294166212	1.07150978077	1.07150978077	0.085534870637	0.0204795688046
1.83889835719	1.83889835719	0.120110820469	1.33696557275	1.33696557275	0.131012990308	0.020283767037
1.74376532623	1.74376532623	0.113883241342	1.12105306296	1.12105306296	0.107591658011	0.0180802115368
1.78171276646	1.78171276646	0.0504316963609	1.22543428318	1.22543428318	0.0707675441941	0.0268279511707
2.00407093173	2.00407093173	0.0702000149797	1.42853902967	1.42853902967	0.0757071477187	0.0311660228146
2.0038398151	2.0038398151	0.0976703294792	1.37780385071	1.37780385071	0.0762127336353	0.00873055651805
2.15097281242	2.15097281242	0.0946329529771	1.12545429064	1.12545429064	0.101800174149	0.0173107162997
2.03753139596	2.03753139596	0.078107344154	1.11531789795	1.11531789795	0.0904501056378	0.0145251145173
1.66694205355	1.66694205355	0.0945729188236	1.42179464387	1.42179464387	0.0741841796717	0.00311206633871
1.70604602661	1.70604602661	0.0454797192872	1.69661883821	1.69661883821	0.0198144281115	0.000552489759226
1.81434314664	1.81434314664	0.129599540701	1.39615227266	1.39615227266	0.137748395825	0.0187598292761
1.78874342858	1.78874342858	0.0867497993388	1.05245913506	1.05245913506	0.0734434409157	0.0277501702501
1.6937816912	1.6937816912	0.0842343067083	0.790396309868	0.790396309868	0.0934847315686	0.00716258615643
1.62137968359	1.62137968359	0.0542791776283	0.96322759839	0.96322759839	0.0874730998115	0.0150296979818
1.671914121	1.671914121	0.0961940772933	1.22739526205	1.22739526205	0.0587078371721	0.00863839065358
1.6036784526	1.6036784526	0.0739561667905	1.19696388949	1.19696388949	0.0873778439663	0.00988759890035
1.65767078604	1.65767078604	0.0785435178092	1.19560298312	1.19560298312	0.0880111435871	0.00282309335321
1.77914470843	1.77914470843	0.0978493024401	1.35725124822	1.35725124822	0.0800239053991	0.015766778379
1.23373527363	1.23373527363	0.126859441362	1.16683555016	1.16683555016	0.0457010954972	0.0179079263828
1.87079332864	1.87079332864	0.064635799257	1.13643110186	1.13643110186	0.092980121098	0.020570057902
1.77773263369	1.77773263369	0.0748137514874	1.12224029376	1.12224029376	0.0981268969531	0.0342142884561
1.15827329137	1.15827329137	0.0812279311059	0.9819153235	0.9819153235	0.0551847770826	0.00350626269843
1.32881061775	1.32881061775	0.0795336718732	0.959127587125	0.959127587125	0.0691233905516	0.00563532845544
1.73615741146	1.73615741146	0.08444746257	1.17307577942	1.17307577942	0.0854981421213	0.0135021833258
1.81680949033	1.81680949033	0.0745403348304	1.37755030258	1.37755030258	0.0773552868841	0.0112562284758
1.81184248996	1.81184248996	0.0858802423902	0.571407152183	0.571407152183	0.0782071854958	0.0190202905039
1.63674471122	1.63674471122	0.100241778382	1.38430072611	1.38430072611	0.0867430320824	0.0372942021506
2.1464755647	2.1464755647	0.083302321859	0.721291035489	0.721291035489	0.0981530009763	0.00418246883985
1.77700739657	1.77700739657	0.0943975278626	1.4830145453	1.4830145453	0.116981552073	0.0280957500904
1.49068064217	1.49068064217	0.0831564600595	0.968120074187	0.968120074187	0.0818308595703	0.00245073307556
1.55401867242	1.55401867242	0.0481686956079	1.36810539948	1.36810539948	0.0706461691852	0.0165144351175
1.7504599861	1.7504599861	0.0773997192385	0.969273716813	0.969273716813	0.0151128187385	0.0122902669647
1.61067639812	1.61067639812	0.079734511552	1.18417468699	1.18417468699	0.0849834026154	0.0114901755114
1.65331659674	1.65331659674	0.0831988122707	1.51787399019	1.51787399019	0.0948940293347	0.0269448455543
1.71592713886	1.71592713886	0.100653046511	1.43395909739	1.43395909739	0.074586328328	0.0378047826336
1.56380985425	1.56380985425	0.0810770234695	2.02805907247	2.02805907247	0.0887657839331	0.0156201089914
1.68976470306	1.68976470306	0.102173385484	1.21895161158	1.21895161158	0.111943984646	0.014895010302
1.44483077562	1.44483077562	0.0767030161768	0.964848319308	0.964848319308	0.0877155286367	0.00297514194751
1.70530954796	1.70530954796	0.0861240932174	1.11283744332	1.11283744332	0.0771526558261	0.00691791944774
1.816819377	1.816819377	0.117737269799	1.07661994328	1.07661994328	0.232840828129	0.00412087029305
1.51962317731	1.51962317731	0.0801488097555	0.573912738432	0.573912738432	0.0944368673636	0.0314018547581
1.43533968947	1.43533968947	0.0883150427801	1.4386628443	1.4386628443	0.0729639110778	0.0263160517488
1.70461078472	1.70461078472	0.0937878894326	1.51847805616	1.51847805616	0.0848386290009	0.00961113975481
1.71602055846	1.71602055846	0.0870905324946	1.22091383083	1.22091383083	0.0766041067698	0.00622738389134
1.6835538713	1.6835538713	0.126342601122	2.13611539322	2.13611539322	0.104856354807	0.0176420017141
1.48243728622	1.48243728622	0.128902530986	1.13028068321	1.13028068321	0.087028203035	0.00443870421988
1.84531284545	1.84531284545	0.0336104395249	1.56907616047	1.56907616047	0.0770219166206	0.0110489937141
1.73997715388	1.73997715388	0.0970613713974	1.40736271388	1.40736271388	0.0808964649162	0.0189141922042
1.76902301539	1.76902301539	0.0847924591529	1.36122399394	1.36122399394	0.114801674299	0.000675384756376
1.84169643054	1.84169643054	0.0865051385479	0.550553649677	0.550553649677	0.0943896607642	0.0148445316614
1.63698466084	1.63698466084	0.0780463731452	1.54187272552	1.54187272552	0.0769467455012	0.0127955304562
1.33340678514	1.33340678514	0.0842336828756	1.34522721475	1.34522721475	0.0843923007487	0.020974511977
1.58707046076	1.58707046076	0.115263160394	1.09255957466	1.09255957466	0.084654648408	0.0393172276948
1.68471064824	1.68471064824	0.0942113599459	1.53994855809	1.53994855809	0.132134138552	0.010695673768
1.65458878092	1.65458878092	0.110240214708	1.45644407255	1.45644407255	0.0880595583517	0.0156438773571
1.69715845977	1.69715845977	0.0852833602285	1.15302907856	1.15302907856	0.0554759702829	0.0189115316669
1.66037728833	1.66037728833	0.0994302905182	2.11195513987	2.11195513987	0.101499876866	0.014857664443
1.50647573651	1.50647573651	0.0976581272854	1.10424020839	1.10424020839	0.0949939761907	0.0126676945842
1.73419105891	1.73419105891	0.094541128129	1.19271204641	1.19271204641	0.11282972358	0.00747186429535
1.81306058537	1.81306058537	0.0832847268118	1.07434259001	1.07434259001	0.0880394211767	0.0204808691125
1.8195930017	1.8195930017	0.115031945978	0.968442679259	0.968442679259	0.0792479331997	0.00540836015106
1.69396575693	1.69396575693	0.0882819425263	1.17093596991	1.17093596991	0.0929005143862	0.0331794034147
1.44087312818	1.44087312818	0.081923910422	0.991274228821	0.991274228821	0.160247402703	0.00592579497068
1.67035134552	1.67035134552	0.0816561499296	1.31062642177	1.31062642177	0.105683539435	0.00826540293759
1.69064768441	1.69064768441	0.0891358213195	1.27142432032	1.27142432032	0.0808849505189	0.0233203750133
1.85893635302	1.85893635302	0.0724119731659	1.24065785738	1.24065785738	0.0891720321662	0.010082573366
2.40983915987	2.40983915987	0.0934434544571	1.24825081894	1.24825081894	0.118031008318	0.0104294354664
1.68718374669	1.68718374669	0.0792548745372	1.47590084726	1.47590084726	0.0762064372738	0.0101299126107
1.71691142531	1.71691142531	0.0726112907526	1.24717324447	1.24717324447	0.0728987570753	0.0376384421216
1.96681667828	1.96681667828	0.111624624379	1.48359095437	1.48359095437	0.0839245131165	0.0103341638274
1.80145147047	1.80145147047	0.0734811695691	1.95729562488	1.95729562488	0.0760029686149	0.00897693107961
1.87497142164	1.87497142164	0.0790754477809	1.3732589608	1.3732589608	0.0662219830641	0.0162123445688
1.9603609322	1.9603609322	0.123391344373	1.33386048809	1.33386048809	0.130435871052	0.0113979300581
1.75723954478	1.75723954478	0.0698993710284	0.733579285681	0.733579285681	0.0823290112317	0.00472063814538
1.63792586656	1.63792586656	0.0768996237204	1.44573180637	1.44573180637	0.0695356724969	0.0189715300886
1.71179368539	1.71179368539	0.0822966751703	0.813507318415	0.813507318415	0.0639134459792	0.0259454127862
1.93547570153	1.93547570153	0.0830735524581	0.70511507064	0.70511507064	0.110836288049	0.00982761752915
1.45636974248	1.45636974248	0.108885581227	1.06900303241	1.06900303241	0.0933142132235	0.0233292425924
1.93479652594	1.93479652594	0.191148138034	1.1610823124	1.1610823124	0.0415516134141	0.0231009159308
1.75310396239	1.75310396239	0.083418556235	1.24331671925	1.24331671925	0.083690830883	0.0155634761632
1.57095864377	1.57095864377	0.0707902871345	0.791213600535	0.791213600535	0.0769178947782	0.00725807736301
1.12169389306	1.12169389306	0.0831941132304	0.947785924655	0.947785924655	0.0983914497325	0.0191256480995
1.94037118645	1.94037118645	0.0870211001519	1.0973364144	1.0973364144	0.0532605379203	0.00257901953141
1.76785326079	1.76785326079	0.0661473440454	1.21267824864	1.21267824864	0.0812431194656	0.00716719125232
1.65626936855	1.65626936855	0.133089579953	0.980158947573	0.980158947573	0.0799833040976	0.0179142237012
1.69765821683	1.69765821683	0.0856153503345	1.0795175779	1.0795175779	0.104532239916	0.00361621359345
1.22569250618	1.22569250618	0.0840070290115	0.940338815943	0.940338815943	0.116313989365	0.0167192293089
1.90802942869	1.90802942869	0.089118369271	1.22225052038	1.22225052038	0.0855694173792	0.0184538075534
1.50806479447	1.50806479447	0.0849257158718	1.12132397296	1.12132397296	0.082944709232	0.0271946846192
1.69443129604	1.69443129604	0.0811110246902	1.86994064446	1.86994064446	0.0531324526839	0.0139834103253
1.80815385428	1.80815385428	0.0766199728371	0.595270894081	0.595270894081	0.0695949893065	0.020681278511
1.75721773798	1.75721773798	0.0894358375581	1.34874526836	1.34874526836	0.0640356883412	0.00318171795116
1.55551276072	1.55551276072	0.0579690579869	0.684792867962	0.684792867962	0.100004270815	0.0252815944556
1.7163925678	1.7163925678	0.0768799068456	0.31568542874	0.31568542874	0.124782145703	0.0277012589874
1.99726414585	1.99726414585	0.0696890846715	1.81409554911	1.81409554911	0.0879387403788	0.0209899450728
1.9362262048	1.9362262048	0.0933720243564	1.41866561083	1.41866561083	0.0817970693886	0.012089245568
1.62302908387	1.62302908387	0.100380354038	1.25336270636	1.25336270636	0.0673766310742	0.0149940684554
1.71523388507	1.71523388507	0.0825331062204	0.835810128229	0.835810128229	0.0888555978137	0.0371350387772
1.93283642703	1.93283642703	0.0733410369746	1.13480172577	1.13480172577	0.0844481127074	0.0112573656552
1.67083237757	1.67083237757	0.0823559570208	1.2121753854	1.2121753854	0.0376056125522	0.0278889303264
1.55699910463	1.55699910463	0.114499162019	1.41073710596	1.41073710596	0.10239428037	0.00305728083218
1.94699705508	1.94699705508	0.0866942243316	1.04044236539	1.04044236539	0.0460611625847	0.0251537321671
1.83384283135	1.83384283135	0.060357956678	1.06174037151	1.06174037151	0.0693145697967	0.00401030480224
1.80848630394	1.80848630394	0.0752447641965	1.18770274023	1.18770274023	0.0749188883637	0.00959200729918
1.78906902476	1.78906902476	0.084597157796	1.24789160567	1.24789160567	0.0721843001068	0.0208158729256
1.83248608129	1.83248608129	0.0838273353818	1.87058292988	1.87058292988	0.0833204739792	0.011272438594
1.80989424552	1.80989424552	0.0814480487761	1.71426737771	1.71426737771	0.0802449773591	0.00724778890416
1.6449872427	1.6449872427	0.109964707025	1.36879741584	1.36879741584	0.0824034337277	0.000378443144427
1.88859197918	1.88859197918	0.0853682627854	1.40478427461	1.40478427461	0.109201910928	0.0281577232192
1.70968624471	1.70968624471	0.0752303247038	1.18897653878	1.18897653878	0.0675117821485	0.00448604929066
1.81748482525	1.81748482525	0.079643607622	1.28947949556	1.28947949556	0.0823670263717	0.00566618510168
1.65812437424	1.65812437424	0.0801941285931	0.354603969039	0.354603969039	0.092879308286	0.00370519469061
1.79286559745	1.79286559745	0.0965173934176	4.25654334124	4.25654334124	0.12119195389	0.00344897232703
1.81032783748	1.81032783748	0.08647537257	0.761491026284	0.761491026284	0.0867251100897	0.0120882559342
1.65567795474	1.65567795474	0.0917894266738	1.12688176942	1.12688176942	0.0801269538227	0.00778820481749
1.95506291731	1.95506291731	0.0854426000514	1.23497807767	1.23497807767	0.0779485657683	0.0132570792893
1.67883433087	1.67883433087	0.0750508212573	1.07775930923	1.07775930923	0.0819133292911	0.00284173113737
1.36786559127	1.36786559127	0.0802550214154	0.824848445154	0.824848445154	0.0857180990429	0.0361110360761
2.28401223713	2.28401223713	0.0796587529676	1.3037765906	1.3037765906	0.0803752203589	0.0120803445465
1.75040810506	1.75040810506	0.161064918406	0.869315406812	0.869315406812	0.0786940331384	0.0172473002472
1.89679928653	1.89679928653	0.0820012471299	1.18847234313	1.18847234313	0.0983911741847	0.0231893380196
1.7544355503	1.7544355503	0.0827745223654	0.629745740549	0.629745740549	0.0808162956869	0.0154088543614
1.55766602807	1.55766602807	0.0871906934246	1.92224356739	1.92224356739	0.0425288249834	0.0195879538285
1.79396040283	1.79396040283	0.0994500743882	1.16694261781	1.16694261781	0.0935694664199	0.0106276505228
1.75632239952	1.75632239952	0.107518427608	0.62139899501	0.62139899501	0.0950596893833	0.0267743328831
1.65051800346	1.65051800346	0.0706749578084	0.940410512145	0.940410512145	0.0929267054255	0.00167550584631
1.77453205145	1.77453205145	0.034013972018	1.12520033003	1.12520033003	0.0597879790014	0.0141736086504
1.6065967628	1.6065967628	0.0960441058954	1.06338789513	1.06338789513	0.0897965018598	0.0153730843696
1.86681603691	1.86681603691	0.0788725150238	1.1733366988	1.1733366988	0.0437256740414	0.018821766385
1.67949915115	1.67949915115	0.0266161252693	0.846765529894	0.846765529894	0.142972160897	0.00687750426937
1.62162730573	1.62162730573	0.0813544327718	1.4489062762	1.4489062762	0.0715968296531	0.00055168401005
1.85564989859	1.85564989859	0.0796037173931	1.17203591644	1.17203591644	0.086566680158	0.012132823906
1.78385431044	1.78385431044	0.0885759137245	-0.0243841160149	-0.0243841160149	0.0881377709842	0.0141412926371
1.82804069054	1.82804069054	0.090517534855	0.408693965739	0.408693965739	0.105625504431	0.00520450030601
1.84866722017	1.84866722017	0.036597731187	0.936115466703	0.936115466703	0.0877148879703	0.00686081912301
1.96303392268	1.96303392268	0.0766679173785	1.0632221899	1.0632221899	0.0838692165981	0.0132080108688
1.6310933499	1.6310933499	0.0996686381541	0.540031695981	0.540031695981	0.117161912792	0.00990130327212
1.87687350464	1.87687350464	0.0737101313792	1.09737887608	1.09737887608	0.130528426605	0.00405768198167
1.64250067773	1.64250067773	0.0825291985027	1.23195605577	1.23195605577	0.0827764926924	0.0012621640991
1.94001734468	1.94001734468	0.0778317131852	1.04255323957	1.04255323957	0.103570346673	0.0321705526071
1.5201268656	1.5201268656	0.0789528644874	1.0095491389	1.0095491389	0.0774806014014	0.00398696348907
1.84447070199	1.84447070199	0.0769235063877	1.06971383361	1.06971383361	0.0765608964534	0.015811788763
1.37518555278	1.37518555278	0.0963095769559	1.39881375602	1.39881375602	0.0983160350633	0.0137262356484
1.79699617657	1.79699617657	0.0671883965598	1.74440883287	1.74440883287	0.0748334431293	0.0446829760325
1.82385663956	1.82385663956	0.111991912236	1.04960162797	1.04960162797	0.082903878991	0.00996951689491
1.65459627918	1.65459627918	0.0946673934936	1.33123441964	1.33123441964	0.101483398294	0.00165581400502
1.77403401997	1.77403401997	0.0850413516981	1.12805683967	1.12805683967	0.0853981743598	0.00176526166969
1.64319713601	1.64319713601	0.082319793493	1.09999998091	1.09999998091	0.0921670176405	0.00141374947713
1.63431539713	1.63431539713	0.0911990735254	2.042135415	2.042135415	0.101543957356	0.0176024128216
1.52685509908	1.52685509908	0.086211658595	1.24360335954	1.24360335954	0.135567041647	0.00578194193537
1.55261504822	1.55261504822	0.0941370816278	1.39411107527	1.39411107527	0.0587296385959	0.00910219228911
1.79038444676	1.79038444676	0.0848098435322	1.39078806215	1.39078806215	0.11999268047	0.0243376207855
1.79380544342	1.79380544342	0.0918627329004	0.825761079855	0.825761079855	0.0845991823442	0.00686814468603
1.82408965796	1.82408965796	0.0819632333665	0.701191467034	0.701191467034	0.109779502238	0.0184865420929
1.68886009699	1.68886009699	0.0791637516801	0.767371829258	0.767371829258	0.0543362022333	0.0102755050444
1.74387048156	1.74387048156	0.0628763685852	1.68369278136	1.68369278136	0.090931339382	0.0284850421252
1.84077026286	1.84077026286	0.0955749385716	1.05248600785	1.05248600785	0.0901031798753	0.0204163750444
1.45482614382	1.45482614382	0.0613324049374	0.939751732957	0.939751732957	0.119971262856	0.00111160053997
1.891375823	1.891375823	0.0886026113171	1.11637590775	1.11637590775	0.0601603732254	0.00966846672186
1.58178818698	1.58178818698	0.0894201611418	1.04688290912	1.04688290912	0.094264035181	0.0111480183291
1.83794425434	1.83794425434	0.0461448106785	0.319319356651	0.319319356651	0.0526254340336	0.0181337393241
1.83305870809	1.83305870809	0.0929370882607	1.09421897341	1.09421897341	0.0951895491218	0.00457935963332
1.59703750825	1.59703750825	0.0926702897869	1.48411801877	1.48411801877	0.0902963503138	0.00549237318605
1.53870548019	1.53870548019	0.0972490865817	1.30944513446	1.30944513446	0.089971348348	0.00911048680124
1.76425671026	1.76425671026	0.083974269488	1.16396215717	1.16396215717	0.0931587028147	0.00680932741057
1.69332745508	1.69332745508	0.0661354445582	-0.173788746993	-0.173788746993	0.0783848105631	0.00509867929246
1.56917271158	1.56917271158	0.0720712983764	1.19615328058	1.19615328058	0.114053196638	0.0151100444995
2.09486267557	2.09486267557	0.0869336463095	1.47275071879	1.47275071879	0.08655938182	0.00397426985494
1.77486705399	1.77486705399	0.0331713590359	1.48227079039	1.48227079039	0.0862955733084	0.0165117063552
2.38309436376	2.38309436376	0.0277541229951	1.20286985528	1.20286985528	0.0488074843743	0.00381024001445
1.92972841443	1.92972841443	0.0883789638543	0.540319438142	0.540319438142	0.0939667552644	0.0130489095862
1.87456671005	1.87456671005	0.0892629101063	1.13861082896	1.13861082896	0.0737269284135	0.0136360560991
2.35846676785	2.35846676785	0.102709751511	1.19381951416	1.19381951416	0.123091257396	0.0198565187779
1.8396945721	1.8396945721	0.0789349532939	1.11852725233	1.11852725233	0.109392427506	0.034112056527
1.72970656432	1.72970656432	0.0765242811193	1.00657800169	1.00657800169	0.0441407493212	0.00567683097025
1.5752950628	1.5752950628	0.0829924658958	1.06909696801	1.06909696801	0.0753889564838	0.0126636550316
1.59711151551	1.59711151551	0.0890456058722	1.06767376641	1.06767376641	0.0757702363497	0.00539820296764
1.67230989462	1.67230989462	0.079812124721	0.739705689719	0.739705689719	0.084720087303	0.0103288811871
1.85206754275	1.85206754275	0.102114042797	0.0137661927364	0.0137661927364	0.146659993919	0.045392051562
1.76140436222	1.76140436222	0.0886973234453	0.961271676851	0.961271676851	0.106786809876	0.0246815731736
1.94131824272	1.94131824272	0.0755983420497	1.57082661132	1.57082661132	0.0748029084529	0.0150637542929
1.95482219954	1.95482219954	0.0969424694533	0.851593925868	0.851593925868	0.0655611698621	0.0214258936785
1.7659534853	1.7659534853	0.0868427410216	1.31426038927	1.31426038927	0.0934438547203	0.0202578507129
1.90477074102	1.90477074102	0.104452828861	1.20304224924	1.20304224924	0.0763592929222	0.0346222130162
1.89042096357	1.89042096357	0.0952831445826	0.856161631527	0.856161631527	0.0737979069341	0.0221339144458
1.42735745496	1.42735745496	0.0763445944318	1.30570099388	1.30570099388	0.085879836873	0.0149662308409
1.67661341219	1.67661341219	0.0793916887288	1.29308978017	1.29308978017	0.0685939964732	0.00679562095105
1.62247499565	1.62247499565	0.118141849572	1.24766864539	1.24766864539	0.0394577651103	0.0152702860329
2.31619025723	2.31619025723	0.164540303297	1.0745292	1.0745292	0.0951785793908	0.00505867698358
1.78052840588	1.78052840588	0.0850043016212	1.22875271214	1.22875271214	0.0939312291395	0.00669130031069
1.91097432764	1.91097432764	0.0861629101363	1.13610580856	1.13610580856	0.113140194037	0.0183280911775
1.5941226369	1.5941226369	0.0604215750267	1.21133389364	1.21133389364	0.0878466826489	0.0294409570959
1.62426593193	1.62426593193	0.0801477480036	1.40618845929	1.40618845929	0.0987586217087	0.00947508977576
1.86279080512	1.86279080512	0.0747186365662	1.13174680087	1.13174680087	0.0937096753528	0.0149443904153
1.50453578056	1.50453578056	0.108540786678	1.16446301351	1.16446301351	0.105075612045	0.0109407941156
1.76669031309	1.76669031309	0.0800229302323	1.14239288791	1.14239288791	0.0935406515573	0.0323850972
1.52056357678	1.52056357678	0.103812349398	1.03005772671	1.03005772671	0.0651082165695	0.00245699465101
1.76655837093	1.76655837093	0.0964063131282	1.34191001351	1.34191001351	0.0969875682912	0.0128696655547
2.01250065389	2.01250065389	0.0911184223923	1.11414515973	1.11414515973	0.0767447028323	0.00520693832411
1.80947610486	1.80947610486	0.0853437769497	1.35115074657	1.35115074657	0.0805288394758	0.0150796016229
2.05554576797	2.05554576797	0.0697601763039	1.56957267807	1.56957267807	0.111374904834	0.00820915624125
1.74991100583	1.74991100583	0.110686187643	0.0503945603129	0.0503945603129	0.0975155954833	0.0133281716458
1.09931257134	1.09931257134	0.082347562729	0.527277187977	0.527277187977	0.0721703414476	0.000479946237823
1.92629987048	1.92629987048	0.0557844640413	1.18962253459	1.18962253459	0.10466958904	0.000446152129848
1.56778101264	1.56778101264	0.135048675302	1.24759616878	1.24759616878	0.0758401116214	0.0142147127054
1.8307455456	1.8307455456	0.0841104098754	1.8305094924	1.8305094924	0.104646132627	0.003949636517
1.50204559275	1.50204559275	0.0836233870644	1.65775014337	1.65775014337	0.0707841706285	0.0183099573385
1.44479546553	1.44479546553	0.0809780615744	1.03602109095	1.03602109095	0.131133599689	0.0402388139829
1.63867014111	1.63867014111	0.0852386665264	1.10732100602	1.10732100602	0.141755287605	0.0161410441142
1.70357141484	1.70357141484	0.0688633814764	1.11445553723	1.11445553723	0.0704923703883	0.0109901751995
1.63691802878	1.63691802878	0.0931227721344	2.13524656255	2.13524656255	0.0809555395796	0.000909606439869
1.98142182987	1.98142182987	0.0575949175583	1.05718480392	1.05718480392	0.0859584289625	0.0152820055543
1.90085174262	1.90085174262	0.0826635594634	1.35852916707	1.35852916707	0.0695246717228	0.000842279550614
1.67686650055	1.67686650055	0.103683889397	1.17019153787	1.17019153787	0.110079364694	0.0115772426404
1.36743740099	1.36743740099	0.0998095977724	1.16672725166	1.16672725166	0.113877285612	0.0128531620292
1.65752787389	1.65752787389	0.0844917369761	1.36597159178	1.36597159178	0.0884865900358	0.0086291423574
1.66500892882	1.66500892882	0.11027722579	1.31177932405	1.31177932405	0.115518777718	0.0162356336131
1.74299686613	1.74299686613	0.0489855166666	1.1654899978	1.1654899978	0.0735713418939	0.00655378548261
1.82424328881	1.82424328881	0.105428137771	1.98625515515	1.98625515515	0.156555917231	0.0230890124964
1.79527614956	1.79527614956	0.083415228359	0.705815321225	0.705815321225	0.097540572411	0.00814711653517
2.15573319345	2.15573319345	0.0702927858747	1.26681307651	1.26681307651	0.085243537967	0.00472394383523
2.05356388959	2.05356388959	0.10372784385	1.23964717993	1.23964717993	0.0776700057198	0.0288673911252
1.85611450456	1.85611450456	0.0695362968938	0.978230394079	0.978230394079	0.103688441851	0.0138165300461
1.73693539392	1.73693539392	0.104444883931	1.04725542815	1.04725542815	0.233963911677	0.0146270093306
2.02428155844	2.02428155844	0.06685484733	1.33956709539	1.33956709539	0.0901499699643	0.0166990114918
1.87071132441	1.87071132441	0.0184131975847	1.13663905086	1.13663905086	0.096213227176	0.0216386013828
2.1302084427	2.1302084427	0.0824423863791	0.535931639241	0.535931639241	0.0853043615624	0.021695647626
1.74443479104	1.74443479104	0.0755686067778	0.849890224745	0.849890224745	0.0771981358094	0.0171072481901
1.54265622905	1.54265622905	0.091684588176	1.1235887977	1.1235887977	0.0904572428317	0.0130373617136
1.62677747041	1.62677747041	0.0682748831122	1.04468517957	1.04468517957	0.117702602532	0.0297208852183
1.65588658331	1.65588658331	0.0796347331161	1.15934868193	1.15934868193	0.104873464466	0.0141970010484
2.43529906277	2.43529906277	0.100139850892	1.06996143336	1.06996143336	0.0801362889582	0.0140789037491
1.64657594447	1.64657594447	0.0882524902483	0.917344415292	0.917344415292	0.0857424578014	0.0212339740959
1.82493078229	1.82493078229	0.0812195246494	0.740404417077	0.740404417077	0.0619974168126	0.00757674713242
1.84025120383	1.84025120383	0.0812964337792	1.85822308352	1.85822308352	0.0747176652122	0.00394358565316
1.87113467556	1.87113467556	0.0602634456348	1.14645933356	1.14645933356	0.076035022077	0.011282732182
1.77284697346	1.77284697346	0.0818270782416	1.16920070549	1.16920070549	0.0984085026577	0.00200111132546
1.65463497571	1.65463497571	0.0803445500512	1.20521984144	1.20521984144	0.0907680852514	0.0141044083649
1.88906921851	1.88906921851	0.0808451044948	0.99826539884	0.99826539884	0.224569689651	0.0129842137183
1.66516502626	1.66516502626	0.0873575874512	1.29127184863	1.29127184863	0.0288928070727	0.00791408258888
2.23098364897	2.23098364897	0.0747275209602	0.247345897068	0.247345897068	0.114941110222	0.0141704838191
1.6221011849	1.6221011849	0.0898022049222	0.910474283592	0.910474283592	0.105607218007	0.0308270550932
1.65897813836	1.65897813836	0.0788001032442	1.30633043204	1.30633043204	0.0700586705432	0.0100770813769
1.78724115805	1.78724115805	0.127876231424	0.784710895274	0.784710895274	0.0973024175921	0.0331638435041
1.68757024255	1.68757024255	0.0479092551106	1.0315938597	1.0315938597	0.022412528351	0.0219905349783
1.54561642378	1.54561642378	0.0845522447176	1.17416983318	1.17416983318	0.0676834124171	0.00564882379109
2.97188607899	2.97188607899	0.0807593117384	0.954923858162	0.954923858162	0.0835861229364	0.00945166274117
1.88085102845	1.88085102845	0.0664228681214	0.871662741967	0.871662741967	0.0759158396089	0.00719906188802
1.78446431096	1.78446431096	0.139145109739	1.78584028966	1.78584028966	0.0994112938013	0.00121563648581
1.72916123425	1.72916123425	0.0935898034976	0.997418407708	0.997418407708	0.0833136948217	0.0330092061673
1.82999477001	1.82999477001	0.0799745506062	1.26309021815	1.26309021815	0.0885206161138	0.00274740207411
1.65874983185	1.65874983185	0.108565010635	1.04127056623	1.04127056623	0.0908281478783	0.0233637744278
1.83191161725	1.83191161725	0.102268083695	1.40108132569	1.40108132569	0.0762682201161	0.00341526240014
1.80625532514	1.80625532514	0.0961311776896	1.11648594271	1.11648594271	0.0953272112031	0.00840541874934
1.56409769267	1.56409769267	0.0730018251304	1.26999215434	1.26999215434	0.0950022778245	0.0245087226202
1.49519468967	1.49519468967	0.0574455548364	1.15553795977	1.15553795977	0.0395821956219	0.0194746225685
1.56731642975	1.56731642975	0.0662206234259	1.40565369531	1.40565369531	0.0739827785749	0.0425921637499
1.66439005296	1.66439005296	0.0806375669096	0.52780165656	0.52780165656	0.0797160694014	0.00966880363202
1.69172921132	1.69172921132	0.104088166743	0.926583585736	0.926583585736	0.0918305469365	0.00836303930852
1.6608737653	1.6608737653	0.0742021711214	1.19545527576	1.19545527576	0.0910700937122	0.00481872319013
1.8397981724	1.8397981724	0.0684931560477	0.700513188295	0.700513188295	0.0925843489413	0.00711683752369
1.66685436295	1.66685436295	0.0822617448858	1.20942246318	1.20942246318	0.0884770174911	0.031170162769
1.58605110545	1.58605110545	0.121183831175	0.980582566641	0.980582566641	0.11401347114	0.00257397790836
1.55468695589	1.55468695589	0.0974220137093	0.923589272194	0.923589272194	0.111137106632	0.0145139543458
1.79248298342	1.79248298342	0.0918746989994	1.63342373351	1.63342373351	0.0883431111068	0.0322841398086
1.8514106214	1.8514106214	0.0713622249855	1.53674153965	1.53674153965	0.11901409462	0.00650508390089
2.07647353251	2.07647353251	0.0926381973121	1.11465556551	1.11465556551	0.0602547003389	0.0419547345993
1.59952423391	1.59952423391	0.0784843166003	1.37155671834	1.37155671834	0.0896583420428	0.0158364691082
1.40790494694	1.40790494694	0.113048485508	1.08146912705	1.08146912705	0.0886028305021	0.0108007844051
1.63488281556	1.63488281556	0.0734176140815	1.79943273921	1.79943273921	0.159795385557	0.0415212228524
1.58834537978	1.58834537978	0.0776284646994	1.13764520847	1.13764520847	0.0953959018074	0.0168669069938
1.67660941213	1.67660941213	0.0989135627226	1.26417662021	1.26417662021	0.042090048755	0.00950680733915
1.64705176305	1.64705176305	0.0793120665416	1.09102959539	1.09102959539	0.153439592415	0.0135232778688
1.97765471487	1.97765471487	0.0632928194599	1.41486188565	1.41486188565	0.0841292466241	0.00308033564939
1.80486390541	1.80486390541	0.0793988322545	1.01161681492	1.01161681492	0.0989340023165	0.0136967686401
2.27935055089	2.27935055089	0.0791505664364	1.72215818593	1.72215818593	0.0644671677745	0.0211311278373
2.26292362037	2.26292362037	0.0881901127522	1.38719609419	1.38719609419	0.0819369373979	0.0249277969803
1.54614253493	1.54614253493	0.103232913823	1.25692733036	1.25692733036	0.0832520760797	0.00182177108714
1.78416905036	1.78416905036	0.0839348701825	1.38281065141	1.38281065141	0.089916181237	0.000665193577711
1.80700738185	1.80700738185	0.075570443488	1.34818350276	1.34818350276	0.105440666529	0.0214547389267
1.95900485906	1.95900485906	0.0587948469595	1.28680628206	1.28680628206	0.0962222412236	0.0303333323297
1.96322912158	1.96322912158	0.0882854378644	1.18274566571	1.18274566571	0.0934955605413	0.0130357625109
1.72166869561	1.72166869561	0.0944181764623	1.27270203151	1.27270203151	0.137509097529	0.0158761204006
1.74149390282	1.74149390282	0.0432862855561	1.04373028514	1.04373028514	0.0809320772328	0.0122718642703
1.64253251772	1.64253251772	0.0731796233518	0.912299350239	0.912299350239	0.0684757641364	0.00344436402864
1.70778937274	1.70778937274	0.0732721017365	0.73671263712	0.73671263712	0.0964847330803	0.0202645199282
1.58530454743	1.58530454743	0.119195333884	1.35490413868	1.35490413868	0.0939031738699	0.00539776444666
1.77706702938	1.77706702938	0.190570812382	1.17933992143	1.17933992143	0.0676541346803	0.0130376137126
1.85897395993	1.85897395993	0.101809447018	1.01047967413	1.01047967413	0.0634016915825	0.0205074678261
1.66152116453	1.66152116453	0.0907441378516	1.1120730632	1.1120730632	0.0922396321715	0.0185979776541
1.91205354291	1.91205354291	0.0823423911903	1.01525266833	1.01525266833	0.0815869132567	0.0163520370506
1.49587758501	1.49587758501	0.123113016746	1.55212199302	1.55212199302	0.0749414102927	0.00687622955775
1.77383961225	1.77383961225	0.0943122416573	1.14217299351	1.14217299351	0.0878706455026	0.0209676209878
1.91591245152	1.91591245152	0.086047409519	1.07179823836	1.07179823836	0.0673645578951	0.0137167736153
1.65657131106	1.65657131106	0.100252200396	1.14792387535	1.14792387535	0.0698940450281	0.0141609511917
1.82115918932	1.82115918932	0.095133593218	0.752365540135	0.752365540135	0.0760349358802	0.0168468451447
1.50938671029	1.50938671029	0.0801721539066	0.697093806106	0.697093806106	0.0899854676381	0.0117057287685
1.71389103911	1.71389103911	0.0727160681725	1.57454425776	1.57454425776	0.0630297093175	0.0119953739368
1.481361177	1.481361177	0.045225059977	1.15149515767	1.15149515767	0.102875733707	0.0274591904694
1.71879119926	1.71879119926	0.0881083293174	1.19531753728	1.19531753728	0.087395669827	0.0169597046479
1.75133746837	1.75133746837	0.0763518239028	3.28025993783	3.28025993783	0.0709488061257	0.0122352973796
1.99741054592	1.99741054592	0.0849820135128	0.703757859548	0.703757859548	0.0917937363507	0.0164556432429
1.52581731569	1.52581731569	0.0243660478159	1.50138199815	1.50138199815	0.0704414055818	0.00171570700103
1.38491195793	1.38491195793	0.123297217658	1.2147218757	1.2147218757	0.102006365083	0.0117094835826
1.77793121686	1.77793121686	0.0849096634976	1.10851313599	1.10851313599	0.0662412247481	0.0356277878752
1.71349369387	1.71349369387	0.0971570770809	1.3229612822	1.3229612822	0.11062085915	0.0185850168027
1.49985582141	1.49985582141	0.0779680196194	1.08637655367	1.08637655367	0.0958289611986	0.0253358123777
1.92575460392	1.92575460392	0.0929217537921	0.980340246848	0.980340246848	0.0549807602702	0.0107218213895
1.79180816024	1.79180816024	0.0863240254341	1.3462369861	1.3462369861	0.0898347211998	0.00823499270854
1.77450217042	1.77450217042	0.0832355844485	1.08442259861	1.08442259861	0.0822293668464	0.0069274494495
1.88969871212	1.88969871212	0.0702255754117	1.01843776422	1.01843776422	0.13107266305	0.00162618136867
1.80405009774	1.80405009774	0.128817530112	1.44832653715	1.44832653715	0.0813702011447	0.0174202473019
1.66335333397	1.66335333397	0.109773641259	1.33885167994	1.33885167994	0.0772649826997	0.00343987328076
1.75338903749	1.75338903749	0.0838829129649	0.971888690995	0.971888690995	0.0513878281565	0.00417893118948
1.49913903148	1.49913903148	0.0785601033383	1.17019809777	1.17019809777	0.0865356218411	0.00866532355611
1.62870131987	1.62870131987	0.0788040893785	0.842042699187	0.842042699187	0.0787840787235	0.000715610807653
2.39044822614	2.39044822614	0.0845423905061	0.542250718382	0.542250718382	0.0860235296028	0.00289239032902
1.6275451589	1.6275451589	0.0666483015507	1.03071647556	1.03071647556	0.107062763369	0.0375135551652
1.74641603099	1.74641603099	0.0724823640735	1.54946632369	1.54946632369	0.0928486002575	0.0245393787797
1.85737813524	1.85737813524	0.0846405819081	1.11172839697	1.11172839697	0.0926639101651	0.0301495429404
1.59571944829	1.59571944829	0.124078041919	1.43153488911	1.43153488911	0.0767109290962	0.0175692148961
1.90357431208	1.90357431208	0.08832554881	1.17845117869	1.17845117869	0.116019331593	0.0143330514383
1.85141552221	1.85141552221	0.0756450940186	1.18126459538	1.18126459538	0.0847443533467	0.0138523385155
1.83837044188	1.83837044188	0.0725962002939	1.13029886024	1.13029886024	0.102741195589	0.0278086833371
1.74536402503	1.74536402503	0.105166390417	0.82242815908	0.82242815908	0.0965006835345	0.00567825912469
1.7912590266	1.7912590266	0.138958698653	1.15053400415	1.15053400415	0.246862868618	0.00917566621579
1.62971990374	1.62971990374	0.0844420865329	1.16636053925	1.16636053925	0.0916029879354	0.0254932005884
1.74778988815	1.74778988815	0.0915921076762	1.18457709549	1.18457709549	0.0919693079677	0.0260672014394
1.6955472401	1.6955472401	0.09862911104	1.09841785889	1.09841785889	0.149086623765	0.0363622468273
1.5103210016	1.5103210016	0.0832351237346	0.954875749806	0.954875749806	0.0769227531192	0.0143804198306
1.7511740629	1.7511740629	0.11053358363	1.08711291	1.08711291	0.0962118455414	0.0180449090011
1.67720841099	1.67720841099	0.128915751651	1.40661187931	1.40661187931	0.122911141694	0.000737274384845
1.73208907348	1.73208907348	0.113867849262	1.32714845229	1.32714845229	0.112130288454	0.00881649413214
1.54475663364	1.54475663364	0.0887569515893	0.526356701154	0.526356701154	0.0830292169567	0.00526243994032
1.79340631008	1.79340631008	0.0668467892179	1.20649649338	1.20649649338	0.0836082974698	0.00243501153227
1.74990116906	1.74990116906	0.0842447026513	1.65130115194	1.65130115194	0.0967693394487	0.0185472998089
1.80171421344	1.80171421344	0.0892412221307	0.707839382476	0.707839382476	0.0631482237365	0.00937700239413
2.02232258447	2.02232258447	0.0996324128076	1.04886057135	1.04886057135	0.20052926955	0.00668860357491
1.63670567231	1.63670567231	0.0986118004776	1.78053790133	1.78053790133	0.0782177783283	0.0356049926756
1.70137734879	1.70137734879	0.086875775287	1.48547889897	1.48547889897	0.0768234119714	0.0162787718415
1.65903067245	1.65903067245	0.08836043921	0.163107661222	0.163107661222	0.0812463523276	0.00740678743258
1.51781486687	1.51781486687	0.046994138121	1.39632386081	1.39632386081	0.0993438684931	0.0159666330411
1.63530136506	1.63530136506	0.102817986783	1.38153285514	1.38153285514	0.0742688100786	0.00743947206434
1.94192571971	1.94192571971	0.0849948590274	1.1160702024	1.1160702024	0.0780727820834	0.0118541986218
1.7734294371	1.7734294371	0.0894611770845	1.33915397523	1.33915397523	0.0902613418505	0.0187663168928
1.76049633732	1.76049633732	0.0749309957712	0.964794380664	0.964794380664	0.0962129049687	0.0125792654398
1.79693501319	1.79693501319	0.0875360261184	1.15082108641	1.15082108641	0.0895652949776	0.0106188167535
1.74805359016	1.74805359016	0.0927086217899	0.0993927365285	0.0993927365285	0.0950229295234	0.00973140654522
1.74104833175	1.74104833175	0.0861201602017	1.49203432814	1.49203432814	0.137295884061	0.00111977190834
1.68276989116	1.68276989116	0.0761699436504	1.14386855976	1.14386855976	0.041095327586	0.00547482881502
1.55633122454	1.55633122454	0.0681226419381	1.10876258955	1.10876258955	0.0711156756237	0.00110363457714
1.68678344168	1.68678344168	0.087818094653	0.842177997932	0.842177997932	0.101360900301	0.0292352203084
2.10444395267	2.10444395267	0.0905209632359	1.08536393561	1.08536393561	0.0909027104109	0.00296346609329
1.72614731836	1.72614731836	0.0838933463934	1.24648529634	1.24648529634	0.0874259101893	0.0207644082762
1.6510515054	1.6510515054	0.0588239998299	1.01834504708	1.01834504708	0.0729897025417	0.0117925768856
1.61560722122	1.61560722122	0.123061193115	1.70193656093	1.70193656093	0.0774916884783	0.0198006419203
1.68833974054	1.68833974054	0.088568905439	0.831757751537	0.831757751537	0.144221148351	0.00502831638497
1.68436846783	1.68436846783	0.105552097859	1.04290151876	1.04290151876	0.0753345114437	0.0340703236116
1.76724692526	1.76724692526	0.140430010324	1.52513062836	1.52513062836	0.0744532677089	0.0290954131177
1.70088667318	1.70088667318	0.137768125842	1.02282857289	1.02282857289	0.0620650966304	0.000239973336092
1.65307746761	1.65307746761	0.0767562380847	1.64680221544	1.64680221544	0.0911210486899	0.00944753448564
2.14955612646	2.14955612646	0.0916634467141	1.78815416939	1.78815416939	0.0870717840516	0.00631339659887
1.93811240424	1.93811240424	0.0809220680724	1.9702000696	1.9702000696	0.0836596303502	0.017502219642
1.64372462146	1.64372462146	0.0376707216032	0.659982232034	0.659982232034	0.169020146806	0.00219719671468
1.3667279814	1.3667279814	0.0750688574907	0.712295420311	0.712295420311	0.0831202895859	0.0137808624379
1.75850806249	1.75850806249	0.0781179275981	1.37492574104	1.37492574104	0.104891394271	0.00547334625477
2.21539394128	2.21539394128	0.0834849792739	1.12985712	1.12985712	0.0864906509237	0.0294664367258
1.79506000858	1.79506000858	0.0828355806535	1.13066611146	1.13066611146	0.0979168435376	0.00862798238161
1.55834901728	1.55834901728	0.0634932940348	2.22534136432	2.22534136432	0.0882079463911	0.0211868401261
1.68217920737	1.68217920737	0.0831187906949	1.55143789526	1.55143789526	0.0827879585399	0.0227211093548
1.54227998739	1.54227998739	0.0811329660908	1.03089694321	1.03089694321	0.0843804771754	0.0175995373668
1.62908159351	1.62908159351	0.100126236683	1.17252128409	1.17252128409	0.114285603229	0.006034804229
1.58561218192	1.58561218192	0.0198598010108	0.90015227154	0.90015227154	0.097886048242	0.00492060951153
1.97902542526	1.97902542526	0.0838694162386	0.648834771757	0.648834771757	0.110044122493	0.0220519926431
1.8216004024	1.8216004024	0.0913246357613	1.26173013745	1.26173013745	0.0930648470536	0.0312043355144
2.37941353941	2.37941353941	0.0769222921096	1.36494843844	1.36494843844	0.0818976760067	0.00812137945263
1.88095365744	1.88095365744	0.0769138897404	1.18553297714	1.18553297714	0.0737853131361	0.00539462678386
1.64794386381	1.64794386381	0.0741184604344	1.23004711817	1.23004711817	0.090003609574	0.00793192177043
1.6830555494	1.6830555494	0.052754271462	1.19972143142	1.19972143142	0.117456927861	0.00425181711496
1.65629151379	1.65629151379	0.0664404351384	1.3601050479	1.3601050479	0.0333702327131	0.0171047875513
1.77117579639	1.77117579639	0.076495838906	1.24866973483	1.24866973483	0.0919909349441	0.00561824330371
1.57427845848	1.57427845848	0.0964295348523	0.959925552818	0.959925552818	0.145001496251	0.00591829710617
1.82933886742	1.82933886742	0.0867450395583	1.24450883484	1.24450883484	0.0777569023543	0.00947697057295
1.63858452443	1.63858452443	0.024355114445	1.31617450292	1.31617450292	0.0949514292714	0.0185238297541
1.73102091992	1.73102091992	0.0636318451387	0.790186874577	0.790186874577	0.0907087800508	0.0120072526482
1.87686236116	1.87686236116	0.10163126117	1.15454982051	1.15454982051	0.0587156159764	0.0130840597051
1.62439445944	1.62439445944	0.0426411945327	1.12418688825	1.12418688825	0.0751847850178	0.0229675384046
1.67293944234	1.67293944234	0.0732807152735	1.19360389324	1.19360389324	0.069907031253	0.0145315907071
1.75006313489	1.75006313489	0.0858684166704	1.23403246347	1.23403246347	0.122599262888	0.0166802584484
1.91374875268	1.91374875268	0.0783240514684	-0.365387683113	-0.365387683113	0.0941918744066	0.0246080644239
1.63604686998	1.63604686998	0.0995890900482	1.15204786192	1.15204786192	0.0657317104982	0.0207994586688
1.64931199237	1.64931199237	0.0706689937403	0.788297777989	0.788297777989	0.113416318848	0.0131406660865
1.07881632379	1.07881632379	0.0645008344521	1.63039231371	1.63039231371	0.0758199873053	0.0175004121849
1.83899323334	1.83899323334	0.0866109120815	1.16024301224	1.16024301224	0.0995946861863	0.017354180713
2.01360292805	2.01360292805	0.0727845447302	0.943092363186	0.943092363186	0.0813401706276	0.0226347237688
1.53270379217	1.53270379217	0.0866211693507	1.68884070124	1.68884070124	0.0763988184347	0.0305573020941
1.48227044831	1.48227044831	0.0851496692089	1.18125993557	1.18125993557	0.112432130478	0.00385474563603
1.7352363519	1.7352363519	0.0854297777838	1.20045356092	1.20045356092	0.0771759179258	0.00311397219357
1.85866193193	1.85866193193	0.0674768323607	0.954386505693	0.954386505693	0.0863084093322	0.0170790062121
1.71438266202	1.71438266202	0.0856103342225	0.382666461051	0.382666461051	0.127247397832	0.00605109009219
1.77593746218	1.77593746218	0.0579310439952	1.19239575408	1.19239575408	0.0630799526176	0.0110704793694
1.91194213355	1.91194213355	0.091542525238	1.20874008898	1.20874008898	0.123664416397	0.00721173433474
2.00353149269	2.00353149269	0.0742073114474	1.37016899178	1.37016899178	0.0833980726661	0.0294556841902
1.83521137774	1.83521137774	0.0658534040584	2.84410891949	2.84410891949	0.0630452479439	0.0207425875984
1.81156430665	1.81156430665	0.121456032584	1.34032229456	1.34032229456	0.0735174596311	0.000771484400874
2.27152009455	2.27152009455	0.093827986514	1.22399777517	1.22399777517	0.0843098080729	0.00214778337323
1.69434849453	1.69434849453	0.0877984452495	1.48245841809	1.48245841809	0.0912092442731	0.00828641119859
2.37672903614	2.37672903614	0.084479395298	1.46980429465	1.46980429465	0.102794025107	0.0293989217133
1.6152873253	1.6152873253	0.0585450614274	1.71068449191	1.71068449191	0.124505256814	0.0279415237629
1.81740232563	1.81740232563	0.0846254173475	1.88752365917	1.88752365917	0.107331345287	0.0203163543581
1.84000615119	1.84000615119	0.0452741604716	0.906441320369	0.906441320369	0.113504935062	0.0155244333592
1.6702228698	1.6702228698	0.0867560855366	0.846916771063	0.846916771063	0.168527703488	0.0238886702727
1.66155823812	1.66155823812	0.0923686105572	1.29925843488	1.29925843488	0.127473841355	0.0205787599132
1.68045446943	1.68045446943	0.0925367867806	0.681640117437	0.681640117437	0.103776435127	0.0148369876758
1.50453849658	1.50453849658	0.0782688427578	1.25214478851	1.25214478851	0.0855960871665	0.0189947816015
1.46324040825	1.46324040825	0.081090777992	1.11889291093	1.11889291093	0.0790891099899	0.0187181799861
1.75813529855	1.75813529855	0.0951810830659	1.1358699303	1.1358699303	0.0874125915619	0.0138140966157
1.7677729668	1.7677729668	0.0760090948687	1.16195820911	1.16195820911	0.0853232302966	0.0198814149818
1.72734287338	1.72734287338	0.0950110406614	0.893542261774	0.893542261774	0.0736426201563	0.0204359500596
1.84407879647	1.84407879647	0.0877606049668	1.03242215062	1.03242215062	0.0745825224095	0.00586436926995
1.96931425951	1.96931425951	0.0675773079369	0.3527060231	0.3527060231	0.106816572437	0.0152827789509
1.81210440763	1.81210440763	0.0837383611846	1.05659331196	1.05659331196	0.0936190515683	0.0322088938337
1.76560923581	1.76560923581	0.087235034548	1.28455608982	1.28455608982	0.0931710584096	0.0211502822382
1.79507686399	1.79507686399	0.0799972305409	1.00414934704	1.00414934704	0.0731868990033	0.0124584964136
1.48372663735	1.48372663735	0.0492962696695	1.8049936835	1.8049936835	0.0418625921638	0.00802371060724
1.50994723702	1.50994723702	0.1080488053	1.68315015769	1.68315015769	0.119678415194	0.0189855708204
1.64507114341	1.64507114341	0.0476345725278	1.62514432962	1.62514432962	0.0797511245675	0.0229474313202
1.73328316845	1.73328316845	0.0479984995321	1.19006215021	1.19006215021	0.0706910308577	0.0192295657333
1.82067186969	1.82067186969	0.0852739500177	0.90608948219	0.90608948219	0.068258724641	0.0114286457205
1.61313773748	1.61313773748	0.0762581980026	1.22665808542	1.22665808542	0.0783653241365	0.0243020990758
1.72814565938	1.72814565938	0.0863473746273	0.938179734472	0.938179734472	0.101774609228	0.0140779884046
1.3506800742	1.3506800742	0.0837555024297	1.46926697889	1.46926697889	0.0870485141071	0.0124068548627
1.57144083372	1.57144083372	0.106446326825	0.851540541946	0.851540541946	0.102594651249	0.000462993190783
1.72239851877	1.72239851877	0.0761457863389	0.566476030144	0.566476030144	0.099882430253	0.00975936154008
1.83380012701	1.83380012701	0.0695842630783	1.2861315357	1.2861315357	0.0882278669157	0.00386081922982
1.83784987841	1.83784987841	0.10118826638	1.14791352003	1.14791352003	0.119772294933	0.0256959306107
1.71201781358	1.71201781358	0.0795448900284	0.929872739202	0.929872739202	0.0806558223531	0.00248546824912
1.82401683897	1.82401683897	0.0601180807328	1.11414887621	1.11414887621	0.0919769363593	0.0260838676726
1.36464093638	1.36464093638	0.0965126022225	1.65444122356	1.65444122356	0.0869546833584	0.0157472025408
1.70025158991	1.70025158991	0.0829068683121	0.976883026451	0.976883026451	0.0932981022758	0.00816370209864
1.6552454712	1.6552454712	0.0811149360302	1.11170839515	1.11170839515	0.113370649068	0.00353838258997
1.68119726948	1.68119726948	0.0920560801242	0.973893654049	0.973893654049	0.114277919381	0.00886437926457
1.88791800976	1.88791800976	0.113983125309	0.969684882463	0.969684882463	0.0847663851906	0.00186001303023
1.89833985371	1.89833985371	0.110208068113	1.08936118887	1.08936118887	0.0806786468597	0.00132598899878
1.82177695072	1.82177695072	0.0610352747711	1.86118663447	1.86118663447	0.0647499975941	0.00953381603643
2.01685000433	2.01685000433	0.0710964928246	1.23172660508	1.23172660508	0.0968460467908	0.0177178629643
1.91827520604	1.91827520604	0.0898119295851	0.988707440303	0.988707440303	0.171686518376	0.00453051821492
1.82847910281	1.82847910281	0.104809414523	1.42171402004	1.42171402004	0.068677288975	0.000307792673865
1.3385468693	1.3385468693	0.0760165478006	0.969171444373	0.969171444373	0.0818492703878	0.00900306613493
1.72785367199	1.72785367199	0.132610268643	1.24603192194	1.24603192194	0.0963083585288	0.0303856332688
1.83367379736	1.83367379736	0.0835493311576	1.45314682764	1.45314682764	0.0832402289485	0.0107556817239
1.71390679447	1.71390679447	0.122698186084	1.72449063756	1.72449063756	0.0924245449253	0.0171437449639
2.2790525938	2.2790525938	0.0666359819716	1.72106593652	1.72106593652	0.0891841868166	0.0142662120681
0.377229152137	0.377229152137	0.0956321278514	0.949701785209	0.949701785209	0.103284799213	0.0161389460256
1.8881090914	1.8881090914	0.0884523202912	1.39483127116	1.39483127116	0.0860474468372	0.00673631675844
2.01409817036	2.01409817036	0.0773400698558	1.20983573837	1.20983573837	0.0675726624278	0.00261538143784
1.57287151502	1.57287151502	0.0697363995266	1.22295520828	1.22295520828	0.0805796116222	0.00332727992112
1.69579551649	1.69579551649	0.085238983706	1.12570975684	1.12570975684	0.0693027125183	0.00500285707031
1.70209639949	1.70209639949	0.0879874376345	1.00615962269	1.00615962269	0.0898038474846	0.0159068966705
1.77575340274	1.77575340274	0.058457632306	1.34278815548	1.34278815548	0.0481141982518	0.00250180713409
1.73067506185	1.73067506185	0.0939222240496	1.00680169817	1.00680169817	0.0765025013031	0.0124769019046
1.16882944745	1.16882944745	0.067210122425	1.08904289076	1.08904289076	0.0814640791056	0.0163579348347
1.63722997405	1.63722997405	0.0867470316767	0.653774141591	0.653774141591	0.0715283635706	0.0122853493261
1.66760034349	1.66760034349	0.0883362809674	1.07732085031	1.07732085031	0.0753807728659	0.00694145891686
1.69998452249	1.69998452249	0.112478160687	1.29899209719	1.29899209719	0.116518801872	0.0201423317384
1.92390874574	1.92390874574	0.0860853983188	1.52811612317	1.52811612317	0.0786089550722	0.0043055802686
1.85716165879	1.85716165879	0.0837930497027	1.47647615432	1.47647615432	0.087857246399	0.00797068262349
1.93983010098	1.93983010098	0.0631290312397	0.561482744438	0.561482744438	0.0903393851846	0.0148257629433
1.82338130199	1.82338130199	0.0895014824682	1.2231156563	1.2231156563	0.0951608867609	0.00126304290899
1.80235754947	1.80235754947	0.11397030135	1.23396205296	1.23396205296	0.110706263701	0.00950751059988
1.71491062479	1.71491062479	0.0570512011622	0.653991573968	0.653991573968	0.0838738236399	0.013423742124
1.67870018158	1.67870018158	0.106173072617	1.29499586604	1.29499586604	0.0889667031163	0.00450258879625
1.57082186737	1.57082186737	0.108758482221	1.12405902403	1.12405902403	0.0825955272623	0.0377816754683
1.71918162948	1.71918162948	0.0833173970967	1.03831248754	1.03831248754	0.103789281741	0.032150536574
2.00271379805	2.00271379805	0.0829598892718	1.34473060586	1.34473060586	0.0875311809231	0.0342613773297
1.37724459375	1.37724459375	0.0789243616907	1.0037281903	1.0037281903	0.169876004569	0.00236379574972
1.78795836374	1.78795836374	0.0890093847892	1.61892515095	1.61892515095	0.0906355198965	0.00095415930735
2.19495747665	2.19495747665	0.0599927536654	0.957686043853	0.957686043853	0.0927492369312	0.0239982467262
1.82400780864	1.82400780864	0.0716983599527	1.10579221407	1.10579221407	0.087842975604	0.0144121583077
1.75301907788	1.75301907788	0.0810523373404	1.17590848339	1.17590848339	0.0884278267162	0.0132491943278
1.65224093632	1.65224093632	0.0529301650791	1.53752134011	1.53752134011	0.0880598980125	0.0181604035128
1.7850171605	1.7850171605	0.0859259360594	1.30544646413	1.30544646413	0.0809373347366	0.0147588896751
1.81968038717	1.81968038717	0.0806646927841	-0.391347107134	-0.391347107134	0.0865299875902	0.0211054079849
1.65226310726	1.65226310726	0.0819945278778	1.42373467145	1.42373467145	0.102648029897	0.0129466948598
1.565375643	1.565375643	0.0942462515728	1.80318380246	1.80318380246	0.0614678032603	0.0227449645866
1.84234020642	1.84234020642	0.0801674092435	1.00465106548	1.00465106548	0.0261260442928	0.00463392878305
1.80841607447	1.80841607447	0.0799676658949	1.25005437825	1.25005437825	0.063537043892	0.0157204666103
1.75395612651	1.75395612651	0.0846804885081	1.28579742725	1.28579742725	0.0867972618632	0.00412372098579
1.76472612132	1.76472612132	0.0811745321342	0.835409130213	0.835409130213	0.0721228232176	0.00148306500085
1.42817228753	1.42817228753	0.086095046919	1.26296595535	1.26296595535	0.0980063557109	0.0249552875558
1.74387656227	1.74387656227	0.0798169189591	1.08635518061	1.08635518061	0.103795442796	0.0135353733283
1.7908351801	1.7908351801	0.0866916832574	1.3480120115	1.3480120115	0.0883620322642	0.0121132771483
1.91759171617	1.91759171617	0.0787163664862	2.45591637383	2.45591637383	0.0878588959825	0.0355514979563
1.75060200632	1.75060200632	0.0884732504114	0.879652316871	0.879652316871	0.0787483253567	0.000327468801448
1.7112570502	1.7112570502	0.055852347827	1.9132541039	1.9132541039	0.067951951434	0.00385382946747
1.76326599833	1.76326599833	0.0991519807514	1.2578190974	1.2578190974	0.119371839548	0.00896004393949
1.68871656942	1.68871656942	0.135453134947	1.37817535057	1.37817535057	0.0999113139117	0.00369558926999
1.87543160813	1.87543160813	0.0811031018458	1.10342650633	1.10342650633	0.0981692461035	0.00174846149793
2.33513839291	2.33513839291	0.0801719358804	0.858403949357	0.858403949357	0.0899736532149	0.0196223957921
2.05377696519	2.05377696519	0.101459579581	1.66340946193	1.66340946193	0.0804517757162	0.000664502509262
1.70217567245	1.70217567245	0.0887660907087	1.16645826967	1.16645826967	0.0880094210288	0.00415324167193
1.86639198544	1.86639198544	0.0795946921028	0.901850244349	0.901850244349	0.0313377015186	0.0293767002358
1.77799423862	1.77799423862	0.0720058686052	1.574523357	1.574523357	0.0949026346747	0.0231815357461
1.83066026779	1.83066026779	0.0623077739528	1.32030896755	1.32030896755	0.106882537741	0.0107903314782
1.46729497276	1.46729497276	0.0865033865938	1.07966028784	1.07966028784	0.11326324676	0.0263283948227
1.87156213545	1.87156213545	0.115488422636	2.00059206084	2.00059206084	0.07661223929	0.00699232227289
1.75572734056	1.75572734056	0.0748222924065	1.08010257302	1.08010257302	0.0828855614955	0.00935920856506
1.84725696959	1.84725696959	0.0799282286266	1.47392162617	1.47392162617	0.0980233199041	0.00785003975048
1.73404980515	1.73404980515	0.0867420833904	0.75260822103	0.75260822103	0.0872628958226	0.00637658158281
1.91484404511	1.91484404511	0.0485040486189	1.43781458647	1.43781458647	0.0635936593736	0.00368327338491
1.7645175636	1.7645175636	0.0772298285689	1.13101277762	1.13101277762	0.0895999400197	0.0244505013841
1.61926685902	1.61926685902	0.0865308431691	1.23992534449	1.23992534449	0.0851149106428	0.0200500116476
1.74289070898	1.74289070898	0.0522948265875	1.16477705454	1.16477705454	0.18880159245	0.00376981852737
1.81680599856	1.81680599856	0.101651636881	1.20153019621	1.20153019621	0.0859946306888	0.0137619833522
1.83521134144	1.83521134144	0.102142025546	0.945486968961	0.945486968961	0.0876654653434	0.00953700403259
1.8151835569	1.8151835569	0.0873819117119	1.18325843119	1.18325843119	0.0909132257936	0.0168215531311
1.75362939838	1.75362939838	0.0747477681888	1.35298565417	1.35298565417	0.0849129320768	0.0129845463768
2.02224662718	2.02224662718	0.0895455411723	0.749344523729	0.749344523729	0.117112588124	0.00632649997819
1.17463005518	1.17463005518	0.0610382638792	0.646264100604	0.646264100604	0.0742736575737	0.0337462516503
1.48787990142	1.48787990142	0.0904571088795	0.482687156347	0.482687156347	0.0656630979183	0.00824063998648
1.71216663932	1.71216663932	0.0569029111025	1.07878338858	1.07878338858	0.0936940228886	0.0294692217374
1.67035099298	1.67035099298	0.0816758080676	1.04778172062	1.04778172062	0.0867183730963	0.00506002067801
2.29899922021	2.29899922021	0.0952945315147	1.09389950088	1.09389950088	0.0738276513079	0.0100159158745
1.70401635677	1.70401635677	0.0874497423265	0.494562186227	0.494562186227	0.103309158253	0.029970521926
1.67093525221	1.67093525221	0.078489214659	1.29510375832	1.29510375832	0.110383082588	0.015349566002
2.02335080948	2.02335080948	0.0980315680682	1.00646613159	1.00646613159	0.0845190907362	0.0292076538457
1.65598737524	1.65598737524	0.0847200405434	0.768780564127	0.768780564127	0.0800696563188	0.00844637079438
1.74571713776	1.74571713776	0.107118137625	1.22116815945	1.22116815945	0.110051506675	0.00135604739094
1.90735947721	1.90735947721	0.0412871056907	1.177340573	1.177340573	0.109626004509	0.0174478156081
1.79093530974	1.79093530974	0.103391835695	1.61253929055	1.61253929055	0.0428967983115	0.0017035589251
1.7123071265	1.7123071265	0.0806908382657	0.884902412695	0.884902412695	0.0903512624454	0.0282374184307
1.74545896013	1.74545896013	0.083343516101	1.43151238653	1.43151238653	0.0957601163021	0.00513067835778
1.69291623821	1.69291623821	0.154047794589	1.0907593474	1.0907593474	0.104001951984	0.021133817782
1.12703803815	1.12703803815	0.102758915827	1.05778759927	1.05778759927	0.0791592883602	0.006373505833
1.78053453437	1.78053453437	0.105683299505	1.53638421879	1.53638421879	0.0693437108943	0.00914467706927
1.91854608689	1.91854608689	0.0936915352501	1.23482682492	1.23482682492	0.085801991971	0.0136343161121
1.83655020934	1.83655020934	0.0861902491657	1.04791744498	1.04791744498	0.0592257096872	0.0236740171948
1.36224309273	1.36224309273	0.0831030855811	1.11528978926	1.11528978926	0.090958566074	0.00869692726316
1.67111797106	1.67111797106	0.0746681357015	1.18558721755	1.18558721755	0.0849987916156	0.00863640472169
1.65235546964	1.65235546964	0.0823409710863	1.21633759036	1.21633759036	0.086622480277	0.0302820901502
