x0_HIS3_C12	r_HIS3_C12	K_HIS3_C12	x0_RAD52_C12	r_RAD52_C12	K_RAD52_C12	x0_C12
0.00114084366562	1.65712193562	0.0966356434741	5.61968190012e-05	1.93627966004	0.0623069598369	0.000781014821472
0.00152316090446	1.7104708519	0.0834000591402	0.000255940286317	1.95053693215	0.0621334389416	0.00117455365498
0.000578395810266	1.77305803666	0.105320497958	0.000195990735994	1.84735360313	0.0607294372365	0.000774168005849
0.00101521183649	1.65571904867	0.10354265586	9.12875624546e-05	1.88794654751	0.0432748427488	0.000820802319886
0.00126454044673	1.78539704002	0.086894984337	0.000148135069712	1.9660450407	0.0678797498977	0.000433462783197
0.000901164575856	1.69661918281	0.0959940901938	0.000121187174427	1.83690514248	0.0672390448776	0.00209407833424
0.00112989679461	1.75528064599	0.123385590458	9.28175900968e-05	1.95028045719	0.0697960868728	8.6617288353e-05
0.00116577304109	1.74988763785	0.111828302995	-2.22118371042e-07	1.82203822658	0.11755064774	0.00374335959574
0.000946359284056	1.86659036719	0.100829091066	5.15286072403e-05	2.02910702447	0.0649289841311	0.000259361939791
0.00119574987453	1.6419998249	0.0950303102451	0.000141814398749	1.81876600229	0.0770213328256	0.00261064096413
0.000924508151106	1.80555771633	0.0982117997731	0.000294561061974	1.78664032471	0.0517709235844	0.000782379363055
0.000795648294628	1.77342911083	0.103102154399	0.000108829343507	1.59131978048	0.0816768884411	0.00016672462231
0.00110935081109	1.63026593481	0.0976903440108	0.000171533336044	1.66346462351	0.0959573876035	0.00302368335204
0.00129951968618	1.704908492	0.104399079231	0.000134097014139	1.79396905991	0.0651128830724	0.000311645108337
0.000490354402356	1.80621267189	0.0985500762324	7.3405096597e-05	2.02314961077	0.0634401865997	0.00130782897883
0.00139103097144	1.82903245756	0.0978167567535	0.000109484834168	1.87143706687	0.0765629706762	0.000182764467658
0.00111178731858	1.75838363749	0.089634634884	3.77827295413e-05	1.91392508235	0.0699632049152	0.000576300201876
0.000975000498893	1.74368421366	0.100080207531	6.40100979226e-05	1.87646286806	0.0785545486862	3.00939073552e-05
0.00072919761439	1.81009751766	0.0959733567627	6.05020645733e-05	2.04002000121	0.016406013274	0.000311183370774
0.00102229208003	1.70837597186	0.124091475107	5.80603924632e-05	1.88459270966	0.00702915601625	6.46150821339e-05
0.00192643637502	1.79283726452	0.104202209433	0.000180179352298	1.8486935808	0.0749790491573	0.00287103398189
0.0012288556583	1.65047873828	0.112701320814	0.000230328694062	1.66664601239	0.0390677131568	0.000475855349965
0.000747632251478	1.65706592609	0.107394942236	0.000380584878029	1.91085640895	0.0709910478307	0.00366473885883
0.00189528674705	1.62276240889	0.0729752106187	-8.84420831169e-06	1.99657620443	0.0760167672163	0.000520156638155
0.00139238185107	1.67660327645	0.0922590052767	-4.47031677849e-05	1.82048433579	0.0721662289581	0.00176725056691
0.00160391880571	1.69827392265	0.150255337538	7.18585088845e-05	1.89870152115	0.0759584073298	0.000533152286318
0.00127716419776	1.74325818712	0.110699073761	8.60591887348e-05	1.88189093628	0.0616349517902	0.00242716422867
0.00102683805815	1.72639730552	0.098829907134	0.000156976887677	1.65238291835	0.0788471924424	0.00108554518231
0.000774289529843	1.77190792088	0.0961340676338	0.00025409129123	1.79866815073	0.0681476452927	0.000728764439956
0.00105807033747	1.7444373214	0.100843076433	-0.000114036824157	1.75743479164	0.0706497850811	0.000441292481312
0.00132463402273	1.6455497038	0.0854974066759	0.000125588697298	1.83480513484	0.0820333144101	0.00470146983777
0.000730450135839	1.75273743737	0.110319669553	9.88785489267e-05	1.75929574816	0.0750639343812	0.00114795552539
0.00130800777139	1.73158186154	0.0957798640546	0.00010361187675	1.79726795474	0.0633596107485	0.00339880695922
0.00106852354593	1.70850778851	0.0826006742725	0.000148898512607	1.75802204194	0.0665056148397	0.0013626058454
0.00305906231626	1.70676681706	0.11237698761	0.00032647556912	1.79979355566	0.0450418704541	0.000679466436136
0.00101535012843	1.90648329335	0.0796243508051	0.000226344779821	1.925787626	0.0592324699481	0.000291991732531
0.00187467129581	1.69342884743	0.113029909088	0.00011291520968	1.84275953658	0.0971627198764	0.000595066378574
0.00108390681959	1.74207045473	0.0759154633405	0.000224664099874	1.60945312844	0.0931189877385	0.00187342504485
0.00140927363639	1.67351346305	0.100176338003	5.47150496278e-05	1.83334862195	0.0606311819622	0.000152625280899
0.000812406141149	1.73893869684	0.0977432468	0.00014079729223	1.82403880916	0.0774339935138	0.000557494853902
0.000999857189359	1.73737193766	0.0967290351676	-0.000140368626411	1.78573357363	0.0833312679974	0.000473583253638
0.00130789813591	1.72295288649	0.106545455828	3.56195544224e-05	2.00260702627	0.0529351307062	0.0013776837759
0.0014804517988	1.58381961511	0.137306611621	9.81221509788e-05	1.64097805444	0.0651888683189	0.000534742219764
0.00140159799892	1.62549431591	0.0924014776592	0.000308170756714	1.85310262292	0.0598083570524	0.00165576878139
0.00110018658961	1.7203309179	0.0922461199996	0.000205353037895	1.81901994686	0.0727258464099	0.00167548179451
0.00122582861497	1.6953956673	0.0999529483913	8.00409723418e-05	1.76692722439	0.065534801007	0.00130554893563
0.00124440381046	1.71009257952	0.0994854581051	0.000116970864366	1.89080048412	0.0471539315176	0.00179552324722
-0.000298952849067	1.9014203489	0.111924530289	0.00215971831945	1.88859627943	0.0898789054588	1.41379138057e-05
0.00208509572793	1.69693784795	0.0919382880339	1.01520617276e-05	2.05961062364	0.059248650534	0.000717259313864
0.000537135046913	1.66229652408	0.10144353502	0.000140578547347	1.84452549756	0.0624582274449	7.05879834893e-05
-0.00143591895495	1.64484077135	0.100920182378	0.000166072143251	1.86982234232	0.0532153303065	0.00197445405518
0.00109378048234	1.74348144896	0.0928435720269	-0.000350669035033	1.86134396084	0.0960448143642	0.000737607415867
0.000921231253644	1.72653157332	0.0984816441631	6.2472581754e-05	2.02240975445	0.0605748151978	0.00197226340044
0.00124757759725	1.67265689129	0.11228904535	0.000159138056364	1.87349315011	0.0668452698183	0.0012939132098
0.00178302119043	1.73967226244	0.0982555054848	0.000343583519735	1.84344335898	0.0677197685938	0.00250006045767
0.00121480281678	1.72433022983	0.0952853408798	0.0001077021305	1.97727205585	0.0653550489989	0.00237455212539
0.000705061882372	1.75225725405	0.0959171142748	4.75917202667e-05	2.02725696573	0.0836122236228	8.88198331246e-05
0.00113663463633	1.71659520787	0.0976677218037	0.000117065924738	1.86617582596	0.0738145826436	0.000709337505734
0.00116407363557	1.75291558954	0.0979638562922	-6.80289448863e-05	1.82160294951	0.0741069193505	0.00016318053487
0.00128160894373	1.59883146476	0.108308037454	0.000256304398137	1.72130705691	0.068114493804	0.00414267619884
0.000716961699414	1.72588592108	0.0946581832634	8.07048600103e-05	1.64820142664	0.0644694285431	0.00156200547674
0.00089212916038	1.8298462122	0.100362586808	-0.00021333483926	2.03643549619	0.0548194737375	0.00505909978314
-4.03359783595e-05	1.79265359189	0.102240945146	0.00024509481371	1.84532712035	0.0757860601435	0.00670463527994
0.00144609678255	1.77921821248	0.12251342685	0.000127018294715	1.94792126929	0.110888282037	0.00285519142375
-0.00108880509372	1.70280941917	0.148399732945	4.48846939301e-05	1.58176839567	0.0694047243107	1.19189311398e-05
0.000950329292184	1.73237746477	0.11107164907	0.000148335123673	1.82353448786	0.0606662332493	0.000106785150531
0.000591924089296	1.68072239762	0.0895696205415	0.00121911753675	1.85885699384	0.068222797193	0.00142495203811
0.00139255495571	1.79498670835	0.0906086378924	0.000132388763286	1.83911379533	0.0515177463856	0.00227882249982
0.000748440237934	1.72213109282	0.096595300234	0.000482612085892	1.87584947184	0.132809379634	2.1812388868e-05
0.00101553734064	1.78676293412	0.0968272297907	0.000142530714104	1.7940334904	0.0677576799191	0.00120737864511
0.000927728675437	1.70374765174	0.100453847419	0.000453062266388	1.72482431323	0.0998834601641	0.000570156691924
0.000708754718897	1.88850681502	0.0973152226522	0.000172659583462	1.88248804215	0.0823351734114	0.0013302630657
0.000985203372915	1.75847964522	0.0336916615855	0.000119248743345	1.49721095507	0.0711454069264	0.00187171053391
0.00104709123611	1.73625183388	0.0571223067568	0.000237269955347	1.88830515979	0.0352515208546	0.00156907608389
0.00121384197619	1.85888518926	0.0956703783021	6.06800424404e-05	2.13463636495	0.0524321697243	0.00120768915325
0.000741938212178	1.84015063913	0.0846683093466	8.97145210481e-05	1.84710020427	0.0620963271334	0.000494197304084
0.000805070658867	1.84430992379	0.088916256273	0.000241115687132	1.8664409346	0.0579191937848	0.000258745749581
0.00173864625895	1.81868770347	0.100608800792	0.000129449775342	1.92658210125	0.0707020328496	0.00275993089506
0.000650388005391	1.72725505266	0.105339216744	0.000149610317411	1.76786524273	0.0722534928035	0.00318208192272
0.000913710552804	1.78713103916	0.093077625114	0.000202602882775	1.82511314461	0.0571283213766	0.00111064064317
0.00215609821165	1.65667351362	0.0852866764622	6.47719969498e-05	1.85419340844	0.0727396270773	0.00227563163025
0.00102390529488	1.6438150674	0.103340258951	0.000299378751019	1.65361935715	0.0637850918469	0.00105668394642
0.000799068735187	1.79846295931	0.100143055518	6.92077217221e-05	2.12083735819	0.0603155782352	0.00120220102708
0.00124399077517	1.60557940145	0.133147615574	7.90875216436e-05	1.9593256754	0.0496872585758	9.55493288924e-05
0.00144969209352	1.730360109	0.111351866135	0.00018601992792	1.71414202762	0.105548842248	0.000965486829833
0.00141097888932	1.76155978008	0.00952958300891	0.000235035955257	1.88820332136	0.184506346	0.00131068290927
0.00119802957834	1.69428292223	0.110471866501	0.000158881594478	2.06145718306	0.0797671443383	1.83186731927e-05
0.000586159495938	1.94492064583	0.0796514393791	4.26042288165e-05	2.05173098332	0.0461520402447	0.000205602371934
0.000834647898398	1.67485104603	0.117078227052	0.00019585233441	1.85786332936	0.107638566487	0.00128332226734
0.00149039407263	1.75738107326	0.0852095643798	0.000219596553811	1.80483204656	0.0760103655362	0.00236459986822
0.00108895997316	1.69105020451	0.0960314335975	7.12238387449e-05	1.70183003912	0.0651599817089	0.00914843821108
0.00166334580925	1.71748663858	0.0487037791486	9.75013460116e-05	1.90734149813	0.0662194622432	0.000471562581638
-0.000119211754866	1.66438092135	-0.0544293155306	0.000219208764995	1.6433438797	0.0631612446037	0.0025060535246
0.00191137103203	1.66953353757	0.0855380441491	7.1978171468e-05	1.8343361642	0.101617126034	0.000800788961104
0.00127279412369	1.52961223314	0.0889511211548	0.000366499610015	1.43892069757	0.0977920156008	0.00214548678882
0.00332257943399	1.61111570436	0.124488691258	0.000128318627185	1.59068304566	0.0787300728487	0.000454691292752
0.000592185224156	1.9124289387	0.0993255456465	7.03370249474e-05	1.96017454331	0.0817988829209	0.000263672780173
0.00127980836559	1.79526161161	0.0455693428542	0.000140769875038	1.85420424205	0.0658523682922	0.00116934494266
0.00112328648782	1.71545047695	0.104720936345	0.000145335546	1.61882537362	0.0211819477143	0.00140892386583
0.00102491830729	1.72991121039	0.0972434294571	7.85092880458e-05	2.0432944164	0.0631321293249	0.0017914269917
0.000943244613362	1.74190317748	0.07975275186	5.16708966099e-05	2.04365469963	0.0773287886041	0.000368616138043
0.00125017751457	1.7543053752	0.0840946597984	7.80433574914e-05	2.05998524256	0.0602604604654	0.00567586432555
0.00113728936559	1.84056476073	0.105635140466	0.000153532397556	1.91124348892	0.0562518044612	0.000477820596056
0.000756412325473	1.8441315055	0.0991458863213	0.000744536886214	1.92906860333	0.0751469477481	0.000743843754402
0.000961881676718	1.6925403906	0.115480026315	-2.34594593719e-05	2.07800780719	0.0745621863519	0.00103612545716
0.000311964936913	1.83703494361	0.0878320069327	0.000130784159978	1.86780944411	0.0717402533907	0.000172917297097
0.000758832079258	1.83171233516	0.0842799695218	7.0050122017e-05	2.08219162234	0.0624169613187	0.00132206893074
0.000586479879985	1.70640456065	0.094351912368	0.00016558036892	1.60469277885	0.0778309738249	0.000708246400793
0.00113545117417	1.62141901217	0.100916092674	0.000147206824395	1.78030067975	0.0585038397218	0.000785388574112
0.000946149441871	1.71050569836	0.0737028962477	0.000118222211061	1.9944540558	0.101791147028	0.00182342968894
0.000522179001759	1.70041950945	0.0945342701875	0.000105983829896	1.94790659068	0.0700026735648	0.00103939996177
0.0012413785867	1.80310290301	0.121662861693	9.91842993362e-05	1.76787152402	0.0729004746197	0.00123893302999
0.000791795548269	1.84825208862	0.0710982388904	0.000154422447691	1.49730261054	0.0825819003041	3.22035635486e-05
0.00197848343491	1.72405890643	0.102912512683	0.000284140578194	2.13529603092	0.0414576287799	0.00263180494765
0.00111198205826	1.78633952994	0.0887299267675	6.40535800713e-05	1.88116542879	0.0785475283386	0.000586056775191
0.000920092592538	1.77430559673	0.0779087577712	0.000171158777552	1.87078037615	0.087409301635	0.000850968714443
0.00125164912303	1.74676817198	0.0867765746141	-4.39585788694e-05	1.77014557567	0.0667363896976	0.00394582164011
0.000307398456982	1.74002624032	0.097031890409	0.000529351765947	1.85031243722	0.0676697681942	0.0011475359126
0.00120415466865	1.69625782136	0.0905308823261	0.000207008443163	1.79539382163	0.0454940308495	0.000421363654659
0.000820004240903	1.41719931857	0.0873245344637	0.000145703334671	1.84385445197	0.0812506414307	0.000698022926041
0.000201774056377	1.65916410242	0.09412729501	0.000111387460319	1.76384853925	0.087652030965	0.00567662023488
0.00147684653129	1.63049848692	0.0953721751268	0.000193564316257	1.59381892093	0.0686641273245	0.000630950851907
0.000356075414063	1.66286408253	0.0990587032907	8.3656341434e-05	2.02211840099	0.0595800227702	0.000739877693772
0.000916919425757	1.63646754019	0.101777883393	0.000247469423613	1.78627118643	0.101787809634	0.00185771098541
0.000129433281857	1.7827804576	0.0974936866773	0.000342148995294	1.71184355174	0.0728148747675	0.00086447787594
0.00115722293198	1.69181564615	0.114142307307	0.000118502934997	1.97114005159	0.0949328976607	0.00120119654649
0.000104281124721	1.63517464334	0.0952946202833	0.000129980379481	1.94888253026	0.079908576316	0.00707916788973
0.00134589029464	1.6811921651	0.0907340226692	6.24838997764e-05	2.09287156817	0.0541372112578	0.00157790789883
0.000666798276493	1.85652766584	0.139979579113	0.000165975521694	1.7154843544	0.0559226014836	0.000169906860826
-5.86084215056e-05	1.82903770667	0.104932408726	0.00015563885944	1.7797289432	0.0725756247966	0.000854786580442
0.000935408734461	1.53668283184	0.10462600943	0.000135696580138	1.81014222743	0.111241406108	0.0014839863987
0.0009366029392	1.74575781072	0.142214897788	0.000156615977656	1.85308092923	0.0737775676277	0.0017747934456
0.00320641549757	1.74904890783	0.108981212807	0.00018654198529	1.93878809775	0.061862880898	0.000220353421295
0.00101877641975	1.61538955234	0.109067705878	0.000213635792658	1.50158740248	0.0767345715625	0.0017758113213
0.00101631281812	1.72918181527	0.1100658113	0.000212557536073	1.9750639934	0.0846309011517	0.00149017993799
0.000519042065579	1.95943230707	0.0926780449297	0.000129536987384	1.88765822099	0.0859086122635	0.000898538235816
0.000804742312407	1.73361825868	0.0988699520947	0.00014022209489	1.78546310408	0.075370546434	0.000335813400667
0.000914145457457	1.77635512736	0.0945486822743	4.04821462573e-05	1.78549108665	0.059709676671	0.00562875675091
0.000870905486128	1.74098182846	0.0917344244696	0.000208068573884	1.76056421601	0.0849395892108	0.000164227673067
0.000945120168317	1.76836219069	0.0879496740854	9.48507649973e-05	1.51471345091	0.0483199380257	0.00224980446363
0.0010470899767	1.76477353707	0.102023797585	0.000462095575884	1.76881718609	0.0694077803521	0.00154435043972
0.00124100750484	1.93460642674	0.0931232929813	7.03042432358e-05	1.95490202836	0.0674683511751	0.00368663572899
0.00190638169299	1.63078520568	0.0575417345319	9.80025707666e-05	1.86239349803	0.0833297232561	0.000256640055167
0.00100893888974	1.79460520977	0.104683663454	0.000118098672461	1.61887810042	0.0642421527279	0.00118609094963
0.00112632072901	1.7332019231	0.0870925641329	2.63886220024e-05	2.00203760322	0.0913537070883	0.0015503775914
0.00138227180292	1.55685686969	0.0551218494178	0.000112522462747	1.95623456476	0.0937061112368	0.00129038888513
0.00160147626886	1.62119212335	0.0510027688762	6.6519344287e-05	1.97643911995	0.0537108878666	0.00242552750939
0.00145739440966	1.69649725089	0.0990792028595	0.000111752937789	2.01065886246	0.0525411994103	0.000206403688901
0.0011564583718	1.69244581436	0.0941324478237	0.000123024305259	1.84271588154	0.0571811182582	0.000719439280512
0.00116419396921	1.65361735208	0.104579156913	7.22776582161e-05	1.87354607791	0.0834742037275	0.00155090054503
0.00169688721262	1.75665391481	0.122522995313	9.22787630426e-05	1.94700373976	0.0985285734871	0.00219554535926
0.00125448174292	1.45621104576	0.188431109042	0.000138482194056	1.82184618238	0.0719855538781	0.00129521043659
0.000946081848809	1.65171101784	0.093318424029	0.000642707968376	1.55105462933	0.0835240986986	0.00145659617606
0.000307435887327	1.77826743107	0.0991268198056	0.000304638550609	1.41719623107	0.0842244807777	0.00108997327602
-0.000839129978444	1.5922794936	0.0672553630538	0.00013278982003	1.93920091163	0.0564459121663	0.00244636050925
0.00155098967567	1.71664433643	0.105513053215	0.000190193293768	1.8526860756	0.0654275182579	0.00210804130673
0.000808443029542	1.7608168488	0.0850488094417	0.000382348899931	1.80354051675	0.0662608776001	0.00191513109578
0.00102051514283	1.70316375619	0.0931418863367	0.00020854814446	1.90125682302	0.05798654306	0.00107366180339
0.000877313671759	1.73385386342	0.103623526065	5.79331878744e-05	1.81454242188	0.0691136958716	0.00128874921137
0.000804195086059	1.68995499523	0.0764790858475	0.000138119470505	1.91547795779	0.0885173009788	0.00149182852062
0.00080531000396	1.70030457892	0.0968265586894	0.000123135678906	1.69863554842	0.0780225396837	0.00026014682466
0.00122279915656	1.7805406013	0.0901793996977	7.08410847369e-05	1.76640196857	0.0526748332445	0.000686302112928
0.000632049524707	1.90642584616	0.126590939148	0.00011279557212	1.88078231334	0.0800822366358	0.00253640479413
0.000640144398931	1.78312813677	0.097785487356	1.65493173692e-05	1.93845658455	0.0675852358713	0.00246371032826
0.00128687955677	1.7117661294	0.0619150437627	0.000145100276328	1.77053476662	0.0827633297446	0.000815563196308
0.00121207043175	1.77833749377	0.0842058712709	0.000202808746696	1.82211591009	0.0564708870205	0.00142631079661
0.000371255769801	1.76850338287	0.0875068812991	8.08878654378e-05	1.81181575959	0.079358337094	0.00204670910241
0.0012099260449	1.67105612318	0.104650715061	0.000171499129429	1.64789104187	0.0780886399528	0.0013618535666
0.00077342718923	1.75869322514	0.104676655334	0.000246785812247	1.88959027206	0.0721604302342	0.00189798878252
0.00149654627443	1.67641234787	0.0908787250089	0.000132567987125	1.39554481116	0.108617421016	0.00265646291309
0.00100340639055	1.76363609286	0.0991323260011	0.000119253533506	1.89132233263	0.0764924895983	0.00142647171042
0.00092565589585	1.89152651029	0.0870445296553	3.15816002821e-05	1.85806206932	0.0888352035835	0.000191117918568
0.000510665678084	1.78462586184	0.119729619014	0.000134526212486	1.99513294723	0.0701963095422	0.00291746066813
0.000806385158491	1.80671949076	0.0828456727936	0.000377197460961	2.0845285668	0.0363203161576	0.000284120445811
0.000264313931139	1.84892021878	0.0880958411302	0.000139028754179	1.97914476835	0.0344008107813	1.14224444916e-05
0.000815465229961	1.80708936223	0.110929775739	0.000375487154203	1.93709212876	0.0891721613503	0.00071320523537
0.00106914304052	1.69912553568	0.0971778867814	0.000204752667399	1.68833973648	0.069185225559	0.00322564337008
0.0011348018995	1.77474530521	0.0954285133602	7.37782656419e-05	2.09223025782	0.0793795374221	0.000224218538044
0.00426091252879	1.93323009759	0.115476425684	3.70660221905e-05	2.1671513349	0.067423980985	0.00299607097258
0.000875038410564	1.83867414542	0.0858578592271	-0.000133798548358	1.78588278909	0.0610164267045	0.000725792290899
0.000377922777726	1.66714019438	0.0840229289869	0.000187404619772	1.65576832976	0.0604497574044	0.000705408438327
0.000911798584905	1.8425287979	0.0896735480773	0.000101043792303	2.08393248395	0.0642449085549	0.00178040156783
0.00142135003418	1.82667525767	0.0965659083252	0.000102324307746	1.8422573678	0.0633939663626	6.41205766427e-06
0.00114507110911	1.72312754657	0.100887934196	8.10286912643e-05	1.91820484874	0.070511678237	0.000200255899871
0.00098614474376	1.75109649124	0.115422160582	0.000153863725083	2.20587607697	0.0415162906399	0.000399209399168
0.00154011898345	1.67459309506	0.0358333538248	0.000152803517492	1.9544655862	0.088347549947	0.000580242256446
0.000816554748589	1.78452731745	0.0620614169646	5.65276502015e-06	1.90749744712	0.100350012266	0.000664001248543
-0.000165533023757	1.55856767439	0.0848721587878	0.000111953396195	1.94519392239	0.0430536864692	0.00885043998878
0.000842219024746	1.66642120296	0.0932362250192	2.49398542146e-05	1.7433938759	0.093334695637	0.0013980824604
0.0014616808455	1.66755207038	0.0967511099438	0.000118606510934	1.70991769375	0.0644133327941	0.00160606177801
0.000246455822239	1.6501757759	0.105046775214	0.000132782634275	2.01218776045	0.0647030039311	0.000584508834052
0.000778160563925	1.78748482782	0.110279601664	0.000110159972565	1.82290672158	0.0675538573986	0.00305897950735
0.000909333110193	1.85226938755	0.13009219496	0.000186464960288	1.98656321493	0.112541630273	0.00120845050438
0.00102970171907	1.76414447822	0.118874230852	0.000164707560885	1.87940708725	0.100109606222	0.000814562914047
0.00223993203094	1.73290502392	0.0836979376359	-0.000881550219217	1.9929982022	0.0526583842683	0.000835834397434
0.000313097071088	1.6803133482	0.108439871456	0.000103916517696	1.84458923893	0.073527663217	0.000700312562465
0.00116035386037	1.69500338193	0.0706151903954	0.000155761531591	1.84503681827	0.0575859689524	0.0010710257071
0.000790892677665	1.71480716562	0.0826086814657	0.000138642806014	1.8523667837	0.0536716891361	0.000224420255006
0.00165429415053	1.67216971861	0.060415914045	6.90304105118e-05	1.89404607406	0.0756755743134	0.000165567060838
0.00125215783105	1.79433860469	0.106372391856	8.9393447611e-06	1.84531552528	0.106382902302	0.000490046909378
0.00147423317433	1.70660536522	0.0993426617482	0.000139705454547	3.26438502771	0.0668479613311	0.000497589025626
0.000857398695382	1.74263447856	0.0971371270444	0.000136002180104	1.84736504919	0.0594530584435	0.000529030664111
0.00102255662416	1.67252182473	0.112389855882	0.000165223281973	1.94101954149	0.0719230116661	0.00216879693463
0.00100945707413	1.85550749732	0.0867447763998	0.000161770543012	1.78754436641	0.0714959248276	0.00182128271382
0.00100350624247	1.72031111346	0.0919927925097	7.34495246569e-05	2.12507213627	0.0441829937656	0.00112796172585
0.00142881336717	1.82396038323	0.111533510209	0.000348190419153	1.39618882049	0.097191069488	0.0023265975409
0.000280353155874	1.65726184154	0.0795607701032	2.77584781535e-05	1.99098634338	0.08163983079	0.00245348343913
0.00149777076162	1.70876975699	0.115018581062	-0.000226843729887	1.75351915547	0.0677526434915	0.000125580661138
0.000791516732159	1.86106992038	0.0943559709773	2.74017274251e-05	1.85864041846	0.0439625695865	5.02771154922e-05
0.00118688088597	1.75692585278	0.0910860267665	0.000119270557493	2.00001728355	0.0712230559904	0.00125032818947
0.000879004559087	1.79374957875	0.0692749232552	9.02492302043e-05	1.89789832928	0.0640994822	0.000590346275532
0.00043138845951	1.79498361014	0.0891171461552	6.72624624388e-05	1.78858946567	0.0656317840627	0.000420274617581
0.000837493976655	1.80668449176	0.103558005428	0.000233666641243	1.74621893079	0.0744478253718	0.00121640411244
0.000890473971063	1.98027084739	0.0962148537313	9.31949171795e-05	1.82729420503	0.0711309611725	0.00168169243605
0.00135386793609	1.68602270541	0.110640891758	1.77164515063e-06	2.00597145799	0.0740835933758	0.00114793241374
0.000869673313531	1.66554915759	0.099059186121	6.48739218502e-05	1.94608520949	0.0643641245916	0.00168509556019
0.00134994525486	1.58474132194	0.102155250374	0.000187909407638	1.86160430298	0.0806457406056	0.000821932598484
0.00246028730639	1.52049343248	0.0894094185208	0.000125158832714	1.77260576564	0.0499975463656	0.000550214084107
0.00100160156582	1.70942053395	0.0986512091531	0.000968377230149	1.96884831967	0.0755541681918	0.00106021232885
0.00127289150043	1.78929782355	0.103432239193	0.000198926446524	1.76016743152	0.0720782645335	0.00109929115265
0.000517366753281	1.76023705466	0.132463033075	0.000203316786307	1.96561834584	0.0510473809519	0.000424967594025
0.00166738014686	1.07995359267	0.121611234303	0.000193904121491	1.53554118958	0.0176551210398	0.0098214529114
0.000860747870328	1.70689971265	0.103429966968	6.50795176468e-05	1.84764607557	0.0588212608942	0.00136172334392
0.00123860591595	1.80740272474	0.0998303223222	7.03970928148e-05	2.0585539783	0.0604015204868	0.00259454490325
0.00131136535101	1.74586794996	0.0781333112886	0.000170536927457	1.77479755855	0.0628613335073	0.00141076723264
0.00138307216252	1.61310897254	0.100549822955	5.4632004923e-05	2.02682482056	0.0640355661916	0.000213259085741
0.00112845167084	1.74165051861	0.0925799118766	-3.52452914277e-05	1.91387331709	0.0636379449938	0.00193291218864
0.00136214708043	1.71210040889	0.0897140142933	0.000645280246061	1.72123024367	0.0719177834163	0.00259750158869
0.000911753330868	1.72738627582	0.0991482874303	9.70619505809e-05	1.88855124452	0.0629355818567	0.000755116420507
0.00114525831573	1.71238352211	0.0926119810481	0.000119161265594	1.8982373601	0.079072362034	0.000902848600349
0.00110949897009	1.64198752745	0.080103320661	0.000178638102109	1.70908516847	0.0702716698321	9.2078831638e-05
0.00226625834936	1.79688196402	0.101460917852	8.24442314191e-05	1.94359761359	0.068151159218	2.06594227744e-05
0.0010585257269	1.70391741845	0.105498652405	0.000205395454841	1.61930473507	0.0939128595468	0.000462213441278
0.000595171619532	1.75227464105	0.119473756473	0.00073915485207	1.69053020975	0.0689445155892	0.00134744915678
0.000856892502105	1.75587830401	0.105799163673	0.000223504291038	2.01250285841	0.0539659589711	0.000575532260975
0.00108394527479	1.85399232378	0.0883694648121	0.000134103625531	2.31887898679	0.0733342852262	0.00109069145706
0.000909231146172	1.60431737316	0.115754013469	0.000138816137144	1.92445577687	0.0595048098452	0.000778463259792
0.00103220891199	1.76975903676	0.106250830683	0.000127940167486	1.7703412873	0.0578260379519	0.00122913656018
0.00160162076851	1.58938951135	0.096382483383	0.000101933933516	1.62394414135	0.0690225379318	0.000362575709572
0.000879914880034	1.76702602274	0.127099150083	0.000249852746447	1.72690553171	0.0645806225994	0.000520192727176
0.00108027580349	2.02136017868	0.0814801140052	0.000133615250005	1.71303741087	0.0677024555506	0.000141409374582
0.00347296315939	1.65095703226	0.100705879568	8.19109201912e-05	2.05028348438	0.0413256149467	0.00245108857017
0.00121618120127	1.80312527565	0.0773094066141	-0.000128633841339	1.93814034604	0.0535340150472	0.00169692135472
0.00120247749381	1.71317347223	0.0809616210649	-0.000215696059018	1.83762074827	0.0734241320145	0.0010568418832
0.00123625808437	1.61289816475	0.0909924683558	5.92928732667e-05	1.97655112254	0.0496215207626	0.00112318755121
0.000777386006656	1.74051119926	0.0981985180796	8.5157724395e-05	1.98995790902	0.0452899932002	0.00259674184572
0.000732719909694	1.76971963664	0.0979841788954	0.000105779462477	1.83048191321	0.0583373073601	0.0006793575144
0.00125392898665	1.85529819821	0.0955871281915	0.000162371377323	1.69834002452	0.060473681015	0.00072958837012
0.00133978256831	1.70648617508	0.0710554366624	6.83901969178e-05	2.10063988046	0.0764347873012	0.00044834709938
0.00296277928899	1.58567429646	0.0671127216911	0.000258624276947	1.79279748178	0.0759341042623	0.00118376298882
-5.61431583039e-05	1.75000445539	0.0897502773378	6.49367474908e-05	2.07223076244	0.0647466652368	0.0033420131854
0.00102007300678	1.77232816118	0.100406900968	0.000111506787103	1.78735602406	0.067413360104	0.0011523008993
0.00128319645862	1.64647942464	0.101260999686	5.95209576562e-05	1.98645802927	0.0645742201465	0.000538671648998
0.000493254239925	1.70900071164	0.0949468188209	0.00012826415715	1.76752529875	0.0727874359875	0.00145655257357
0.00134003238114	1.78988199923	0.0914291621499	-0.000250289115921	2.1066416222	0.0965939659503	0.00117413245827
0.000930858112011	1.68711679514	0.0889361286003	0.000852191753356	1.61624400177	0.0728927176049	0.00193717335442
0.00115022466814	1.69886924115	0.0877839398055	0.000367381471421	1.74106953812	0.0688726306131	0.000415003173838
0.00151560189303	1.64418278315	0.117435428691	0.000184445248885	1.43472564589	0.0618484294983	0.00124219038161
0.00112892318792	1.80424149715	0.0848690354846	7.57564502988e-05	1.76155623102	0.0715558396765	0.000774320168393
0.00127604923604	1.63819587082	0.09780985108	9.3821797918e-05	1.6711625079	0.076729884232	0.000433596270517
0.00105118437678	1.63927662931	0.0700242750803	0.000447799100467	2.00943716443	0.0695711500029	0.00145265249692
0.000471398620599	1.79556005071	0.0847813880437	-2.61433143695e-05	2.07035412942	0.0661243062266	0.00102109309433
0.000947882383385	1.78701131712	0.10241325742	0.00018646410451	1.83590469831	0.100072513731	0.000747098409905
0.000674394030351	1.71074506317	0.0796290168203	7.60784407813e-05	2.06309938176	0.0731753971986	0.000374990547867
0.00139561217734	1.66564996809	0.0816537005671	0.000126911726342	1.8086252009	0.0621487612567	0.00313496013807
0.00119684994719	1.69202033471	0.113091343587	0.000102020401984	1.90432508677	0.119592779184	0.000164373459935
0.00149533081186	1.71506465645	0.0896251413748	5.61209296064e-05	1.88296797801	0.0599747786534	0.00563189486313
0.000794473708921	1.84242387105	0.105246058015	1.55452619722e-05	1.77538531282	0.0485856937144	0.00274309647311
0.00105775310613	1.71105697639	0.0972397413224	0.00035850732249	1.9459372723	0.0630279621603	0.00185572918686
0.0016170332008	1.68662726903	0.107322068425	0.000230305984474	2.05092871937	0.0667599044449	0.00219780377472
0.000999680969568	1.86477226568	0.0704453507117	0.000171857895568	2.01865913231	0.167579856875	0.000857884570319
0.000658481101127	1.76772050112	0.0975064870807	0.00040832363693	1.9101765496	0.0430570195679	0.00107918222749
0.0021517381606	1.63464890665	0.100473938373	0.000185087996214	1.36636997936	0.0959456385726	0.000320259646101
0.0019494046991	1.61202019512	0.143625259652	0.00014170577209	1.54771519215	0.0664312134864	0.00125638251202
0.000767058280943	1.69200192093	0.0899843293248	9.35635564267e-05	1.85193493133	0.0664761531988	0.00064218704307
0.00148725094898	1.73767511713	0.093110411651	9.66684996249e-05	1.92302313893	0.0266768346826	0.00159750557484
0.000740683985396	2.0027270382	0.0911060384517	9.44345503715e-05	1.77501145288	0.0460235378104	5.00187267372e-05
0.000657668644969	1.76621139613	0.0965911380128	0.000113021572398	1.82886413525	0.0789511185295	0.000893707526808
0.00118419792164	1.62146814513	0.105409255633	6.68445928413e-05	1.74666336406	0.0903344414727	0.000688907886606
0.00122877020953	1.63675150821	0.101295935732	0.00012066745232	1.83713714758	0.0697084997304	0.00257401716987
0.00133768311665	1.69835017662	0.0957232127227	0.000157486735939	1.85750572745	0.0667414293731	0.000375295806158
0.000904327716816	1.69754670632	0.103547143347	6.11706233237e-05	1.97732335386	0.0222666672246	0.00165869036875
0.000668845222158	1.90505905886	0.102844543182	1.81322679175e-05	2.20311534842	0.0658735903179	0.000578080303382
0.000961940820709	1.6171077102	0.100927734489	0.000900051199675	1.80333935871	0.0517261950922	0.00288738540719
0.0010734014263	1.78313938459	0.109150776933	0.000474017651825	1.77676018566	0.0830137141788	0.00196212427013
0.0018303951229	1.54550518279	0.0966074744512	0.000157712709121	1.84684376725	0.0816732504686	0.00089605040068
0.000926887353128	1.8460922659	0.104084520874	6.64034816394e-05	1.85988626723	0.0502482713357	0.000147466461423
0.000975577629118	1.6357589214	0.0811286650362	2.38108799255e-06	1.9685143373	0.0589057627185	0.000841516640247
-0.00154320350929	1.58504880997	0.103508462237	0.000181949757342	1.74395640356	0.0774646206559	0.00432338310594
0.00137010695474	1.74105826686	0.0912271382663	6.91453324033e-05	1.83662569944	0.0654112267979	0.000648234970939
0.000821031945903	1.61599598026	0.0913074594917	0.000123164962093	1.94739443593	0.065413630232	0.000467916307083
0.00146264622832	1.62950172678	0.0981514352164	0.000129283483231	1.83469764621	0.0924189611602	0.00366080727849
0.00113700732831	1.72367900228	0.108992955751	0.00017815345925	1.73830636286	0.0717244215841	0.000871316707397
0.00101462851228	1.79797372131	0.117475241445	0.000225260505042	1.61618028412	0.0535417018209	0.000203733814366
0.00148601981007	1.81603895631	0.106219103097	0.000132854423597	1.89964788994	0.0550275487405	0.00144687551876
0.00136631624204	1.69512809591	0.0855957344235	0.000107156564169	1.88530769596	0.0597878507296	0.00183567728449
0.000924409225109	1.70557612864	0.100745125395	9.25986803139e-05	1.79326997151	0.0440160345602	0.0018746022991
0.00106575883639	1.7907488405	0.0987948715094	8.73870351017e-05	2.04531078013	0.0671960086841	0.000282095063591
0.00205502367688	1.67987542633	0.118053143051	0.000253958812065	1.91295882432	0.0640698882814	0.00277968037887
0.00082670082708	1.73506528491	0.111391183116	0.00017315294582	1.90948025946	0.08862955179	0.00137669442537
0.00128223509246	1.56644990154	0.109886204367	0.000161024501454	1.72604731398	0.069770715574	8.23090692007e-05
0.000657049151467	1.67657216854	0.0975925611866	0.000115153208537	1.9012110324	0.070498841536	0.00132691941855
0.00247067469688	1.43472710481	0.0902602246993	8.86862097943e-05	1.79217637143	0.0790764782386	0.0017992352486
0.00129290166806	1.71638475748	0.0902581499865	0.000131698955044	1.87362550028	0.075151370052	0.000182542114411
0.00292215935313	1.70463259085	0.102388797993	0.000156510263074	1.93217238959	0.0678058629345	0.0062744375646
0.00129115926558	1.59950852232	0.0923305822326	0.000130608765671	1.76199498458	0.0692192876786	0.000106338864894
0.000930663887617	1.7409712692	0.0898248695923	0.000148623131258	1.80210599176	0.0597870727136	0.00103275148425
0.000367760478815	1.7227248209	0.0908306090208	0.000204828417283	1.71616795196	0.0573498287705	0.00176842799896
0.00132428740794	1.81294991367	0.104468996043	0.000146726072152	1.87527236446	0.0727457293573	0.00108139959658
0.00077358458987	2.03842077985	0.100714224955	0.000113393106144	1.9575588352	0.0794077267059	0.0014117993737
0.00100662974051	1.67205745433	0.0973095624305	0.000263552020748	1.50757172587	0.0892829746478	0.00218959624251
0.000968502611926	1.81585243799	0.129662082081	2.96692235448e-05	1.83459903856	0.0771075178108	0.000294389189279
0.00125383804206	1.65669763022	0.0979722854137	4.00103992113e-05	1.75628571899	0.0653088929261	0.00165219226398
0.0011630794214	1.69320435577	0.0943059612612	0.000177506167469	1.87441033211	0.0732109833364	0.000395586020575
0.00115492660344	1.65599296833	0.074646340441	0.000179389101799	1.68370035448	0.0741423193612	0.000569991933075
0.00102933986466	1.69217363392	0.0935379952059	0.000159324962293	1.86591025912	0.0708516979646	0.00120673458074
0.000377228888403	1.69142122324	0.0627798572054	0.000204118602767	1.97059959056	0.0160656221261	0.00414228685572
0.00134131074683	1.77260841708	0.12385061163	0.000112800321554	2.03286442872	0.0725516938283	0.00107325468983
0.00105715733021	1.85448368417	0.0995056813629	0.000108523425085	1.87803259432	0.0790591612858	0.00149811895681
0.000974145361023	1.78588866859	0.100268783613	9.16924150021e-05	1.85960890972	0.0736795685549	0.00251661311062
0.00190435248176	1.74505047922	0.067018164915	0.000100495051932	1.85661307265	0.0742150560703	0.00260200339136
0.00113734393323	1.73529708833	0.0973956694866	0.000159598961232	1.81923524022	0.0663402826754	0.00276485495415
0.00113385723212	1.86845121686	0.102219411522	-0.000158513987671	1.7220732374	0.0845530370449	0.000995631144762
0.00120605895086	1.71822266873	0.0798363234993	0.000169009781411	1.96111279654	0.0592278352524	0.0014673965661
0.00136479324919	1.62753589938	0.100374444402	0.000101651802408	2.00326547181	0.0818668755792	0.00188582576473
0.0017702924551	1.69529068087	0.10176523336	0.000155408645737	1.65577301517	0.0775568136252	0.00214650986404
0.000774853165901	1.79122625876	0.090830612119	0.000139231841692	1.59208471835	0.0613202096581	0.000521120178876
0.000985243959909	1.80639348984	0.128226651007	0.000201664204732	1.96518999466	0.0643884607162	0.00117704633204
0.00119873096618	1.69202132813	0.0786104442961	0.000117075272517	1.69889784504	0.0724335399661	9.29983426446e-06
0.000256673184962	1.60707495144	0.0842785660773	9.18764950058e-05	1.7582269421	0.0597036350969	0.00132553906491
0.00125061236388	1.6933265092	0.0847460984985	0.000279222586551	1.70983964652	0.0771473880893	0.00140374571295
0.000720741383338	1.72070059477	0.0989769631205	0.000395346867252	1.86855304484	0.054007289064	0.0015591263108
0.000933020693539	1.73064925324	0.0926914900042	7.70633548405e-05	1.69610832688	0.0692322952582	0.00474556348615
0.00147015362731	1.64876347005	0.0991709202788	0.000119232928481	1.98348631279	0.0707346550291	0.0002122407145
0.00099126560808	1.7389258234	0.080980000074	0.000147130490677	2.06857473336	0.0648571122158	0.00344759107831
0.000896730761576	1.84746264576	0.0933397457795	9.21218781116e-05	1.61586192732	0.0857763053117	0.00112389762558
0.0011321480585	1.58850921113	0.105767906214	5.36996142226e-05	1.80365068103	0.0508775863419	0.000517311967475
0.00118567080662	1.74341506469	0.0940671460734	0.000117165873843	1.78487620077	0.062170052454	0.000640487527983
0.000530943154547	1.74330969285	0.103997153939	0.000184216311834	1.78436211099	0.053914498494	0.000339056029288
0.00152197072342	1.77837086685	0.0941945526571	-1.6636237315e-05	1.85974369719	0.0612836872307	3.95057122914e-05
0.00107215794431	1.71950483109	0.0852149569092	0.000856821196258	1.77789676615	0.084541457352	0.000922870382655
0.00129377131721	1.69794950022	0.110058802331	3.1769193911e-05	1.81938245118	0.0664373758327	0.000877065731855
0.00110990244682	1.66637048028	0.0972683642296	3.14071277566e-05	2.18364021083	0.0638829112353	0.00117812443755
0.000984724531182	1.7183347115	0.0769129007993	0.000174258864395	1.87096364062	0.0511331757495	0.00048612638714
0.000431304015631	1.72087167964	0.159166738609	0.000107193664925	1.8882463808	0.0414389644419	0.00443850304503
0.00147611531449	1.6033077734	0.108178612097	0.000110971123442	1.85387776355	0.0830094254628	9.21304481541e-05
0.000979957212904	1.75319242416	0.111925449745	0.000136004416897	1.85351449824	0.0739127896287	0.000100878612211
0.000749241948017	1.78424525808	0.0922870725047	6.57175925529e-05	2.05913177626	0.0675576677718	0.000357906661579
0.00120143870927	1.6021493975	0.10081816792	0.000185038680481	2.06949502752	0.0650976035241	0.00131326469086
0.00153470423064	1.64234991015	0.0876255418207	0.000144589322862	1.73462674681	0.0934109506696	0.00155346792123
0.00159658771399	1.71663550809	0.133617896776	5.08487668192e-05	2.23539386552	0.0562549872184	0.000323772522158
0.0011504916825	1.78789509734	0.0948843082715	0.00013651392953	1.92360825327	0.0651581556254	0.000705067704417
0.00132912567406	1.70365703456	0.116954354028	0.000291461719777	1.69321546168	0.0434488454406	0.00213488962764
0.00138938107989	1.64190774981	0.103823853769	0.000147794834357	1.81074890498	0.103715920726	0.000658406252381
0.000575265100319	1.77043494112	0.0865538837691	-1.26936430756e-05	1.86063721713	0.083681378825	0.00123795925
0.00109662747919	1.58650847773	0.108648673615	0.000146297867999	1.88163832851	0.0658783965605	0.00166180656229
0.00108002690279	1.6967385509	0.100607551948	0.000182221723842	1.56393372817	0.0771576619166	0.000764800102191
0.000657610601209	1.77019777432	0.0992237809299	0.000150055409713	1.69555627974	0.113489860981	0.000795500152779
0.00140938663164	1.81464562658	0.0869900686073	0.000179696374937	1.84681989452	0.00870528995147	0.000523529058434
0.000392045099421	1.76076594622	0.115342121186	9.33273434435e-05	1.89703755939	0.058459391251	0.0023109523847
0.00116273823315	1.67185896324	0.0306967559694	0.000150105107652	1.93717620014	0.104193946579	0.00147731611723
0.000294234786646	1.7253150536	0.0942098471266	0.000297366351837	1.71403324892	0.06902575398	0.000203407485488
0.000747804037563	1.37096711715	0.104519740031	0.000324639752743	1.9416754254	0.097981124998	0.00028935156049
0.00150007079751	1.68205594552	0.0985445684966	5.23755280975e-05	1.98818948004	0.0838796731336	0.00262163663403
0.00114002146255	1.91810010906	0.0855857361243	6.49813355478e-05	1.5651560382	0.0852477097228	0.000940199194175
0.0014004721057	1.94327415688	0.0982683018392	0.000118511064298	1.79680049988	0.0721731384818	4.8851203685e-05
0.00159306174675	1.62602538917	0.131612492061	0.000126486253519	1.99907013568	0.0562524157933	0.00142311703748
0.000968827721292	1.65384234325	0.0902641612823	7.86958336438e-05	1.84556821312	0.0730237112764	0.000267809375903
0.000710916256359	1.72482884217	0.140937924887	0.000229015675534	1.78157594428	0.0504805360488	0.00308072849178
0.00111704404284	1.77364463407	0.108029491983	0.000100468819616	2.00494913987	0.0664984036056	0.000196073299879
0.00086947304322	1.78142817736	0.0843530260189	0.000241658611064	1.84852710663	0.0683057882726	0.000860001067416
0.0011690162926	1.78687904485	0.0945560344562	0.000106684367251	1.76877707369	0.0512131577911	0.000464447819293
0.00092988511375	2.00057209381	0.109924041417	0.000231942299234	1.95365368695	0.0792507501406	0.000830433474211
0.000565330358192	1.72022614913	0.0863224352304	0.000142277023357	1.85457853549	0.080682073002	0.00252480155626
0.00114642055876	1.7696260546	0.0998286951734	0.00010842358038	1.93402572052	0.0560532108144	0.00085204950986
0.00060796385077	1.76369616379	0.073816325553	0.00021491365421	1.96065943005	0.0539002646289	0.000959260436601
0.0010149317929	1.82378539801	0.0878371538907	0.000904658055935	1.68998626224	0.0750344206242	0.00236838970513
0.000891708520544	1.77263843754	0.0948154202155	0.000110537239032	1.80566824113	0.0765231524491	0.000440338479315
0.00112018245851	1.82935791561	0.112399626137	0.00012514683946	1.9139701269	0.0909468674238	0.000646218928643
0.00077279760342	1.6874120743	0.0986307979716	0.000147021482123	1.85307326826	0.0848779319487	0.00290040202006
0.00126157002751	1.32795088852	0.093692255431	0.000102601669016	1.90191869893	0.067996859427	0.000282459258663
0.00123816993548	1.7082809567	0.139687665621	8.52560641189e-05	1.90687780325	0.0720185272123	0.0175554001819
0.00103212534801	1.71559687917	0.0921990144233	0.000194479584759	1.43544197949	0.0675049878313	0.00130422748261
0.000923246160314	1.83193043265	0.10697439771	0.000106998115174	1.82733138302	0.0664506188904	0.00182234828584
0.00123874808769	1.84181699823	0.101292711692	9.49118349784e-05	2.01589317904	0.0527029359254	0.00108909477837
0.00130269075949	1.6760958818	0.0927556366479	0.000136331435882	1.82273944305	0.0479858390101	0.000967444887811
0.00112421691991	1.8124238928	0.0684420762846	0.000104670560969	2.01698010655	0.061718957241	0.00101922451643
0.00103843657332	1.8311359394	0.109844358799	0.000108117117765	1.86616415671	0.045793682042	0.0004264659136
0.000442324656902	1.85518886094	0.107686874042	0.000471931347446	2.11832120701	0.0748775174422	0.00251207362739
0.00104499237966	1.70896601451	0.122326039075	5.60723037951e-05	2.17005908155	0.0714457880304	0.00134106326915
0.00226848005611	1.62553266189	0.10172734063	0.000210254571269	1.53476069445	0.082994315071	0.00290175749045
0.00104985099673	1.62941278177	0.0969370836376	0.000165543234025	1.3589527382	0.0571509332538	0.000528820688271
0.0012483515256	1.59374016008	0.106353962094	3.39869250574e-05	1.89638951894	0.0583401751139	0.000222012538044
0.000413761539074	1.77932746223	0.0848586987071	0.000679480956626	1.6918487841	0.0922631730968	0.00121868344476
0.00091021023668	1.71523026223	0.106826596183	3.80767096987e-05	1.994977262	0.0607762668626	0.000206983975654
0.00145982320337	1.64010135035	0.0964084989689	0.000122659975789	1.77751719718	0.0330800575113	0.00130143585432
0.00103515303904	1.75978363611	0.102128982438	0.000263333017552	2.05315556498	0.0610264094681	0.00117746994674
0.00126468304986	1.72808165407	0.0950747141001	0.000135973075321	1.78008901907	0.0582964594662	0.00610621617726
0.00128508694634	1.64579967697	0.100071785398	0.000152567814254	1.76400646767	0.0615597527434	0.000868639905076
0.00118404854819	1.66188201598	0.0564190456653	0.000236240640045	1.87292487469	0.0260807873547	0.000463578260794
0.000705896172357	1.82522339566	0.102196797652	0.000203021329888	1.86137072637	0.0557676579779	0.000393846803302
0.000866956685658	1.71571629181	0.111205555772	0.000121199616766	1.98448622948	0.0714191481867	0.00166183381417
0.000881479004325	1.80452437543	0.0825171385283	0.000113237561609	1.87672290326	0.0714627574523	0.00107158081791
0.00141689816415	1.74201415165	0.0935312822023	0.000147472228304	1.92138932492	0.0187791471501	0.00126723104678
0.00090845395956	1.77042540945	0.0853250216955	0.000100488771762	1.95740305257	0.0783861180456	0.00136336331358
0.00304563379958	1.59872375926	0.0994846152383	0.000132965322614	1.74113157183	0.0711056004205	0.000296721844124
0.0018341909395	1.66267623713	0.112026702886	0.000174817118303	1.76104609123	0.0951857339318	0.00107332425159
0.000825085442924	1.66949676565	0.0967723440778	0.00032173242545	1.77589460498	0.0676279860059	0.00461857089523
0.000911347018453	1.90633125316	0.0961081497095	5.93155611875e-05	1.89679053848	0.0482587821365	0.000986539557538
0.000910712872205	1.82476278211	0.0672674630203	7.79968319081e-05	2.02947661753	0.0851094025651	0.000506947174295
0.00154825704677	1.6398642019	0.124009475201	3.24832002496e-05	2.15367605035	0.0669220183759	0.00137026632049
-0.000468374514839	1.74568924105	0.120499654805	5.95030589298e-05	1.59908534072	0.038306756818	0.00223085546868
0.000666083446594	1.65954606708	0.0998517514889	9.40983417306e-06	1.6715581605	0.0881655666137	0.00187052892003
0.000802795866912	1.59574410737	0.100887870363	7.72742896917e-05	1.93848878795	0.07872486175	0.00173251806878
0.00104287382633	1.68120785266	0.102550189692	0.000206102524243	1.92501598126	0.105324575513	0.00103434615328
0.00123059349519	1.70782721394	0.109849008113	0.000934447264041	1.8525967107	0.0741307509714	1.30794859622e-05
0.000967922762317	1.66444851164	0.0865582343748	0.000339814069604	1.11609575398	0.0787414385703	0.00273383505898
0.00110797497975	1.77295058009	0.0967251926944	0.000377288871251	1.78326128472	0.0609920723173	0.00389182484834
0.000908678823884	1.88705153994	0.0810410435548	-2.09521737106e-05	1.86423739821	0.0695410478563	0.00198642363561
0.00277278767525	1.87724599814	0.0900675931306	0.00023486016722	1.81424767604	0.0626958698996	0.000561374916534
0.000506567357579	1.60950151831	0.0858910230507	8.94210536613e-05	1.78354191819	0.0905154003375	0.00159783753055
0.00121992524253	1.67076144679	0.104043191527	0.000302557481051	1.88703376897	0.0508629132418	0.000597084427029
0.0010384256942	1.68639197078	0.0974711907642	0.000117581352121	1.67267546657	0.0734291031092	0.00122996768071
0.0016786316096	1.74857488311	0.0828368017834	0.000317685408067	1.80058459892	0.0658956712296	0.00189199778648
0.00145301103282	1.72787645223	0.137818873594	0.000116398637003	1.76902898908	0.0710192154183	0.00354870500684
0.00129140421745	1.68981279167	0.102763418261	7.01568847264e-05	1.77258631906	0.0738855306394	0.00059843489091
0.000587862709591	1.69123600312	0.116351752866	0.000895852933492	1.69390969019	0.0760023927496	0.00130768241572
0.0015867685149	1.85620880853	0.0955211543212	0.000245951503404	1.90427436467	0.0529732567731	0.00134256349943
0.000747929243898	1.83638974199	0.0769505046146	0.000305174956191	1.81916358434	0.0610293470307	0.000266502867818
0.00148346661518	1.59323484132	0.0786811627923	0.000205783266724	1.63038397623	0.0599816034781	0.000898367979892
0.00126093592532	1.79372192974	0.119416638376	8.67709414241e-05	1.95204272373	0.0604446177292	0.000444992832291
0.00243838324055	1.70292128182	0.137921336099	4.22008382939e-05	2.2849749753	0.0637153942514	0.00142247601663
0.00108740030874	1.73169052035	0.0981396880878	0.000125032130231	1.81738593807	0.0675468090748	0.00026589212043
0.000145269402951	1.69088831459	0.145109175539	4.32218110042e-05	1.84921357335	0.0466205339874	0.000902780552614
0.00105384995172	1.66948386141	0.103751679349	7.90387895025e-05	2.05220766468	0.0647364933893	0.00121814956422
0.00145059236311	1.74692323469	0.123655537674	0.000271238453035	1.83472411598	0.479031345394	0.00106185249868
0.000746574635149	1.6867189093	0.102415150587	3.48542680139e-05	1.81393731269	0.0437146847942	0.00110993846564
0.000984355587269	1.7304017349	0.104497828519	8.48099853836e-05	1.85457210738	0.0889621129009	0.00133084382962
0.00166260589804	1.74040196356	0.0995641462547	0.000133005045664	1.90876072486	0.0611366043816	0.00034596930094
0.00104705281465	1.71692419158	0.0987498154538	-0.000133137302388	2.03002719722	0.0602538809166	0.000333697315213
0.000718299307339	1.70047606775	0.103299342556	0.000122057075121	1.68678509877	0.0730231344124	0.00321949504378
0.000986119729011	1.67265138525	0.0995018487259	9.60975506618e-05	1.77703335233	0.0587868636344	0.000554796846127
0.00136656136755	1.83075141762	0.108199759844	0.000137847154438	1.8828696208	0.0570088430975	0.00108130630926
-0.00116787370467	1.73087620379	0.0896816749926	8.28362255386e-05	1.8463512211	0.0376202742639	9.25102134609e-05
0.00117767085408	1.64615906099	0.107450377481	0.000103519415307	1.82136078535	0.0817515607524	0.000496459549539
0.000529789163167	1.67699450818	0.194346082349	0.000120123941405	1.85737942559	0.0302211006156	0.00172174834561
0.00111522335179	1.65916082631	0.108216193763	0.000168325273091	1.84218430674	0.0714065899293	0.000609722348012
0.00126769643408	1.73342607963	0.0944015002557	9.34252930048e-05	2.04019649116	0.0635429962831	0.00129752491436
0.000856095043875	1.66818166	0.0678118580529	0.000168067693225	1.80722090181	0.0749997015901	0.00123810290846
0.000684225026534	1.87812721709	0.102527129163	0.000129527501875	1.94578938425	0.0718968769102	0.00195705213764
0.00118138986308	1.7018678666	0.0930773390518	-7.58935899164e-06	2.12903877166	0.0680076468762	0.000537488531435
0.00162556766189	1.70108211307	0.077943179494	-3.75135431938e-05	1.98224886035	0.0351390400838	0.00100185209593
0.00163037221225	1.61665604044	0.105911344524	0.000148276681899	1.8342480843	0.0662073809403	0.00193826117549
0.000706488919654	1.83384067078	0.101928998886	0.000215485733924	1.79601625404	0.0822378069609	0.00191848308794
0.00087442946994	1.68531927627	0.100318448434	9.08164863255e-05	1.976407474	0.0693152703084	0.00114106085063
0.0026180668418	1.7598267711	0.0855410991225	0.000134308133783	1.87636343759	0.0549643534406	0.00331047556521
0.00076601039174	1.76684856989	0.0859106595461	0.000159385953172	1.84301136522	0.0651504967375	8.37073644266e-05
0.00109822402666	1.64061703534	0.102745848912	5.66894887385e-05	2.07007953155	0.07484378927	0.00151414904866
0.00133689537497	1.72116082505	0.111941412641	0.000146568495169	1.75468298015	0.0404110749236	0.0014223765817
0.00100725808719	1.68280055597	0.105217943862	0.000101842990407	1.67020161026	0.0741810928206	0.00171941164886
0.000104515109478	1.66782070317	0.100607150566	0.000285252912718	1.71099995856	0.0681432022202	0.00239210899272
0.00123909831394	1.71536726563	0.0958467949009	8.29213910501e-05	1.84353156735	0.053779522327	0.0019474145244
0.00374843649624	2.11221643378	0.0286536819689	9.24856009462e-05	1.91177327371	0.0935273690678	0.000899701904267
0.000702913995776	1.8477260274	0.105615850032	3.05867822921e-05	1.94087904584	0.0576304258394	0.00155337192677
0.000801815048762	1.60378152401	0.102792896235	0.000396006809328	1.87598231692	0.0771298127796	0.00339407758037
0.00101836656624	1.7334769337	0.0674541108302	0.00014903358654	1.77202566887	0.0637430430561	0.00121665596675
0.000161727641216	1.80200283081	0.10597616363	0.000195108745638	1.80038907914	0.0777428311749	0.000426309298909
0.0012978557819	1.73366223468	0.0907272225212	0.000141588011671	1.89766417264	0.0565166095022	0.00296545167464
0.000978075722842	1.68337712915	0.152886827032	0.000157697545627	2.10209781309	0.0692025084656	0.000522299433624
0.00103158353818	1.76038739694	0.1249693036	0.000190398003022	1.83822778072	0.0664229928832	2.73986414039e-05
0.000947806885633	1.72010725277	0.0937067013108	4.46228590982e-05	2.10143140632	0.0436549673885	0.00110548394311
0.0012001881073	1.66429611483	0.105688848977	0.000138407272041	1.85422945632	0.022564741694	0.00178373567225
0.00082313733459	1.74964375441	0.10395260186	9.01262543223e-05	1.8486912497	0.0752543618468	0.00129530235949
0.0010540127751	1.83593353666	0.109524945294	0.000110664291971	1.85511703407	0.0735239560385	0.00175509717193
0.00122086555589	1.67402077579	0.0944162492408	-0.000376620058064	1.83446890724	0.0646684566446	0.00537247591404
0.00103647557509	1.73419332833	0.0997307052074	0.000146571177666	1.88526585848	0.064760359927	0.000756572764127
0.00100315696519	1.72146130615	0.0948579155027	0.000199166131128	1.98205915408	0.0702563270995	0.00257845941013
0.000998637735653	1.89053809682	0.118262137203	0.00015521145324	1.87831240547	0.0764569237093	0.0195777796015
0.00114804506572	1.69645766329	0.119930529484	0.000272350254533	1.83020007118	0.075886746617	0.00142190972814
0.00168095899717	1.69838403874	0.118004746538	0.000100930332158	1.99381233479	0.0771719507097	0.002176576452
0.00116866038706	1.71494190807	0.097567419508	0.000174818548051	1.67106766691	0.085649257889	0.000324953007875
0.00144510041093	1.7543514648	0.0887746275263	-0.000106259897332	1.74143251859	0.10545303741	0.000760840848714
0.00068490769861	1.85086717617	0.0391437586688	0.000123597737905	1.82639540119	0.0508797955971	2.85615345688e-05
0.00100635667998	1.84012465838	0.131799934677	0.000499995066509	1.84697455093	0.0730910093554	0.00122950021793
0.0011565796395	1.7441764937	0.105533030184	5.55094010435e-05	1.97959849724	0.0642762334953	0.00109578168614
0.000978792768927	1.85967803069	0.10700268075	8.98140242706e-05	1.96863978158	0.0771039270003	0.00113016699483
0.000906045364546	1.70454898234	0.0963090570249	0.000141290474225	1.76241348446	0.0647970088768	0.00439363862066
0.00119199357739	1.74112817017	0.103695729976	9.41764135178e-05	1.87853882507	0.100334137419	0.000955792090699
0.000909570442797	1.72783144496	0.112214813964	0.000126211248789	1.76355782191	0.0629700890523	0.000619639891353
0.00219808649195	1.66218113568	0.0907430078176	0.000104893128736	1.87376598799	0.100137186933	0.00200935410503
0.000847521014384	1.77404698083	0.104690012777	0.000173990558777	1.86518054971	0.050854973	0.00116319569269
0.00124913484146	1.67909631013	0.0938239427385	2.15562847494e-05	1.82945369416	0.0583041397175	0.00210391878147
0.00103052944011	1.80406071146	0.105783503938	0.000196208200975	1.91960589033	0.0857051104517	8.78772889158e-05
0.000161212854559	1.71895176372	0.103663949882	-4.23096678825e-05	1.80512254436	0.0509683352237	0.00113968003281
0.000907068575748	1.80375357245	0.107917404036	0.000122386821413	1.78750364864	0.0581463596193	0.000435648988656
0.000969858741647	1.74852768554	0.0910973807794	0.0001934282618	1.72811309827	0.0490388833336	0.00098544724613
0.000771282970162	1.82615028016	0.100364549122	0.000322566942869	1.57707410385	0.0888204952262	7.79164754436e-05
0.00105273373168	1.77481105086	0.0883512144071	1.45846480999e-05	1.83960632347	0.0148506043544	0.000180054728723
0.00193273419857	1.78597846601	0.100165373192	0.000187272009116	1.78326607969	0.0689980891626	0.000778590918922
0.00106699157076	1.70751513722	0.113861089967	0.000150344118588	1.77414982165	0.050911445432	0.00136940791891
0.00135033286648	1.61920894409	0.104526945187	0.000156562532924	1.84181823326	0.0756739183713	0.000146460041517
0.00128340772378	1.74838414893	0.0964433693331	0.000215245325982	1.8109349283	0.0975201798225	0.000526181106056
0.000886892577064	1.79139520883	0.131479890787	1.72754537509e-05	1.88532730663	0.0699814156763	0.000582130367248
0.0010997979237	1.78150994014	0.18366653114	-5.79815607535e-06	1.98632575999	0.0738946082672	0.00226084942802
0.00109836298512	1.72966413395	0.100330674558	9.87598845411e-05	2.00935257897	0.0968247283944	0.00107750936225
0.00128983835505	1.68542128138	0.0953712997466	0.000118797615675	1.90372278858	0.0768719897778	0.000382928276791
0.00108891591549	1.73327174767	0.0918792708924	6.95620856605e-05	1.89073054099	0.0625243751445	0.000269356539092
0.00163969842227	1.62195978071	0.11206601621	0.000120903662389	1.58710401972	0.0700793003507	0.000364151821747
0.000475919863844	1.74356562459	0.109555031741	0.000221014541329	1.75353980644	0.0897237478716	0.000867799733877
0.00136914915295	1.68186785783	0.0926206192861	0.000135725047286	1.86021652411	0.0471643363333	0.000529830376571
-0.000962002048135	1.6971099997	0.0942232847827	0.000106073462226	1.90476895532	0.0687011887302	0.00178279844096
0.00138625153309	1.64926621545	0.0951211116144	0.000106503954667	1.97809145734	0.0251774482525	0.000347897819906
0.00101829329071	1.7593146545	0.103489042462	0.00012729917327	1.93258334034	0.0827112538749	0.0010426427625
0.00155382395458	1.64810948191	0.105526570277	0.000324903001039	1.91198783064	0.0664955213333	0.000274287550621
0.00114803106696	1.79060916037	0.102848016723	0.000147617757306	1.53034604911	0.0966081010099	6.07331991735e-05
0.00097754610751	1.83573369853	0.129132970145	0.000125829467477	1.94671559963	0.0665933126447	0.00140880129888
0.00116789075734	1.73714065262	0.109860694938	0.000347810345295	1.78403593554	0.0665160773838	0.00057479102342
0.00124529922905	1.75268638901	0.0963942833528	7.45207766209e-05	1.97132404609	0.0791917474624	0.00238292720359
0.00141940458162	1.75729558959	0.107378252052	0.000353141009525	1.76061596438	0.0755092546641	0.000698520111592
0.00139963217165	1.62329331761	0.0988499527343	0.00034332629406	1.96813673745	0.0977081921597	0.00103546577648
0.00115105303537	1.65146730447	0.127927131277	0.000151590899489	1.78378368182	0.0618987167526	0.000253205790173
8.0699312352e-05	1.80182395574	0.121515070798	0.000162504129218	1.92745560929	0.051437037979	0.000266235325984
0.00116476217806	1.66047907297	0.110414594153	0.00021084864966	1.82348230504	0.0808672184365	0.00127274316397
0.00088838444967	1.79676970056	0.090135345003	0.000176922465069	1.89807240825	0.0657264235501	0.00131530538678
0.00116831790976	1.69315332434	0.0894206288514	0.000259110524996	1.85554011317	0.0810019440513	0.000420922310921
0.00137694105563	1.70032248067	0.108415805577	0.000108725983548	1.78463022875	0.0622947604626	0.00224357641608
0.00207354607416	1.64976276063	0.0465814064239	0.000185492909174	1.83563389826	0.0741923313731	0.00171762966003
0.00133816154701	1.63368036389	0.102648173957	0.000166016980165	1.79744907379	0.0757363304651	0.00110797744111
0.00135406437612	1.76812302639	0.111185908536	0.000127415847085	1.8522590194	0.0649525556079	0.000298375205864
0.00140290155299	1.71018947942	0.068095127492	0.000311244484845	1.98699846954	0.0946527550386	0.0132758384832
0.00106441603737	1.80281146978	0.0995673332114	-3.91117704862e-05	2.03943251091	0.0706427862079	0.0010017767147
0.00108797640331	1.77195366134	0.101455256433	0.000194192302714	1.72087942413	0.0737814666463	0.00148831202398
0.000984771663076	1.77224636884	0.0888441996589	-0.000144769322975	1.91712458485	0.0570125011115	0.000434518971263
0.00125253115079	1.63255370405	0.087818849498	7.27030161084e-06	1.89346814374	0.0558822148248	7.75228440882e-05
0.00147523798786	1.56352636157	0.111040875338	0.000113560264108	1.59562847831	0.0672255355192	0.00180512206965
0.000808459602691	1.84198380963	0.0970079079557	4.57712993289e-06	1.89874497667	0.058985638781	0.000279365777041
0.00157425071613	1.82885827393	0.0607125904743	0.00030921181994	1.81488707942	0.0682426133061	0.00116994329085
0.000416278382092	1.75507307364	0.0712241348711	0.000122654203152	1.77650905075	0.0609725110898	0.000101094506073
0.00191921769586	1.70468783094	0.0954019420899	0.000268400059077	1.74349399452	0.0821028744163	0.00315142071275
0.000841104291588	1.71321308267	0.100105833061	0.000153884714489	1.64542633429	0.0707706233271	0.00370665330429
0.000671819141472	1.61573078081	0.0983848567805	7.64328234158e-06	2.18705974196	0.0778569086932	0.00112128010259
0.000909326668042	1.76525193493	0.108638651467	0.000166436704498	1.78139142346	0.0587700843594	0.00244851442454
0.00060243263052	1.77523510816	0.0970859292237	0.000143697108849	1.96559510166	0.0630015400185	0.00151109778689
0.00101886074111	1.86883900335	0.073646825749	0.000120367895221	1.74064583429	0.0834961242075	0.000358921719893
0.00105258685086	1.75778823831	0.0886153018797	0.000150194637253	1.87372951909	0.0672701314877	0.00728188669713
0.00151818497308	1.80508001133	0.122294655921	8.58543203412e-05	1.92530928999	0.0734701992005	0.00334027955927
0.00126066484626	1.72448535282	0.120418338973	0.0001864142695	1.58759231229	0.0678200898613	0.000343282661003
0.00119410873383	1.64514191643	0.10696826719	6.31339408614e-05	1.97633719592	0.0613442678264	0.00121093741934
0.000924962507161	1.64687334776	0.0983002160768	0.000184510652518	1.38816467711	0.0642643409588	0.00329705177255
0.00136966226772	1.71503476169	0.0837595533748	2.2442546153e-05	1.99467867901	0.0622204006742	0.00278787479719
0.00112530357527	1.72656756564	0.103862992371	0.000149784574866	1.8045335834	0.0613904821644	0.000799063225812
0.00105271791225	1.67256265728	0.0729915929201	0.000337751299622	1.76611340718	0.0845398964447	0.00100925932678
0.000961477147287	1.77563398116	0.0991344957682	9.56582551228e-05	1.77498480764	0.0861895444611	0.0017946812434
0.000481096599692	1.92355201838	0.0493023640844	-0.000176051158048	1.8622747787	0.0470962672058	0.000561804074825
0.00123937230806	1.71258443917	0.0926446841944	7.73620627076e-05	1.81343671709	0.0848683349971	0.00101250725387
0.000751499320113	1.60712705242	0.105896775154	0.000107941368253	1.92930601647	0.0713883905046	3.9122322157e-05
0.001166037382	1.80535681383	0.102638636769	0.000229172141024	2.18329667111	0.0487092493365	0.00156278630507
0.000974368300811	1.72615592386	0.098814185684	0.00011432482951	2.05256174781	0.0702785503178	0.000194713605673
0.00118695736579	1.68742601437	0.0919224925515	0.000107237057103	1.9473236916	0.0535288840513	0.00064189844137
0.000927283314171	1.76902552776	0.102821413215	-1.24202343953e-05	2.05093674845	0.0536951963436	0.000241294746643
0.00131906285833	1.97192902908	0.045817665485	0.000110020710232	1.96165556902	0.0545933550667	0.00132459322169
0.000715608954429	1.69171968291	0.131814621202	9.44982212973e-05	1.80108240957	0.0679981090555	0.00336748740075
0.000997918731015	1.97036500741	0.10684838928	6.56731110272e-05	2.07409918172	0.0636804845273	0.000400849535374
0.00149702519829	1.70646774159	0.121879420011	6.34183482843e-05	1.88983257825	0.0720116085919	0.000817966810184
0.00141090887035	1.61827025271	0.0927357887074	4.60382498643e-05	2.04032573767	0.0623951868516	0.000388183339784
0.00106853008912	1.68572462953	0.107415651621	8.66263874901e-05	1.84067375967	0.0608627275901	0.00081906760007
0.000839582506565	1.618677487	0.0714484185052	7.18233662847e-05	1.82522852862	0.062797290833	0.00203553810541
0.00114956420771	1.70222998156	0.10150965948	0.000122662062703	1.96280878832	0.0657126936565	0.00109804892251
0.00199935663015	1.71077755542	0.0979197802584	0.000114304730271	1.93279539712	0.0708206315155	0.00160659294289
0.00102072259259	1.68355463241	0.103075013736	0.00011926041355	2.1283415644	0.0684669607592	0.00157182729004
0.00201374142287	1.67560612989	0.0929401339652	5.92103410707e-05	1.93012739502	0.0670446387768	0.0010169893497
0.000638527621972	1.69824461071	0.0928095172026	0.000112004527828	1.85344915875	0.0662005566375	0.000260436896184
0.000713447789536	1.75903568586	0.121927813939	0.000118595181586	1.93609813488	0.0612608446323	0.00161110249385
0.00107705640349	1.74049450284	0.109648191711	0.000123177464472	1.84329710927	0.0673905684029	0.00151249000635
0.000422661047632	1.71404259305	0.0291951523687	0.000154318550649	1.77640163143	0.0892875388885	0.0020633741532
0.000961880686244	2.01836915879	0.0906766320446	0.000190650635207	1.89294964183	0.0739966965768	0.00106339586332
0.00150525948197	1.7490765931	0.0857496134233	9.92174241042e-06	1.82771468227	0.0671166842917	0.0031255780412
0.00117632738112	1.69078021857	0.107688332844	0.000110966278951	1.95908875675	0.0704160221378	0.00169159247813
0.00156754521801	1.79446902847	0.097123312346	0.000118656088256	1.87991317607	0.0612301648504	0.00127404518781
0.00126616033667	1.86773918466	0.0629696458819	8.73302213996e-05	1.85546937666	0.0678494800431	0.00109003191296
0.000982635597254	1.79518483553	0.145749057216	8.92804823924e-05	2.11229682088	0.0770547255671	0.00127679506694
0.000803965882294	1.84747534807	0.103412567747	5.83183311793e-05	1.99752181229	0.0660929359858	0.000899311068229
0.0010637668958	1.73618528708	0.094441586496	0.000102759487522	1.94471476655	0.0729560470693	0.000758561637209
0.000564161068033	1.66421373799	0.157590549139	0.000118154814651	1.97048261635	0.0343311168857	0.00704276367949
0.000470516397062	1.78315382114	0.0917595118129	7.60926115675e-05	1.87057440684	0.0684496552529	0.00130218124281
0.00142078643904	1.55626465474	0.102004168304	7.61374308691e-05	1.94822734538	0.0571384502085	0.0022612088987
0.00102147841039	1.80889343914	0.0845726513498	0.000219411221547	1.62013144552	0.0825816811337	0.00177145004221
0.00111527141963	1.72361433287	0.0945767131008	-0.000334988759894	1.91985062643	0.0603005440366	0.000448995814581
0.00133655338574	1.73026552594	0.0897382562538	0.000274819281984	2.02376740841	0.0834615725414	0.00137432042719
0.000720845884606	1.71667973962	0.0940172296706	5.8456202159e-05	1.80586685911	0.0647327343835	0.00243699018281
0.0013589078975	1.71111591465	0.0980751523794	0.000118894117442	1.85377899832	0.0826996232375	0.000119679710528
0.000924427634044	1.70264772949	0.0979631007632	0.000181055012355	1.95405560113	0.0580487488289	0.000334165141265
0.00135799378989	1.67515703829	0.0810177053483	0.000140972803161	1.82386462592	0.044806867678	0.00110105135703
0.00106304497602	1.70281929012	0.0975283998839	0.000131745360459	1.71018667738	0.0682850213609	0.00190060389763
0.000578955272686	1.81219763992	0.0963538637503	0.000125985193589	1.72251235075	0.0800945742344	0.00241502368441
0.000929586447913	1.79311666733	0.108195349874	0.000195415448385	1.84838138266	0.100304240748	0.00183275589734
0.000877700183796	1.76804921696	0.0916115572757	0.000115920348419	1.54303678081	0.0515402619577	0.00116946791931
0.000775646406728	1.8124509995	0.0399948689244	0.000444190528234	1.87629511075	0.056956315056	0.00264511994472
0.000893197931159	1.70984722254	0.105424841041	7.33831162219e-05	1.74403791794	0.0696103205208	0.00168999233266
0.000782103529013	1.82067481467	0.111076943499	-7.26450448831e-05	1.57431928019	0.0955112316386	0.000880978812112
0.000934681985939	1.6860031279	0.0882800913167	0.000174703047266	1.95006073605	0.0642461715691	0.000569277859468
0.00177438014054	1.67681297489	0.143678509191	0.000126367981825	2.18922826127	0.0506855797681	0.00317486342792
0.00106811792727	1.71598953507	0.0463033246806	0.000218565724465	1.72910549881	0.0727607466781	0.00137311629244
0.000904013799748	1.69925047026	0.077124217063	0.000192662486208	1.82594100906	0.0626878122525	0.000757124665567
0.00185680932381	1.6312518832	0.0865264630877	0.00020752081691	1.82615404307	0.0554932963275	0.00232229112068
0.0015750381685	1.77228102491	0.107316374607	8.28108390455e-05	1.85441695772	0.0740205649209	0.00163348745306
0.00146082104637	1.80346807961	0.0944850429672	9.97976640573e-05	1.88699529234	0.0652325132483	0.00509668777577
0.0012613335873	1.55259966188	0.077555675483	0.000130514710283	1.79827186746	0.0608595974031	0.000749029341432
0.00111612450301	1.65850811468	0.100408269918	0.000197310056883	1.64770224115	0.0647186796794	0.00207143484057
0.00102934961851	1.71102507046	0.101501815271	0.000141646325335	1.67352662933	0.0627300747991	0.00125506955273
0.00140564093744	1.75509634011	0.0996489615425	0.000121143105438	2.07620253224	0.0617259148639	0.00210168891075
0.00134626996949	1.72387262157	0.0943033740036	0.000105239198241	1.91971333798	0.062308545924	0.00185694416778
0.000945955520386	1.67530861239	0.107886367259	6.72693535097e-05	1.97377410734	0.0774558439329	0.00121587354441
0.000921353411	1.87523844002	0.0830034583156	0.000154730373522	1.82472294589	0.0668150235248	0.00782069975491
0.000781341827938	1.85580133411	0.129921653871	6.85752747502e-05	1.93259383844	0.0559157710654	0.000317763077964
0.00079608916388	1.79257512706	0.079613988275	-0.000208726128768	1.85708808224	0.0511154007956	0.00225131622614
0.00067880925397	1.86451869128	0.011482917521	0.000152011442236	1.93380510379	0.066805878516	0.000240460080475
0.00130138295388	1.7618892248	0.0905086348147	0.000200800536565	1.9659646909	0.085821594151	0.00271013213838
0.000366502616009	1.74205967919	0.113259243434	5.04984155059e-05	1.85311652755	0.0726690029535	0.00162489329766
0.00120051612043	1.66020097998	0.0939507361822	7.18582990758e-05	1.95215188482	0.10580188313	0.000190179350714
0.00201410991588	1.48311658598	0.116357512937	8.39074096265e-05	1.95278635295	0.058756300555	0.00110458375436
0.000741620430276	1.85748875941	0.122447712683	7.22138419059e-05	1.9350780636	0.0715621597813	0.000469332904337
0.000855841959785	1.7976290571	0.0956418096847	0.000201166245048	1.80338272089	0.0275247736068	0.000664495694526
0.00095990767808	1.76853310595	0.0937674485489	0.000162882326899	1.91823107788	0.0667469627739	0.000910499040008
0.00169978843267	1.7637997518	0.0633157564972	0.000220483444127	1.9451598317	0.0607372116848	0.00118456715447
0.00101033932038	1.73982376794	0.126742476172	0.000247501912892	1.79765280873	0.0666470109055	0.00175551550201
0.00135390279971	1.66184425693	0.116431171032	0.000118450664969	1.51392372915	0.0741218218119	0.00110216003975
0.000974424409982	1.6925401671	0.0821571399728	0.000116108135814	1.83144443544	0.0752170503687	0.000285997049581
0.000768488607072	1.67554039875	0.101400439642	0.0003702432334	1.91460540796	0.0715753368625	0.00270482727725
0.00132896016655	1.67380579724	0.0836013047104	0.000240195543162	1.98973876867	0.0524316387865	0.00325818671275
0.000939145299689	1.82619347916	0.101311344448	0.000231212751678	1.76660770225	0.0613893803338	0.000665028904984
0.000667355870619	1.74063269759	0.107691628492	0.000209589639714	1.93292434084	0.0801424949669	0.00221206461313
0.00105280850141	1.78399147791	0.104628217659	1.36695935453e-05	1.70425545446	0.0978875539338	0.000525513659286
-0.000455335966952	1.87840443997	0.102717063192	0.00014562532237	2.03008128158	0.0827929067997	0.000585829216984
0.000604045742462	2.03614329285	0.104324296033	8.18803281306e-05	1.95152903096	0.0647690748731	0.00166933167337
0.0012835899955	1.68979738969	0.0901071859339	8.77237649029e-05	2.01121417943	0.068349447336	0.00197437085582
0.00100670361928	1.68700937368	0.109743341887	0.000109785320543	1.75865661214	0.0615775561867	0.00138073581814
0.000898419196444	1.72593469678	0.0940672150772	0.000737013316011	1.72128723604	0.0556048275757	0.00115166741989
0.000823467485714	1.94111012975	0.0902286836269	2.40777828605e-05	1.87424330367	0.0864500240652	9.96444928733e-05
0.000943384815122	1.74306212896	0.117953687952	-0.000133536050271	2.14436597556	0.0603082351027	0.000770849153571
0.0021749443898	1.67504306103	0.0748000155828	6.84155271266e-05	1.65313287764	0.0559851317226	0.00251544387905
0.000930981386022	2.03108438129	0.077720838713	7.08708945754e-05	1.96083951554	0.0831993194884	0.00037124904019
0.000722391068839	1.8829038254	0.0966154232591	0.000137554631258	1.85242591004	0.0723101943799	0.000918857600135
0.00122472738863	1.80785230542	0.102918851878	0.000157695549192	1.76834874385	0.0730582285342	0.000372569437318
0.00103324613965	1.74113398576	0.0728079532276	0.000134660751092	1.94733902931	0.0633580658882	0.00181490614305
0.000723567197515	1.80520995805	0.108533519519	0.000221680810868	1.81530812247	0.070392445151	0.00170849963805
0.00100340334991	1.75315304192	0.102766291976	0.000142964863086	1.86630071068	-0.000218882235949	0.00407986849542
0.00108231720747	1.86470895539	0.128179138056	4.87433248307e-05	2.01475855527	0.066692127177	0.00135609634867
0.00136077483807	1.72314317137	0.09315294549	0.000195002941375	1.77949566832	0.0817120607046	0.00169124671576
0.0006045870517	1.74072160235	0.0875285970877	9.17511961029e-05	1.92344171274	0.0629936194277	0.000129141681453
0.000986030737061	1.77734405772	0.097238283306	-8.89905506797e-05	1.91606847461	0.0476165756632	0.00303324121237
0.00107481362128	1.72769166146	0.0947183664061	0.00011490130456	1.82974196819	0.0650145492613	0.000264371114804
0.00115580801426	1.70631044541	0.109877618173	0.000123161436417	1.80701799662	0.0764657380081	0.00121692444299
0.000723367328932	1.76810656121	0.0973707622491	0.000250308024326	1.68182838072	0.0752994567136	0.00161586119653
0.00153793365013	1.72215404176	0.102418365376	0.000182747401239	1.87343835118	0.0872834553126	0.00310065627424
-0.000493943555107	1.61646691154	0.114441064741	0.000129088839256	1.77098826878	0.0957931565056	0.0023304459816
0.000599652339674	1.83423797698	0.0989247486369	0.000624606069562	1.97861933847	0.0668846595037	0.0031921286305
0.000746591686541	1.86484293724	0.0632664469532	0.000105765706048	1.73066535838	0.0631813983378	0.00214199385021
0.00171281054669	1.78326262534	-0.0109926110051	0.000156799093032	1.86549421408	0.066901745521	0.00201675686718
0.00101536167953	1.83984974736	0.0973765170617	0.000159359370961	1.80293380474	0.045107704408	0.00125004557379
0.00101681519575	1.69276750861	0.102517791603	5.99365274122e-05	1.907763776	0.0698732092509	0.000440885414529
0.00374672891284	1.55325447908	0.0875529797218	-6.35504528478e-05	2.01552472689	0.0647365646996	0.00382784893861
0.00107272022514	2.70438734686	0.103159829307	0.000126066352041	1.70025498425	0.0558065647056	0.000899998290284
0.00104500163824	1.79865349673	0.105579426085	0.000121634793438	1.91584579334	0.0738673799442	0.00134931470654
0.00311100786154	1.70535915061	0.111015771575	-4.05489442686e-05	1.4161691536	0.0826366657498	0.00142030620497
0.00140009392067	1.82337800431	0.0721912770817	0.000349730503116	1.83509717514	0.0725559641088	0.000476882297512
0.00110021821365	1.72436842707	0.0817564832854	-0.000409510040598	1.85991947267	0.0630148225621	0.00085087155391
0.00121075269673	1.81768947567	0.0925744468624	0.000114888355686	1.90591594994	0.0679837764509	0.00215700534699
0.000678002036321	1.63087047326	0.218000131783	0.000142789919452	1.68556963755	0.0812011764637	0.00186186764908
0.00121312970431	1.77540186376	0.10260496119	6.45575955072e-05	1.80032257838	0.105425112183	0.000487164187665
0.00113343959129	1.86912395593	0.100407312439	5.86386035484e-05	2.03665366313	0.0960000568825	0.00222160220288
0.000963624034784	1.72270128716	0.087919516173	7.0688451283e-05	2.05616421537	0.0579540992402	0.00178974163576
0.001388870776	1.9031145328	0.0969853237192	0.000118573636194	1.92021216844	0.0806006900633	0.00226553753394
0.00089366683486	1.78199738021	0.0897719609704	0.000187630757269	1.88171346231	0.0362937762697	0.00170207447947
0.000754627784004	1.78652371935	0.139902926162	0.000141195192489	1.95409491426	0.0717627329615	0.000892263451364
0.000971823895283	1.79575708591	0.100435102844	-3.80966397228e-05	1.63562737983	0.0521160934874	0.00141679847291
0.00119589328625	1.70180563767	0.0879755440406	0.000254081543481	1.60774181534	0.0674321228104	0.000143519964424
0.000814272009065	1.6840240358	0.0940640678697	0.000111002034626	1.88894866431	0.06423621817	9.30521521726e-05
0.00131966631871	1.79156209849	0.0976214126204	0.000191905697119	1.39132092445	0.0723918517061	0.000815661785099
0.000821837931363	1.7959507357	0.0957928274489	0.000254952444971	1.80627523276	0.0621419133133	0.000672373898267
0.00103974177396	1.69926117669	0.091442219434	0.000110585176467	1.93102851388	0.0663472282676	0.00123998458172
0.000964049964017	1.73058560581	0.106855797829	0.000143140811952	1.84999331342	0.0705754981894	0.00556347859473
0.00152348381754	1.70870742138	0.0861335007833	0.000394967911212	1.71032352873	0.0606730274092	0.00142570848244
0.0010269421589	1.7651947417	0.0962560685012	0.000304849695126	1.85431678442	0.072910526942	7.51278544231e-05
0.000754035285082	2.07799012845	0.103305319621	0.000240923020558	1.91739193522	0.0555681107341	0.000870610339501
0.00141398113047	1.69502840954	0.0977672732187	0.000563119280142	1.92148617932	0.0684871968233	0.00116770664201
0.00190615841927	1.61997054337	0.105593138717	0.000125131669128	1.61818201869	0.057775957586	0.000634712535319
0.00106978630117	1.91497674167	0.111018830799	-1.68522493407e-06	1.9129566574	0.0755934871427	0.00102622091748
0.002023750541	1.5770926839	0.111172612663	0.000120581698115	1.9172994305	0.0640613314187	0.00328361645201
6.46065798066e-05	1.81928126084	0.0892506290454	5.74424186436e-05	1.95665583828	0.0657500724524	0.00466084284726
0.00198391298389	1.79439834802	0.101419059405	6.17841783908e-05	1.78296004346	0.0804814145265	0.00408129164084
-0.000188081602212	1.6811699757	0.105897541192	0.000329719035192	1.63183827369	0.07350164382	0.00174163564232
0.000982350672941	1.77473626538	0.107120844946	0.000230793857058	1.96475700455	0.06509839866	0.00162384900075
0.000987837973951	1.74637120286	0.0935364075174	0.00019054783807	1.73122912609	0.0699063898072	0.000636864435981
0.00107912566851	1.76131786141	0.0859261524628	0.000233295853993	2.20473706871	0.0878878750516	0.000876312726265
0.000595799909989	1.76235252154	0.0958205953156	0.000151574918573	1.82699619162	0.0299780086568	0.00175020995518
0.000586993630068	1.95165755666	0.101244860177	0.000286021197964	1.78420567139	0.0980301438531	0.0011978828707
0.00150004535553	1.6957957067	0.103816932577	0.000263225791921	1.91021498607	0.0620581336708	0.000845672934245
0.0017506544696	1.72990697813	0.0825285401572	0.000109187738285	1.95418950604	0.0795291286298	0.00224343749385
0.000858688103047	1.65492559841	0.100631199417	6.90199357783e-05	1.82196159401	0.0620499381012	9.37920010937e-05
