101.0	100.0	87.0	112.0	116.0	107.0	1	0.027865096702008631	0.081388603703139023	DLR00012733-2009-11-12_22-56-40	233179.25833597285	1	107	275.5	217.0	166936.04816263565	1437321.4598540147	137	136
102.0	100.0	84.0	114.0	117.0	106.0	2	0.0055943310778411208	0.08309058698668681	DLR00012733-2009-11-12_22-56-40	179925.53167590569	1	107	419.5	214.0	123308.40927481538	1495037.0802919709	137	136
105.0	103.0	84.0	116.0	117.0	104.0	3	0.020139591880228035	0.079169018359235829	DLR00012733-2009-11-12_22-56-40	231533.68199168469	1	107	552.5	228.0	163368.4159945061	1625656.6423357667	137	136
109.0	106.0	87.0	119.0	120.0	106.0	4	0.029623315040758699	0.093596472690577748	DLR00012733-2009-11-12_22-56-40	344455.6310197555	1	107	693.5	214.0	269179.3251190611	2433928.4671532842	137	136
110.0	106.0	86.0	118.0	117.0	101.0	5	0.015131333581970271	0.077953311739673944	DLR00012733-2009-11-12_22-56-40	266474.8742911864	1	107	832.5	225.0	164226.7605677738	1679575.1824817522	137	136
110.0	106.0	86.0	118.0	117.0	101.0	6	0.031434812723107254	0.078165079796506054	DLR00012733-2009-11-12_22-56-40	296234.15303473541	1	107	957.5	230.0	191095.11787140358	1744378.6861313868	137	136
110.0	107.0	86.0	118.0	117.0	99.0	7	0.023229793808940274	0.076949403096138402	DLR00012733-2009-11-12_22-56-40	289391.45201344352	1	107	1099.5	218.0	186666.93073192122	1878542.189781022	137	136
111.0	107.0	86.0	118.0	118.0	100.0	8	0.030422505194736001	0.078400394259205197	DLR00012733-2009-11-12_22-56-40	317163.41445231915	1	107	1240.5	214.0	219509.65532467369	2159526.1313868612	137	136
110.0	107.0	86.0	118.0	119.0	101.0	9	0.036496350364963501	0.081874880367124925	DLR00012733-2009-11-12_22-56-40	339021.88443906081	1	107	1377.5	214.0	246018.376780866	2201547.1532846713	137	136
109.0	106.0	85.0	118.0	120.0	104.0	10	0.062176993979434172	0.088823912421352874	DLR00012733-2009-11-12_22-56-40	429265.50578318851	1	107	1503.5	220.0	358407.21412431338	2658209.3430656935	137	136
108.0	106.0	85.0	118.0	119.0	102.0	11	0.030156108476743566	0.083898405231172105	DLR00012733-2009-11-12_22-56-40	322531.68818920333	1	107	1650.5	214.0	236169.40626994119	2136743.6496350365	137	136
108.0	106.0	85.0	120.0	122.0	106.0	12	0.038041451329319624	0.094086668769009119	DLR00012733-2009-11-12_22-56-40	372653.47471985815	1	107	1775.5	225.0	293264.19429622398	2373175.1824817518	137	136
108.0	107.0	86.0	121.0	124.0	108.0	13	0.028451169481591987	0.10568272015343008	DLR00012733-2009-11-12_22-56-40	401048.26592170721	1	107	1926.5	214.0	331407.27733764675	2755161.4598540151	137	136
108.0	106.0	85.0	121.0	124.0	108.0	14	0.037295540518940809	0.1045101869311568	DLR00012733-2009-11-12_22-56-40	410303.25509620894	1	107	2057.5	218.0	340898.4732499299	2626060.7299270071	137	136
109.0	106.0	86.0	120.0	122.0	106.0	15	0.029143800948372316	0.096431765132749925	DLR00012733-2009-11-12_22-56-40	372307.86482316349	1	107	2197.5	213.0	296770.45672739862	2538727.8832116788	137	136
109.0	106.0	86.0	118.0	119.0	102.0	16	0.038201289360115083	0.082321962886656178	DLR00012733-2009-11-12_22-56-40	333698.76829272253	1	107	2321.5	223.0	244513.99224000625	2155982.1897810218	137	136
109.0	106.0	86.0	118.0	119.0	102.0	17	0.027012627204432843	0.085114111850734003	DLR00012733-2009-11-12_22-56-40	338094.78514689038	1	107	2471.5	214.0	255664.0922987792	2398742.1897810218	137	136
109.0	106.0	86.0	119.0	120.0	104.0	18	0.033565986467046727	0.088757252456585708	DLR00012733-2009-11-12_22-56-40	370612.98054314661	1	107	2608.5	214.0	293078.91806987999	2541006.1313868617	137	136
109.0	106.0	86.0	119.0	120.0	105.0	19	0.025307688209281261	0.089718017622026885	DLR00012733-2009-11-12_22-56-40	346119.82692523208	1	107	2744.5	214.0	262586.425065246	2289892.5547445258	137	136
108.0	106.0	86.0	118.0	119.0	104.0	20	0.028131493420001066	0.085796448994575905	DLR00012733-2009-11-12_22-56-40	330088.93905394233	1	107	2871.5	216.0	248678.04502263747	2195724.9635036495	137	136
107.0	104.0	86.0	116.0	117.0	103.0	21	0.0092173264425382279	0.079976836603721124	DLR00012733-2009-11-12_22-56-40	259946.08649705935	1	107	3013.5	217.0	182010.61403010023	1837533.7226277376	137	136
104.0	101.0	84.0	117.0	119.0	104.0	22	0.0049016996110607921	0.085796448994575905	DLR00012733-2009-11-12_22-56-40	181557.94457918324	1	107	3144.5	225.0	120686.42103311142	1194308.3211678832	137	136
100.0	99.0	84.0	113.0	117.0	107.0	23	0.0038893920826895412	0.084416067129915978	DLR00012733-2009-11-12_22-56-40	144149.51081881172	1	107	3292.5	214.0	96286.931220650105	1052550.6569343067	137	136
98.0	98.0	85.0	115.0	119.0	108.0	24	0.0098033992221215841	0.089718017622026885	DLR00012733-2009-11-12_22-56-40	160032.65884064895	1	107	3428.5	214.0	114300.39766260677	1064195.0364963503	137	136
98.0	96.0	80.0	116.0	117.0	103.0	1	0.012787042463636848	0.080980775166450913	DLR00012733-2009-11-12_22-56-40	95639.298769313536	2	107	282.5	350.0	94001.133771962515	1069764.0875912409	137	136
99.0	96.0	78.0	154.0	179.0	176.0	2	0.035590601523789227	0.32532589785908267	DLR00012733-2009-11-12_22-56-40	1142243.7393602761	2	107	411.5	353.0	1140853.5747920359	4124135.4744525542	137	136
104.0	100.0	81.0	122.0	124.0	109.0	3	0.056902338963183974	0.10568272015343008	DLR00012733-2009-11-12_22-56-40	188118.53752859801	2	107	556.5	350.0	146576.1944374858	1213040.5839416056	137	136
107.0	102.0	83.0	121.0	122.0	106.0	4	0.05695561830678246	0.097753325861533624	DLR00012733-2009-11-12_22-56-40	227026.52819645629	2	107	693.5	350.0	155428.1784277251	1267465.4014598543	137	136
107.0	103.0	83.0	130.0	135.0	120.0	5	0.084394480260003193	0.14764741191392333	DLR00012733-2009-11-12_22-56-40	361318.17128647468	2	107	821.5	362.0	300086.63559845189	1976506.8613138685	137	136
108.0	104.0	83.0	127.0	130.0	113.0	6	0.070595130267995104	0.12771802719616904	DLR00012733-2009-11-12_22-56-40	307402.12257150974	2	107	958.5	358.0	230302.72247079966	1669702.7737226277	137	136
108.0	105.0	83.0	120.0	121.0	103.0	7	0.046246470243486597	0.092870962149447234	DLR00012733-2009-11-12_22-56-40	241195.28098981711	2	107	1103.5	350.0	153033.76276674369	1332775.182481752	137	136
108.0	104.0	82.0	120.0	118.0	98.0	8	0.00010655868719697373	0.078078822759511571	DLR00012733-2009-11-12_22-56-40	113006.36479955133	2	107	1240.5	350.0	3721.2940960137098	45311.824817518253	137	136
107.0	104.0	83.0	123.0	126.0	109.0	9	0.054611327188449035	0.11134938562332897	DLR00012733-2009-11-12_22-56-40	260001.32418978788	2	107	1368.5	351.0	174759.41533029886	1326446.7153284671	137	136
105.0	104.0	83.0	137.0	146.0	130.0	10	0.05386541637807022	0.18737687059192579	DLR00012733-2009-11-12_22-56-40	420681.25803391566	2	107	1513.5	350.0	359620.60217885667	2048651.3868613138	137	136
105.0	103.0	82.0	128.0	132.0	116.0	11	0.06356225691299483	0.13594547650108632	DLR00012733-2009-11-12_22-56-40	283360.46812226961	2	107	1644.5	354.0	211623.24206011885	1474279.7080291968	137	136
105.0	104.0	83.0	125.0	129.0	111.0	12	0.050988331823751933	0.12104745308273461	DLR00012733-2009-11-12_22-56-40	231887.84877448148	2	107	1780.5	353.0	150036.21638464162	1159881.4598540145	137	136
105.0	104.0	83.0	152.0	172.0	164.0	13	0.049070275454206405	0.29469450711919293	DLR00012733-2009-11-12_22-56-40	871314.80894748261	2	107	1918.5	353.0	836326.86716718017	3259413.7226277376	137	136
105.0	103.0	82.0	123.0	125.0	108.0	14	0.037082423144546857	0.10843175555860778	DLR00012733-2009-11-12_22-56-40	192347.96948776415	2	107	2054.5	350.0	112596.19928777861	955345.40145985398	137	136
106.0	103.0	83.0	150.0	167.0	156.0	15	0.044914486653524426	0.27318859029934001	DLR00012733-2009-11-12_22-56-40	646461.76784052758	2	107	2188.5	353.0	601112.40732565324	2663018.9781021895	137	136
107.0	104.0	83.0	122.0	124.0	105.0	16	0.020459267941818956	0.10058861830370582	DLR00012733-2009-11-12_22-56-40	171751.27173653097	2	107	2334.5	350.0	78734.948133714512	709547.73722627736	137	136
105.0	103.0	83.0	157.0	183.0	177.0	17	0.048057967925835152	0.33721608484207899	DLR00012733-2009-11-12_22-56-40	1060104.8184689668	2	107	2593.5	350.0	1031604.5490456228	3572040.0	137	136
105.0	103.0	83.0	157.0	183.0	177.0	18	0.048057967925835152	0.33721608484207899	DLR00012733-2009-11-12_22-56-40	1059896.8775670363	2	107	2594.5	349.0	1031876.5351526507	3577355.9124087594	137	136
106.0	103.0	83.0	125.0	128.0	111.0	19	0.042943150940380412	0.11987488994126709	DLR00012733-2009-11-12_22-56-40	238163.74801167566	2	107	2727.5	357.0	161873.32877463929	1215571.9708029197	137	136
106.0	103.0	82.0	154.0	176.0	170.0	20	0.045287442058713837	0.31227879547320642	DLR00012733-2009-11-12_22-56-40	842085.03969066788	2	107	2875.5	348.0	804005.03660363343	3060699.8540145983	137	136
105.0	101.0	81.0	121.0	121.0	104.0	21	0.021578134157387182	0.092510196505298944	DLR00012733-2009-11-12_22-56-40	150582.12863181069	2	107	3018.5	350.0	96738.95052595473	748531.0948905109	137	136
101.0	98.0	79.0	123.0	126.0	111.0	22	0.044541531248335021	0.11235332418605876	DLR00012733-2009-11-12_22-56-40	142886.60757156319	2	107	3155.5	350.0	131284.06488736055	1086724.3795620438	137	136
98.0	95.0	76.0	125.0	131.0	118.0	23	0.061324524481858385	0.13256116684460656	DLR00012733-2009-11-12_22-56-40	175871.18114298413	2	107	3279.5	350.0	197944.50672028449	1473520.2919708032	137	136
96.0	94.0	79.0	118.0	120.0	107.0	24	0.010336192658106452	0.093639586249477866	DLR00012733-2009-11-12_22-56-40	47240.854830772827	2	107	3428.5	350.0	82147.110926846537	863456.0583941607	137	136
100.0	96.0	79.0	120.0	122.0	107.0	1	0.017262507325909743	0.097839582898528107	DLR00012733-2009-11-12_22-56-40	56522.529267467333	3	107	286.5	500.0	61046.337787453369	596901.02189781016	137	136
101.0	98.0	79.0	118.0	120.0	105.0	2	0.029197080291970802	0.089718017622026885	DLR00012733-2009-11-12_22-56-40	76410.581052901602	3	107	419.5	487.0	61350.055592899305	613608.17518248176	137	136
104.0	100.0	81.0	123.0	125.0	110.5	3	0.049869465608183706	0.11211803964255385	DLR00012733-2009-11-12_22-56-40	170440.19899509908	3	107	556.5	487.0	128854.2884471705	1027236.7883211679	137	136
107.0	102.0	82.0	122.0	123.0	107.0	4	0.04118493260163035	0.10192980602391108	DLR00012733-2009-11-12_22-56-40	191987.91439885771	3	107	691.5	491.0	119537.61140580196	1014326.7153284672	137	136
107.0	103.0	83.0	120.0	121.0	103.0	5	0.024082263306516062	0.089843528641864512	DLR00012733-2009-11-12_22-56-40	157861.04652304156	3	107	827.5	485.0	67575.848634988157	650313.28467153281	137	136
107.0	104.0	83.0	117.0	118.0	101.0	6	0.054291651126858118	0.081831766808224807	DLR00012733-2009-11-12_22-56-40	254534.27566238353	3	107	953.5	492.0	180505.65725734428	1640844.9635036497	137	136
107.0	104.0	83.0	120.0	122.0	104.0	7	0.05088177313655496	0.093596472690577748	DLR00012733-2009-11-12_22-56-40	249616.2334149176	3	107	1103.5	487.0	169376.89638302798	1421880.0	137	136
107.0	104.0	83.0	116.0	115.0	95.0	8	0.00026639671799243435	0.066078802414459487	DLR00012733-2009-11-12_22-56-40	113080.01235270983	3	107	1240.5	487.0	5735.1061310291116	82776.350364963495	137	136
106.0	104.0	84.0	123.0	126.0	108.0	9	0.034205338590228569	0.10855723665925116	DLR00012733-2009-11-12_22-56-40	205882.03083076928	3	107	1377.5	486.0	109283.43090681201	908008.46715328458	137	136
103.0	103.0	83.0	154.0	179.0	173.0	10	0.057967925835153714	0.32069057693383751	DLR00012733-2009-11-12_22-56-40	948225.96472880361	3	107	1504.5	488.0	918519.91510246939	3335861.6058394159	137	136
103.0	103.0	83.0	136.0	145.0	131.0	11	0.073099259417123988	0.18765529861352506	DLR00012733-2009-11-12_22-56-40	374073.03568061395	3	107	1650.5	487.0	315303.06747791974	1821332.8467153285	137	136
102.0	103.0	82.0	154.0	183.0	178.0	12	0.04374234109435772	0.33922390212915005	DLR00012733-2009-11-12_22-56-40	1112171.6091624864	3	107	1778.5	488.0	1092733.6879846833	3680889.635036496	137	136
104.0	104.0	83.0	127.0	133.0	116.0	13	0.065213916564547919	0.13597880648346991	DLR00012733-2009-11-12_22-56-40	267030.0709999213	3	107	1920.5	492.0	192024.56691278084	1318852.5547445256	137	136
105.0	103.0	82.0	108.0	107.0	87.0	14	0.0018647770259470403	0.03495332610088718	DLR00012733-2009-11-12_22-56-40	97253.874217676916	3	107	2053.5	493.0	10728.47439816179	187828.90510948905	137	136
106.0	103.0	82.0	117.0	117.0	97.0	15	0.0018647770259470403	0.07415725413206059	DLR00012733-2009-11-12_22-56-40	97267.623583267676	3	107	2201.5	491.0	7785.5940126091373	93914.452554744523	137	136
106.0	104.0	83.0	123.0	127.0	109.0	16	0.04885715807981246	0.11360822495007529	DLR00012733-2009-11-12_22-56-40	232468.08586532317	3	107	2321.5	485.0	151575.87300528388	1175576.0583941606	137	136
106.0	103.0	82.0	129.0	135.0	118.0	17	0.068836911929245029	0.14456118718965863	DLR00012733-2009-11-12_22-56-40	292763.87468234601	3	107	2467.5	489.0	220132.28805914184	1474026.5693430656	137	136
105.0	103.0	82.0	124.0	128.0	112.0	18	0.052693270818903508	0.12015331796286635	DLR00012733-2009-11-12_22-56-40	235833.97468332615	3	107	2602.5	489.0	161411.79755449953	1217850.2189781023	137	136
105.0	103.0	82.0	151.0	169.0	160.0	19	0.041344770632425809	0.28192589259330447	DLR00012733-2009-11-12_22-56-40	682755.2054229473	3	107	2740.5	486.0	638379.22718183976	2640236.4963503648	137	136
106.0	102.0	82.0	127.0	131.0	114.0	20	0.051574404603335289	0.13172588277980876	DLR00012733-2009-11-12_22-56-40	243340.5847083283	3	107	2881.5	487.0	178051.94665937967	1301132.8467153287	137	136
104.0	100.0	80.0	113.0	114.0	97.0	21	0.0093771644733336885	0.06498666206710961	DLR00012733-2009-11-12_22-56-40	93732.504079550345	3	107	3018.5	487.0	46825.009769948621	437423.64963503642	137	136
100.0	97.0	78.0	156.0	181.0	176.0	22	0.038893920826895412	0.33138076487424811	DLR00012733-2009-11-12_22-56-40	1104758.8582523051	3	107	3142.5	486.0	1100859.0129403488	3854289.635036496	137	136
97.0	94.0	75.0	134.0	145.0	135.0	23	0.056902338963183974	0.19125918523653362	DLR00012733-2009-11-12_22-56-40	346464.99032926513	3	107	3291.5	487.0	370823.64040635113	2324066.2773722624	137	136
95.0	93.0	76.0	121.0	125.0	112.0	24	0.035004528744205871	0.11275136914623032	DLR00012733-2009-11-12_22-56-40	47917.638081122102	3	107	3428.5	487.0	108445.02723304465	873834.74452554737	137	136
101.0	97.0	79.0	114.0	113.0	97.0	1	0.0053279343598486868	0.062478805286702133	DLR00012733-2009-11-12_22-56-40	38509.774365052304	4	107	273.5	633.0	29169.784577812035	420463.35766423354	137	136
102.0	98.0	79.0	121.0	123.0	109.0	2	0.04470136927913048	0.10471214149227812	DLR00012733-2009-11-12_22-56-40	123488.10461514496	4	107	419.5	623.0	102162.74025382272	907755.32846715336	137	136
105.0	101.0	81.0	122.0	124.0	108.0	3	0.033193031061857316	0.10476509846608326	DLR00012733-2009-11-12_22-56-40	138755.03294695166	4	107	556.5	623.0	88701.189948169151	781185.98540145997	137	136
107.0	103.0	82.0	129.0	132.0	117.0	4	0.056795780275987001	0.13709841265113229	DLR00012733-2009-11-12_22-56-40	268719.86567409156	4	107	693.5	623.0	202290.78393143459	1404160.2919708029	137	136
107.0	104.0	83.0	121.0	122.0	104.0	5	0.047685012520645748	0.095663111113525046	DLR00012733-2009-11-12_22-56-40	209429.8174630008	4	107	822.5	623.0	128897.89298036711	1145452.5547445256	137	136
108.0	104.0	83.0	122.0	123.0	105.0	6	0.036869305770152912	0.10047881486084428	DLR00012733-2009-11-12_22-56-40	199783.14675346043	4	107	966.5	623.0	107732.2824128729	947751.24087591236	137	136
107.0	104.0	83.0	122.0	124.0	106.0	7	0.053226064254888378	0.10446704345306243	DLR00012733-2009-11-12_22-56-40	236767.05490802461	4	107	1085.5	625.0	152408.16009940242	1266452.8467153287	137	136
106.0	104.0	83.0	149.0	164.0	152.0	8	0.018541211572273428	0.26114545639538778	DLR00012733-2009-11-12_22-56-40	330781.16449152416	4	107	1240.5	623.0	253893.42041273031	1136339.5620437956	137	136
106.0	104.0	83.0	125.0	130.0	113.0	9	0.054451489157653576	0.12529056329068497	DLR00012733-2009-11-12_22-56-40	261915.149815465	4	107	1377.5	623.0	177298.32783848947	1281641.1678832115	137	136
104.0	103.0	83.0	124.0	129.0	113.0	10	0.0600458202354947	0.12350235288933693	DLR00012733-2009-11-12_22-56-40	229780.48526869336	4	107	1499.5	634.0	151778.27354924637	1140896.0583941606	137	136
102.0	103.0	83.0	155.0	183.0	178.0	11	0.052000639352123179	0.33732588828494048	DLR00012733-2009-11-12_22-56-40	976541.39684924518	4	107	1640.5	618.0	949255.09423215431	3225493.1386861312	137	136
103.0	103.0	83.0	127.0	133.0	117.0	12	0.057275294368373385	0.13729058363573707	DLR00012733-2009-11-12_22-56-40	238503.2577051277	4	107	1774.5	630.0	168694.13825772362	1183170.2189781021	137	136
104.0	103.0	83.0	153.0	175.0	167.0	13	0.059353188768714371	0.30494937078340861	DLR00012733-2009-11-12_22-56-40	772882.88679403742	4	107	1913.5	624.0	734538.47987829742	2799460.7299270071	137	136
105.0	103.0	82.0	127.0	133.0	116.0	14	0.064681123128563056	0.1363964485158688	DLR00012733-2009-11-12_22-56-40	260181.09250523534	4	107	2061.5	623.0	185149.32340713649	1283160.0	137	136
106.0	103.0	82.0	110.0	110.0	90.0	15	0.0016516596515530929	0.045298426054931298	DLR00012733-2009-11-12_22-56-40	102082.7786695901	4	107	2194.5	634.0	12117.335737924686	199220.14598540147	137	136
106.0	104.0	83.0	124.0	128.0	110.0	16	0.048377643987426076	0.11678860537861389	DLR00012733-2009-11-12_22-56-40	227943.50187604755	4	107	2324.5	622.0	146509.30558793276	1178360.5839416056	137	136
106.0	103.0	82.0	122.0	121.0	100.0	17	0.00010655868719697373	0.088949393521996253	DLR00012733-2009-11-12_22-56-40	92963.61411078964	4	107	2473.5	625.0	690.78652776939316	7341.0218978102184	137	136
106.0	103.0	82.0	128.0	132.0	115.0	18	0.055623634716820289	0.13264351942675268	DLR00012733-2009-11-12_22-56-40	271353.08842078049	4	107	2600.5	629.0	194942.27404646986	1385174.8905109488	137	136
106.0	103.0	82.0	125.0	128.0	111.0	19	0.045660397463903248	0.12015331796286635	DLR00012733-2009-11-12_22-56-40	235578.05060794193	4	107	2737.5	619.0	161639.7534198444	1217850.2189781023	137	136
106.0	103.0	81.0	129.0	134.0	118.0	20	0.063029463477009967	0.14372584328647237	DLR00012733-2009-11-12_22-56-40	285101.95425303269	4	107	2876.5	623.0	223738.01918612357	1486936.6423357667	137	136
105.0	101.0	80.0	123.0	124.0	107.0	21	0.032234002877084555	0.10463566803180017	DLR00012733-2009-11-12_22-56-40	144471.72706904341	4	107	3008.5	619.0	92395.41908276327	813081.45985401457	137	136
101.0	98.0	79.0	127.0	132.0	117.0	22	0.052959667536895946	0.13677684115143865	DLR00012733-2009-11-12_22-56-40	197699.91742076626	4	107	3155.5	623.0	184367.38197347222	1326446.7153284671	137	136
98.0	95.0	76.0	144.0	160.0	151.0	23	0.036229953646971069	0.2476023536073976	DLR00012733-2009-11-12_22-56-40	518357.16682823503	4	107	3282.5	626.0	532191.98683923518	2563788.6131386864	137	136
96.0	92.0	75.0	118.0	121.0	107.0	24	0.024242101337311524	0.093821943738371855	DLR00012733-2009-11-12_22-56-40	7760.1933250667053	4	107	3415.5	627.0	72338.367370199456	741696.35036496341	137	136
102.0	98.0	80.0	123.0	125.0	111.0	1	0.048004688582236665	0.11211803964255385	DLR00012733-2009-11-12_22-56-40	167246.05278070437	5	107	282.5	759.0	154211.92255165687	1358089.0510948906	137	136
102.0	98.0	80.0	158.0	182.0	178.0	2	0.050402259044168576	0.33709060374143557	DLR00012733-2009-11-12_22-56-40	1022023.8211709976	5	107	410.5	765.0	1012522.3074290679	3581659.2700729929	137	136
105.0	101.0	81.0	120.0	121.0	104.0	3	0.024881453460493367	0.092678821084036689	DLR00012733-2009-11-12_22-56-40	116510.7135343861	5	107	556.5	759.0	62878.359398865803	600444.96350364969	137	136
107.0	103.0	82.0	127.0	131.0	116.0	4	0.071021365016782995	0.13196116732331364	DLR00012733-2009-11-12_22-56-40	369077.58964014711	5	107	692.5	766.0	313372.46758488985	2025362.6277372262	137	136
108.0	104.0	82.0	125.0	125.0	107.0	5	0.023229793808940274	0.10742781699587799	DLR00012733-2009-11-12_22-56-40	151805.33339273106	5	107	830.5	759.0	57148.38183412025	478178.97810218984	137	136
108.0	104.0	83.0	122.0	123.0	105.0	6	0.032074164846289097	0.098008237396460099	DLR00012733-2009-11-12_22-56-40	193000.13388573474	5	107	966.5	759.0	101446.5532561728	889276.20437956206	137	136
107.0	104.0	83.0	126.0	130.0	114.0	7	0.065586871969737337	0.12851019770206673	DLR00012733-2009-11-12_22-56-40	338462.07004207029	5	107	1103.5	759.0	270437.93252673763	1836521.1678832117	137	136
106.0	104.0	83.0	126.0	130.0	114.0	8	0.070488571580798118	0.12831802671746192	DLR00012733-2009-11-12_22-56-40	325720.21816771192	5	107	1240.5	759.0	255371.4952875516	1721089.9270072991	137	136
106.0	104.0	83.0	126.0	130.0	114.0	9	0.064681123128563056	0.12799645521776831	DLR00012733-2009-11-12_22-56-40	311069.54797006492	5	107	1371.5	762.0	240767.92033758521	1693750.9489051094	137	136
105.0	103.0	83.0	122.0	125.0	108.0	10	0.050828493792956474	0.10591803461612921	DLR00012733-2009-11-12_22-56-40	208124.0942569889	5	107	1513.5	759.0	129954.1581893768	1077105.1094890512	137	136
104.0	103.0	83.0	126.0	131.0	115.0	11	0.060791731045873515	0.13134549014423891	DLR00012733-2009-11-12_22-56-40	241280.12838722454	5	107	1650.5	759.0	170296.92341812616	1202661.8978102189	137	136
104.0	102.0	82.0	136.0	146.0	134.0	12	0.015397730299962704	0.19196117929099135	DLR00012733-2009-11-12_22-56-40	196267.49233941577	5	107	1787.5	759.0	125551.26914704658	625252.55474452558	137	136
105.0	103.0	82.0	126.0	130.0	113.0	13	0.049336672172198837	0.12803959869586268	DLR00012733-2009-11-12_22-56-40	235732.26936106052	5	107	1923.5	770.0	164960.32334963157	1172791.5328467153	137	136
105.0	103.0	82.0	122.0	125.0	108.0	14	0.046406308274282063	0.10841018381956059	DLR00012733-2009-11-12_22-56-40	188657.98588305459	5	107	2061.5	759.0	112301.95355215874	901173.72262773721	137	136
105.0	103.0	83.0	123.0	127.0	110.0	15	0.058127763865949172	0.11267489568575238	DLR00012733-2009-11-12_22-56-40	256109.50312793651	5	107	2192.5	766.0	186494.67076574283	1367455.182481752	137	136
105.0	103.0	82.0	126.0	130.0	114.0	16	0.057062176993979433	0.12799645521776831	DLR00012733-2009-11-12_22-56-40	241227.89034387798	5	107	2321.5	764.0	166883.08036968665	1187726.7153284671	137	136
106.0	103.0	82.0	129.0	134.0	118.0	17	0.055730193404017261	0.14368275964676647	DLR00012733-2009-11-12_22-56-40	294401.56792766991	5	107	2458.5	758.0	224597.13011991174	1402388.3211678832	137	136
106.0	103.0	82.0	125.0	127.0	110.0	18	0.042037402099206138	0.11640037391415312	DLR00012733-2009-11-12_22-56-40	216882.91962961524	5	107	2594.5	763.0	141575.69609654092	1082421.0218978103	137	136
106.0	103.0	81.0	118.0	118.0	99.0	19	0.010336192658106452	0.079976836603721124	DLR00012733-2009-11-12_22-56-40	105490.90314254932	5	107	2741.5	760.0	31299.55978049435	340724.6715328467	137	136
106.0	102.0	81.0	121.0	121.0	102.0	20	0.0095370025041291492	0.088949393521996253	DLR00012733-2009-11-12_22-56-40	113420.41400146097	5	107	2881.5	759.0	41086.810237192942	412869.19708029192	137	136
105.0	101.0	80.0	138.0	146.0	131.0	21	0.057381853055570357	0.19028663190856182	DLR00012733-2009-11-12_22-56-40	401959.55439167609	5	107	3012.5	759.0	363980.68096772424	2060042.6277372262	137	136
103.0	98.0	78.0	127.0	130.0	114.0	22	0.047365336459054823	0.12561213479037861	DLR00012733-2009-11-12_22-56-40	161257.64828468551	5	107	3145.5	760.0	146038.02665041626	1091280.8759124088	137	136
99.0	95.0	76.0	124.0	128.0	112.0	23	0.038680803452501467	0.11987488994126709	DLR00012733-2009-11-12_22-56-40	92782.862811676387	5	107	3288.5	763.0	118530.77626548376	965217.81021897821	137	136
96.0	93.0	74.0	120.0	123.0	108.0	24	0.028344610794395014	0.10091018980339944	DLR00012733-2009-11-12_22-56-40	25712.165673467847	5	107	3411.5	762.0	86419.262410181705	836117.08029197087	137	136
102.0	98.0	80.0	120.0	121.0	106.0	1	0.032234002877084555	0.093596472690577748	DLR00012733-2009-11-12_22-56-40	107753.38295372347	6	107	278.5	898.0	88214.078597559273	871809.63503649633	137	136
103.0	99.0	80.0	149.0	165.0	157.0	2	0.036922585113751398	0.27020433018904588	DLR00012733-2009-11-12_22-56-40	681783.51365984208	6	107	411.5	899.0	664601.14890961291	2948053.1386861312	137	136
105.0	101.0	81.0	128.0	131.0	116.0	3	0.055144120624433905	0.13333568502590248	DLR00012733-2009-11-12_22-56-40	203506.92869311315	6	107	557.5	903.0	147300.16742750848	1034324.6715328466	137	136
107.0	102.0	81.0	116.0	114.0	94.0	4	0.0	0.065800374392860225	DLR00012733-2009-11-12_22-56-40	82215.974778665724	6	107	693.5	895.0	1117.3034673406398	20504.233576642335	137	136
108.0	103.0	81.0	117.0	115.0	96.0	5	0.0040492301134850018	0.066635688376852256	DLR00012733-2009-11-12_22-56-40	105735.08545233346	6	107	830.5	895.0	13792.776573733625	160489.92700729927	137	136
108.0	104.0	82.0	127.0	130.0	113.0	6	0.05898023336352496	0.12798469697443193	DLR00012733-2009-11-12_22-56-40	250583.07567378861	6	107	956.5	895.0	169386.64534497072	1222659.8540145985	137	136
107.0	104.0	83.0	124.0	128.0	111.0	7	0.064041771005381221	0.12019646144096072	DLR00012733-2009-11-12_22-56-40	272068.51848785684	6	107	1103.5	895.0	197220.27333218994	1400616.3503649635	137	136
106.0	103.0	83.0	125.0	128.0	111.0	8	0.0559965901220097	0.12015331796286635	DLR00012733-2009-11-12_22-56-40	228705.66501589201	6	107	1237.5	897.0	148063.4986800848	1113303.9416058394	137	136
106.0	103.0	83.0	121.0	124.0	106.0	9	0.023069955778144812	0.10058861830370582	DLR00012733-2009-11-12_22-56-40	160425.97337262955	6	107	1374.5	897.0	72002.34139546135	649300.72992700723	137	136
105.0	103.0	83.0	124.0	129.0	113.0	10	0.066492620810911604	0.12350235288933693	DLR00012733-2009-11-12_22-56-40	274546.51838227041	6	107	1505.5	902.0	206350.96389644311	1528957.6642335765	137	136
104.0	103.0	83.0	130.0	135.0	120.0	11	0.050562097074964035	0.14882000497458511	DLR00012733-2009-11-12_22-56-40	261241.95937196669	6	107	1641.5	899.0	192205.83173360644	1117354.1605839415	137	136
104.0	103.0	83.0	124.0	128.0	111.0	12	0.051361287228941337	0.11716899801418375	DLR00012733-2009-11-12_22-56-40	213727.5185462189	6	107	1785.5	898.0	144897.43184930153	1162919.1240875912	137	136
105.0	102.0	82.0	127.0	131.0	115.0	13	0.041717726037615213	0.13223959534491292	DLR00012733-2009-11-12_22-56-40	243691.68901785582	6	107	1924.5	895.0	178001.21869613984	1125454.5985401459	137	136
105.0	102.0	82.0	110.0	110.0	91.0	14	0.010389472001704939	0.046941558283408631	DLR00012733-2009-11-12_22-56-40	103521.01775899905	6	107	2051.5	899.0	30537.403285178985	395149.48905109492	137	136
104.0	102.0	82.0	129.0	136.0	121.0	15	0.072886142042730029	0.15063173186260592	DLR00012733-2009-11-12_22-56-40	316383.29573804932	6	107	2189.5	899.0	261059.69345806207	1659324.0875912409	137	136
104.0	102.0	82.0	131.0	139.0	124.0	16	0.079386221961745426	0.16114156690013656	DLR00012733-2009-11-12_22-56-40	352084.33160132699	6	107	2326.5	896.0	302555.0066291127	1909425.1094890512	137	136
104.0	102.0	82.0	123.0	126.0	109.0	17	0.038361127390910542	0.11173764700698399	DLR00012733-2009-11-12_22-56-40	190110.18000202766	6	107	2471.5	895.0	122907.28990231614	997113.28467153292	137	136
105.0	102.0	81.0	133.0	141.0	125.0	18	0.067931163088070762	0.16842784811184	DLR00012733-2009-11-12_22-56-40	320265.32944415748	6	107	2597.5	895.0	262581.53115759121	1593001.7518248179	137	136
104.0	102.0	81.0	158.0	185.0	180.0	19	0.042463636847994035	0.34700037941928485	DLR00012733-2009-11-12_22-56-40	1139659.7612104164	6	107	2868.5	893.0	1122723.0511285532	3740124.0875912406	137	136
104.0	101.0	81.0	158.0	185.0	180.0	20	0.041984122755607652	0.34706703938405203	DLR00012733-2009-11-12_22-56-40	1137389.6483537394	6	107	2872.5	893.0	1121841.2876390163	3734808.1751824818	137	136
105.0	100.0	79.0	129.0	133.0	117.0	21	0.042623474878789494	0.13745136938558389	DLR00012733-2009-11-12_22-56-40	214261.93852823807	6	107	3018.5	895.0	174270.33614835356	1224684.9635036495	137	136
103.0	99.0	78.0	120.0	121.0	103.0	22	0.023549469870531196	0.091741542486074065	DLR00012733-2009-11-12_22-56-40	97782.532624400934	6	107	3142.5	893.0	80757.746724238765	803715.32846715336	137	136
100.0	94.0	74.0	118.0	122.0	106.0	23	0.011668176248068624	0.093345480570096742	DLR00012733-2009-11-12_22-56-40	0.0	6	107	3291.5	903.0	30680.923868764112	257948.3211678832	137	136
96.0	93.0	74.0	118.0	120.0	104.0	24	0.01886088763386435	0.088910199377541591	DLR00012733-2009-11-12_22-56-40	0.0	6	107	3414.5	899.0	54853.753789021437	607532.8467153284	137	136
103.0	98.0	79.0	122.0	123.0	107.0	1	0.025360967552879747	0.10162195247477658	DLR00012733-2009-11-12_22-56-40	106715.56833353144	7	107	282.5	1032.0	88886.133934775615	832826.27737226279	137	136
104.0	99.0	79.0	122.0	123.0	107.0	2	0.038201289360115083	0.10054547482561145	DLR00012733-2009-11-12_22-56-40	121054.06621111184	7	107	419.5	1032.0	91785.030844257446	840926.71532846708	137	136
106.0	101.0	80.0	125.0	129.0	113.0	3	0.065586871969737337	0.12407488659031733	DLR00012733-2009-11-12_22-56-40	259692.54882054738	7	107	554.5	1037.0	214409.95135607658	1561359.4160583944	137	136
107.0	103.0	82.0	131.0	135.0	119.0	4	0.068783632585646542	0.14741212737041842	DLR00012733-2009-11-12_22-56-40	264464.79145044094	7	107	693.5	1032.0	188851.81049978602	1247214.3065693432	137	136
107.0	104.0	82.0	146.0	159.0	146.0	5	0.073685332196707337	0.24130232871462798	DLR00012733-2009-11-12_22-56-40	630061.00143588136	7	107	830.5	1032.0	587693.88724640477	2855404.3795620441	137	136
107.0	103.0	82.0	126.0	128.0	110.0	6	0.035643880867387713	0.11803372256611389	DLR00012733-2009-11-12_22-56-40	178849.6556637022	7	107	966.5	1032.0	93166.345704636929	718407.59124087601	137	136
106.0	103.0	82.0	121.0	121.0	102.0	7	0.013586232617614151	0.089843528641864512	DLR00012733-2009-11-12_22-56-40	120257.66262126452	7	107	1102.5	1036.0	29846.88662435038	299463.0656934306	137	136
105.0	103.0	83.0	127.0	132.0	116.0	8	0.077734562310192337	0.13336901500828607	DLR00012733-2009-11-12_22-56-40	316511.26289935311	7	107	1233.5	1036.0	253481.2436747085	1723115.0364963503	137	136
105.0	103.0	83.0	126.0	131.0	115.0	9	0.063508977569396344	0.13261409389921747	DLR00012733-2009-11-12_22-56-40	257433.53932668481	7	107	1378.5	1041.0	191279.80118711593	1333534.5985401457	137	136
105.0	103.0	83.0	120.0	122.0	104.0	10	0.027651979327614682	0.093918014271077127	DLR00012733-2009-11-12_22-56-40	156180.83636563327	7	107	1513.5	1032.0	76672.41937164549	687524.67153284664	137	136
104.0	102.0	82.0	114.0	115.0	95.0	11	0.00010655868719697373	0.065419981757290371	DLR00012733-2009-11-12_22-56-40	85797.914679975889	7	107	1644.5	1046.0	3259.9798898135409	47843.211678832115	137	136
104.0	102.0	82.0	127.0	133.0	118.0	12	0.052746550162502001	0.14093372424158879	DLR00012733-2009-11-12_22-56-40	250181.35070844946	7	107	1777.5	1029.0	191232.25186410424	1225697.518248175	137	136
104.0	102.0	82.0	122.0	125.0	108.0	13	0.036496350364963501	0.1086337101197291	DLR00012733-2009-11-12_22-56-40	160196.69163924895	7	107	1925.5	1028.0	92765.57672811106	772579.27007299277	137	136
104.0	102.0	82.0	124.0	128.0	111.0	14	0.04576695615110022	0.11744742603578302	DLR00012733-2009-11-12_22-56-40	208963.18297092023	7	107	2064.5	1041.0	150627.72801722609	1080649.0510948903	137	136
103.0	102.0	82.0	126.0	132.0	116.0	15	0.06153764185625233	0.13313370054558693	DLR00012733-2009-11-12_22-56-40	244066.00661362312	7	107	2197.5	1032.0	190440.42032366089	1370492.8467153285	137	136
102.0	101.0	81.0	152.0	172.0	163.0	16	0.072459907293942138	0.29356505753662554	DLR00012733-2009-11-12_22-56-40	607397.96513154672	7	107	2323.5	1034.0	575930.33425877604	2306852.8467153283	137	136
101.0	101.0	82.0	154.0	184.0	178.0	17	0.037135702488145343	0.33950233015074932	DLR00012733-2009-11-12_22-56-40	1100222.4829805428	7	107	2469.5	1032.0	1085086.9259273577	3652791.2408759128	137	136
102.0	101.0	81.0	152.0	179.0	174.0	18	0.04214396078640311	0.32353762761934612	DLR00012733-2009-11-12_22-56-40	949171.12999730511	7	107	2602.5	1036.0	930019.60385222419	3293334.306569343	137	136
104.0	102.0	80.0	133.0	140.0	124.0	19	0.062390111353828118	0.16384745882721991	DLR00012733-2009-11-12_22-56-40	264582.30772366101	7	107	2744.5	1032.0	212494.58655792606	1317333.7226277376	137	136
104.0	101.0	80.0	138.0	146.0	131.0	20	0.050562097074964035	0.19134155277827689	DLR00012733-2009-11-12_22-56-40	324613.86368621665	7	107	2870.5	1036.0	285062.24028362805	1590723.5036496352	137	136
104.0	100.0	79.0	130.0	134.0	118.0	21	0.049496510202994302	0.14457686484744048	DLR00012733-2009-11-12_22-56-40	255444.64658550237	7	107	3018.5	1033.0	214999.14499710733	1415298.3941605841	137	136
102.0	98.0	77.0	149.0	164.0	154.0	22	0.026692951142841922	0.26425920677835346	DLR00012733-2009-11-12_22-56-40	626809.74606612429	7	107	3145.5	1031.0	616448.23597872327	2733138.3941605841	137	136
99.0	95.0	74.0	118.0	118.0	101.0	23	0.0080984602269700036	0.081874880367124925	DLR00012733-2009-11-12_22-56-40	0.0	7	107	3295.5	1036.0	24228.646873111895	289843.795620438	137	136
96.0	92.0	73.0	116.0	119.0	104.0	24	0.031115136661516329	0.08522391529359552	DLR00012733-2009-11-12_22-56-40	28419.923270785515	7	107	3410.5	1031.0	93073.533892521824	1031287.00729927	137	136
103.0	98.0	79.0	122.0	124.0	108.0	1	0.031647930097501199	0.10442195522734245	DLR00012733-2009-11-12_22-56-40	139019.77428486015	8	107	274.5	1178.0	117087.72276828202	1066220.1459854015	137	136
104.0	99.0	79.0	126.0	127.0	111.0	2	0.053066226224092919	0.11716899801418375	DLR00012733-2009-11-12_22-56-40	146418.68577809192	8	107	410.5	1171.0	117441.46916140514	950282.6277372262	137	136
105.0	101.0	80.0	122.0	122.0	105.0	3	0.029356918322766264	0.097561154876928846	DLR00012733-2009-11-12_22-56-40	125744.88816666041	8	107	549.5	1167.0	74706.288297142746	698915.912408759	137	136
106.0	102.0	81.0	137.0	144.0	130.0	4	0.077574724279396878	0.18373372998607407	DLR00012733-2009-11-12_22-56-40	419472.90023513744	8	107	693.5	1168.0	370602.00205959758	2116745.693430657	137	136
107.0	103.0	81.0	124.0	125.0	107.0	5	0.024774894773296394	0.10776900052739607	DLR00012733-2009-11-12_22-56-40	141171.3650044869	8	107	830.5	1168.0	62370.605592819215	520453.13868613139	137	136
106.0	103.0	82.0	126.0	128.0	110.0	6	0.032447120251478501	0.11987488994126709	DLR00012733-2009-11-12_22-56-40	176709.51013094105	8	107	966.5	1168.0	98752.349744836305	769794.74452554737	137	136
105.0	103.0	82.0	125.0	128.0	110.0	7	0.050295700356971604	0.117616080533715	DLR00012733-2009-11-12_22-56-40	189164.65229384878	8	107	1093.5	1173.0	118666.38257075264	933322.33576642338	137	136
103.0	102.0	82.0	157.0	185.0	180.0	8	0.059033512707123446	0.34455334836076768	DLR00012733-2009-11-12_22-56-40	1096891.0127385228	8	107	1232.5	1172.0	1077150.1774982719	3598872.700729927	137	136
104.0	102.0	82.0	122.0	124.0	107.0	9	0.022057648249773562	0.10446704345306243	DLR00012733-2009-11-12_22-56-40	139979.96386896569	8	107	1377.5	1168.0	72616.937993808664	657654.30656934297	137	136
104.0	102.0	82.0	117.0	116.0	97.0	10	0.0	0.073027834468687422	DLR00012733-2009-11-12_22-56-40	74771.14999812498	8	107	1514.5	1163.0	1763.7083850253284	23288.759124087592	137	136
104.0	102.0	82.0	119.0	120.0	102.0	11	0.0044754648622728965	0.087819973858623085	DLR00012733-2009-11-12_22-56-40	89365.575541026032	8	107	1636.5	1166.0	19831.328766339182	206561.16788321166	137	136
103.0	102.0	82.0	121.0	124.0	107.0	12	0.02600031967606159	0.10446704345306243	DLR00012733-2009-11-12_22-56-40	149389.59085728615	8	107	1775.5	1167.0	86943.285143821166	794602.33576642338	137	136
103.0	101.0	81.0	105.0	102.0	82.0	13	0.001545100964356119	0.015333724720295884	DLR00012733-2009-11-12_22-56-40	63220.939300310492	8	107	1921.5	1162.0	5020.7613759360511	151376.93430656931	137	136
103.0	101.0	81.0	125.0	129.0	113.0	14	0.049389951515797323	0.1241180300684117	DLR00012733-2009-11-12_22-56-40	196267.59003264326	8	107	2061.5	1168.0	142754.11332185229	1097356.2043795621	137	136
103.0	101.0	81.0	121.0	123.0	106.0	15	0.030369225851137514	0.10143960994547971	DLR00012733-2009-11-12_22-56-40	145613.43568364333	8	107	2190.5	1175.0	93674.550358336855	800930.80291970796	137	136
103.0	101.0	81.0	129.0	136.0	120.0	16	0.066599179498108577	0.14909843299618436	DLR00012733-2009-11-12_22-56-40	237375.11012078336	8	107	2321.5	1170.0	191109.23792050665	1275312.7007299268	137	136
102.0	100.0	80.0	127.0	133.0	118.0	17	0.064041771005381221	0.1405964750841133	DLR00012733-2009-11-12_22-56-40	235805.58966955091	8	107	2464.5	1176.0	194664.64698383218	1330243.7956204379	137	136
103.0	101.0	80.0	125.0	130.0	113.0	18	0.042730033565986467	0.12491017065511513	DLR00012733-2009-11-12_22-56-40	163577.92776867558	8	107	2608.5	1168.0	117572.85517793178	909527.29927007284	137	136
104.0	101.0	80.0	133.0	140.0	124.0	19	0.076882092812616543	0.16663957787210348	DLR00012733-2009-11-12_22-56-40	283720.26310740737	8	107	2738.5	1165.0	238861.42843480792	1505922.0437956203	137	136
105.0	101.0	79.0	120.0	120.0	100.0	20	0.0081517395705684899	0.085027824894545273	DLR00012733-2009-11-12_22-56-40	70522.83621549567	8	107	2879.5	1165.0	25510.978050082038	282502.77372262772	137	136
104.0	100.0	78.0	127.0	131.0	113.0	21	0.02994299110234962	0.12889059033763656	DLR00012733-2009-11-12_22-56-40	153265.25659179303	8	107	3018.5	1168.0	120694.51806895822	904464.52554744517	137	136
102.0	98.0	77.0	126.0	129.0	113.0	22	0.03607011561617561	0.12501213526908572	DLR00012733-2009-11-12_22-56-40	126713.81029382028	8	107	3145.5	1171.0	123620.36779026203	967749.19708029192	137	136
98.0	94.0	74.0	146.0	164.0	155.0	23	0.027065906548031329	0.2621925085170177	DLR00012733-2009-11-12_22-56-40	587180.73013505735	8	107	3281.5	1169.0	603159.24072792183	2782753.5766423354	137	136
95.0	92.0	73.0	119.0	122.0	107.0	24	0.033246310405455802	0.097839582898528107	DLR00012733-2009-11-12_22-56-40	28759.693158890699	8	107	3421.5	1160.0	97097.162219492893	935347.44525547454	137	136
102.0	98.0	79.0	127.0	130.0	115.0	1	0.045394000745910809	0.12921213191813596	DLR00012733-2009-11-12_22-56-40	222866.80658448659	9	107	286.5	1315.0	206971.01902398112	1584901.313868613	137	136
103.0	99.0	78.0	119.0	119.0	100.5	2	0.011295220842879216	0.082118033658715006	DLR00012733-2009-11-12_22-56-40	42542.705905882591	9	107	419.5	1304.0	20197.911796692239	230862.48175182482	137	136
104.0	100.0	79.0	105.0	101.0	80.0	3	0.0	0.011133728071245639	DLR00012733-2009-11-12_22-56-40	33787.21285007953	9	107	560.5	1300.0	1021.5294159091566	68853.722627737225	137	136
106.0	102.0	80.0	129.0	133.0	116.0	4	0.048111247269433638	0.13716116816105112	DLR00012733-2009-11-12_22-56-40	201103.66654889914	9	107	693.5	1304.0	145517.1317064215	977115.32846715325	137	136
106.0	103.0	81.0	128.0	131.5	115.0	5	0.0661196654057222	0.13247487988841783	DLR00012733-2009-11-12_22-56-40	234549.75902117041	9	107	830.5	1304.0	169788.42667041902	1214053.1386861312	137	136
104.0	102.0	82.0	155.0	183.0	177.0	6	0.04320954765837285	0.33671021110586574	DLR00012733-2009-11-12_22-56-40	1145284.0267997757	9	107	961.5	1312.0	1129250.4626277476	3817078.2481751824	137	136
104.0	102.0	81.0	126.0	130.0	113.0	7	0.054611327188449035	0.12803959869586268	DLR00012733-2009-11-12_22-56-40	182847.6827677667	9	107	1102.5	1307.0	125059.64016775873	930284.67153284664	137	136
104.0	102.0	81.0	130.0	136.0	120.0	8	0.070701688955192077	0.14905528951809	DLR00012733-2009-11-12_22-56-40	247657.56919559735	9	107	1229.5	1312.0	189887.48316935831	1232025.9854014597	137	136
103.0	102.0	82.0	124.0	129.0	113.0	9	0.055144120624433905	0.12407488659031733	DLR00012733-2009-11-12_22-56-40	235198.87358638627	9	107	1377.5	1304.0	181347.10372240955	1377580.7299270076	137	136
103.0	101.0	81.0	126.0	131.0	115.0	10	0.059353188768714371	0.12976901788052872	DLR00012733-2009-11-12_22-56-40	195626.31432837772	9	107	1510.5	1312.0	140340.88644676641	1017870.6569343065	137	136
101.0	101.0	82.0	157.0	185.0	180.0	11	0.04885715807981246	0.34645136220497724	DLR00012733-2009-11-12_22-56-40	1182878.2987007042	9	107	1650.5	1304.0	1173032.0133417165	3908208.1751824818	137	136
101.0	101.0	81.0	145.0	161.0	150.0	12	0.067877883744472262	0.24763568358978119	DLR00012733-2009-11-12_22-56-40	533600.36924754374	9	107	1787.5	1304.0	509020.24243527255	2400514.1605839417	137	136
102.0	101.0	81.0	133.0	142.0	127.0	13	0.094410996856518728	0.17290627278248952	DLR00012733-2009-11-12_22-56-40	333379.77265473135	9	107	1918.5	1312.0	295732.92918874661	1750454.01459854	137	136
103.0	101.0	80.0	112.0	112.0	93.0	14	0.0	0.05410234343487156	DLR00012733-2009-11-12_22-56-40	51645.005829521819	9	107	2061.5	1304.0	1572.0039629163898	28351.53284671533	137	136
103.0	100.0	80.0	117.0	119.0	101.0	15	0.020619105972614418	0.084623915772302633	DLR00012733-2009-11-12_22-56-40	87505.239914938968	9	107	2192.5	1308.0	43607.405250293195	459193.5766423358	137	136
103.0	100.0	80.0	123.0	127.0	111.0	16	0.038893920826895412	0.11707488718870121	DLR00012733-2009-11-12_22-56-40	153968.64032427545	9	107	2318.5	1317.0	111033.37077071496	859658.97810218984	137	136
102.0	100.0	80.0	128.0	134.0	118.0	17	0.063242580851403912	0.1431101661073976	DLR00012733-2009-11-12_22-56-40	221072.38850747715	9	107	2464.5	1307.0	187341.95499324991	1316068.0291970803	137	136
102.0	100.0	79.0	152.0	175.0	168.0	18	0.043689061750759234	0.30778469314477502	DLR00012733-2009-11-12_22-56-40	765560.59573029715	9	107	2597.5	1306.0	747973.13887504197	2730100.7299270071	137	136
104.0	100.0	79.0	128.0	133.0	116.0	19	0.053918695721668707	0.13677684115143865	DLR00012733-2009-11-12_22-56-40	191958.77547571395	9	107	2743.5	1312.0	153878.69553156506	1078877.0802919709	137	136
104.0	100.0	78.0	119.0	117.0	97.5	20	0.0	0.075414114603299859	DLR00012733-2009-11-12_22-56-40	30343.443406149909	9	107	2881.5	1304.0	1292.7177699607389	18225.985401459857	137	136
103.0	99.0	78.0	145.0	160.0	149.0	21	0.036443071021365014	0.24656705972910409	DLR00012733-2009-11-12_22-56-40	562407.91516112885	9	107	3009.5	1308.0	547153.05859824736	2550119.1240875917	137	136
101.0	97.0	76.0	130.0	136.0	120.0	22	0.041504608663221268	0.14909843299618436	DLR00012733-2009-11-12_22-56-40	160478.10537652511	9	107	3155.5	1304.0	169964.8983041601	1129504.817518248	137	136
98.0	93.0	73.0	118.0	118.0	101.0	23	0.0057008897650380952	0.079976836603721124	DLR00012733-2009-11-12_22-56-40	0.0	9	107	3292.5	1304.0	13635.787759060791	161249.34306569342	137	136
94.0	91.0	73.0	120.0	124.0	109.0	24	0.03404550055943311	0.10483175843085042	DLR00012733-2009-11-12_22-56-40	39596.049574799399	9	107	3416.5	1310.0	112937.48124956316	1059638.5401459853	137	136
102.0	98.0	79.0	121.0	121.0	105.0	1	0.016942831264318822	0.094086668769009119	DLR00012733-2009-11-12_22-56-40	69343.898377352016	10	107	281.5	1450.0	55990.610665106346	537666.56934306561	137	136
102.0	98.0	78.0	127.0	132.0	117.0	2	0.052267036070115618	0.13705526917303792	DLR00012733-2009-11-12_22-56-40	176679.3609133494	10	107	414.5	1447.0	163556.17056041217	1192030.0729927006	137	136
102.0	99.0	79.0	157.0	182.0	178.0	3	0.047098939741062391	0.33619643870237309	DLR00012733-2009-11-12_22-56-40	884215.37754565186	10	107	556.5	1441.0	867845.08827391826	3017413.1386861312	137	136
104.0	101.0	80.0	129.0	133.0	117.0	4	0.052213756726517131	0.13719449814343468	DLR00012733-2009-11-12_22-56-40	181814.24262899862	10	107	693.5	1441.0	132826.22602086642	942182.18978102191	137	136
105.0	102.0	81.0	143.0	156.0	143.0	5	0.043369385689168309	0.22953762283227505	DLR00012733-2009-11-12_22-56-40	506051.99440302764	10	107	830.5	1441.0	462911.27212037914	2274957.3722627736	137	136
104.0	102.0	81.0	128.0	133.0	117.0	6	0.052639991475305022	0.13729058363573707	DLR00012733-2009-11-12_22-56-40	188617.52752685163	10	107	966.5	1441.0	129387.21097816854	873581.60583941615	137	136
104.0	102.0	81.0	129.0	133.0	117.0	7	0.056369545527199104	0.13994351858901524	DLR00012733-2009-11-12_22-56-40	188367.98721424467	10	107	1103.5	1441.0	132220.83646089028	891048.17518248165	137	136
103.0	101.0	81.0	129.0	134.0	118.0	8	0.054664606532047529	0.14423961568996499	DLR00012733-2009-11-12_22-56-40	209256.66757402243	10	107	1229.5	1447.0	157933.24820607572	1064954.4525547447	137	136
103.0	101.0	81.0	142.0	154.0	142.0	9	0.09771431615962492	0.22282393515994048	DLR00012733-2009-11-12_22-56-40	448320.46179911651	10	107	1362.5	1445.0	411649.57073363004	2081053.1386861312	137	136
103.0	101.0	81.0	130.0	137.0	123.0	10	0.065000799190153974	0.15628274959391722	DLR00012733-2009-11-12_22-56-40	248754.82180228856	10	107	1513.5	1441.0	202149.81505387803	1240632.7007299268	137	136
102.0	101.0	81.0	124.0	129.0	114.0	11	0.057435132399168844	0.12495331413320948	DLR00012733-2009-11-12_22-56-40	194509.39667104068	10	107	1650.5	1441.0	151324.05200099389	1163425.4014598543	137	136
102.0	101.0	81.0	127.0	133.0	117.0	12	0.065267195908146405	0.14012587607790924	DLR00012733-2009-11-12_22-56-40	221973.55144817772	10	107	1787.5	1441.0	181084.73995965315	1231519.7080291968	137	136
103.0	101.0	80.0	121.0	125.0	108.0	13	0.025307688209281261	0.10568272015343008	DLR00012733-2009-11-12_22-56-40	121535.99365055784	10	107	1918.5	1448.0	76080.136895608113	679677.3722627738	137	136
102.0	101.0	80.0	124.0	129.0	113.0	14	0.05546379668602483	0.12407488659031733	DLR00012733-2009-11-12_22-56-40	208036.87293460208	10	107	2043.5	1440.0	170571.0116058999	1283666.2773722624	137	136
102.0	100.0	80.0	128.0	133.0	118.0	15	0.059246630081517399	0.14012587607790924	DLR00012733-2009-11-12_22-56-40	208599.9756982027	10	107	2193.5	1449.0	172665.922295781	1202408.7591240874	137	136
102.0	100.0	80.0	125.0	130.0	113.0	16	0.040705418509243967	0.12529056329068497	DLR00012733-2009-11-12_22-56-40	142142.29698860171	10	107	2318.5	1442.0	107614.17483224068	822447.59124087601	137	136
101.0	100.0	79.0	149.0	168.0	160.0	17	0.046619425648676008	0.27839255543031427	DLR00012733-2009-11-12_22-56-40	701469.83286880876	10	107	2460.5	1447.0	685974.68641212082	2812370.8029197082	137	136
102.0	100.0	79.0	125.0	129.0	112.0	18	0.037242261175342323	0.12407488659031733	DLR00012733-2009-11-12_22-56-40	146032.66634530007	10	107	2600.5	1443.0	112904.00334119172	847002.04379562044	137	136
103.0	100.0	79.0	128.0	133.0	116.0	19	0.045926794181895679	0.1363964485158688	DLR00012733-2009-11-12_22-56-40	192771.36708101875	10	107	2733.5	1442.0	160282.65285917596	1129757.9562043797	137	136
103.0	100.0	78.0	128.0	133.0	116.0	20	0.050135862326176145	0.13620430745045825	DLR00012733-2009-11-12_22-56-40	181738.38170584413	10	107	2866.5	1443.0	153811.89187294105	1087230.6569343067	137	136
102.0	98.0	77.0	124.0	127.0	109.0	21	0.029676594384357186	0.11320431582783265	DLR00012733-2009-11-12_22-56-40	99701.004604809103	10	107	3006.5	1445.0	88030.938858060559	741949.48905109486	137	136
99.0	96.0	76.0	155.0	179.0	174.0	22	0.039906228355266665	0.32415330479842086	DLR00012733-2009-11-12_22-56-40	907938.36954692786	10	107	3146.5	1441.0	913892.75258264178	3245491.0948905107	137	136
97.0	93.0	74.0	123.0	127.0	112.0	23	0.040332463104054556	0.11659646431320336	DLR00012733-2009-11-12_22-56-40	92723.510347459931	10	107	3283.5	1445.0	142080.93377723181	1173550.9489051094	137	136
94.0	91.0	73.0	119.0	124.0	110.0	24	0.036709467739357453	0.10540429213183081	DLR00012733-2009-11-12_22-56-40	39280.875598318875	10	107	3413.5	1443.0	119901.10506841738	1102165.8394160585	137	136
101.0	98.0	79.0	123.0	125.0	110.0	1	0.029676594384357186	0.10980627326119662	DLR00012733-2009-11-12_22-56-40	109683.44511201569	11	107	282.5	1577.0	100028.59208171593	890541.89781021897	137	136
100.0	97.0	78.0	146.0	162.0	154.0	2	0.037615216580531727	0.25754545926763045	DLR00012733-2009-11-12_22-56-40	562261.34731988434	11	107	412.5	1582.0	557217.0855149189	2543790.6569343065	137	136
101.0	99.0	79.0	147.0	164.0	156.0	3	0.030422505194736001	0.26425920677835346	DLR00012733-2009-11-12_22-56-40	601125.32347384968	11	107	558.5	1582.0	584725.00960869505	2508098.1021897811	137	136
103.0	100.0	80.0	132.0	139.0	125.0	4	0.055250679311630878	0.16450627948438903	DLR00012733-2009-11-12_22-56-40	255295.349604916	11	107	693.5	1577.0	215320.1140962865	1321637.0802919711	137	136
103.0	101.0	81.0	156.0	181.0	176.0	5	0.041504608663221268	0.33131410490948093	DLR00012733-2009-11-12_22-56-40	857596.63766991405	11	107	829.5	1587.0	827425.23134436854	2776678.2481751824	137	136
104.0	101.0	80.0	122.0	123.0	105.0	6	0.017901859449091586	0.099584679740976026	DLR00012733-2009-11-12_22-56-40	90284.185019830329	11	107	966.5	1577.0	35010.924168654346	322245.54744525545	137	136
103.0	101.0	81.0	152.0	176.0	170.0	7	0.052746550162502001	0.3098749078927836	DLR00012733-2009-11-12_22-56-40	791717.29400589794	11	107	1101.5	1584.0	765344.67294476251	2766299.5620437954	137	136
103.0	100.0	80.0	132.0	139.0	124.0	8	0.071074644360381481	0.16367883424848215	DLR00012733-2009-11-12_22-56-40	242047.24191306072	11	107	1240.5	1577.0	202610.0282611927	1267465.4014598543	137	136
102.0	100.0	80.0	149.0	167.0	157.0	9	0.041238211945228836	0.27324352193996504	DLR00012733-2009-11-12_22-56-40	604258.3149017517	11	107	1381.5	1583.0	582387.47664383554	2449369.9270072989	137	136
102.0	100.0	80.0	126.0	130.0	114.0	10	0.04832436464382759	0.12831802671746192	DLR00012733-2009-11-12_22-56-40	141892.07999570141	11	107	1513.5	1577.0	101442.10875196951	732077.08029197087	137	136
102.0	100.0	80.0	126.0	131.0	114.0	11	0.046885822366668439	0.12855331126096683	DLR00012733-2009-11-12_22-56-40	153794.01457002352	11	107	1654.5	1587.0	115680.55253535901	863456.0583941607	137	136
102.0	100.0	79.0	115.0	116.0	95.5	12	0.0	0.069341550384741352	DLR00012733-2009-11-12_22-56-40	32600.693778152498	11	107	1781.5	1581.0	1217.2982196428218	18225.985401459857	137	136
102.0	100.0	80.0	131.0	139.0	124.0	13	0.061804038574244768	0.16070235312869049	DLR00012733-2009-11-12_22-56-40	246269.68132742611	11	107	1918.5	1589.0	217171.0222188046	1348722.9197080291	137	136
101.0	99.0	79.0	130.0	138.0	123.0	14	0.055090841280835419	0.15705137369394784	DLR00012733-2009-11-12_22-56-40	222950.75037066219	11	107	2054.5	1584.0	197501.31980544698	1196080.2919708029	137	136
101.0	99.0	79.0	126.0	132.0	117.0	15	0.064468005754169111	0.13616116397236389	DLR00012733-2009-11-12_22-56-40	202686.60038857177	11	107	2197.5	1577.0	179113.78379439533	1286450.802919708	137	136
101.0	99.0	79.0	125.0	129.0	113.0	16	0.043369385689168309	0.12439645809001096	DLR00012733-2009-11-12_22-56-40	118277.16430262715	11	107	2334.5	1577.0	97134.651020698948	717141.89781021897	137	136
101.0	99.0	79.0	126.0	130.0	114.0	17	0.043049709627577391	0.12799645521776831	DLR00012733-2009-11-12_22-56-40	139015.89528282502	11	107	2470.5	1578.0	117172.79436955503	881428.9051094891	137	136
102.0	99.0	78.0	129.0	134.0	118.0	18	0.043955458468751665	0.14400433114646011	DLR00012733-2009-11-12_22-56-40	153171.1002166041	11	107	2593.5	1589.0	135623.7383881947	923956.20437956206	137	136
102.0	99.0	78.0	124.0	127.0	110.0	19	0.023229793808940274	0.1161356788027101	DLR00012733-2009-11-12_22-56-40	90696.610555603169	11	107	2744.5	1577.0	73445.41316310798	609051.67883211677	137	136
100.0	98.0	78.0	154.0	179.0	174.0	20	0.040598859822046994	0.32353762761934612	DLR00012733-2009-11-12_22-56-40	874867.53668034286	11	107	2870.5	1581.0	867158.9279560633	2969316.7883211682	137	136
100.0	97.0	77.0	149.0	168.0	159.0	21	0.049336672172198837	0.278114127408715	DLR00012733-2009-11-12_22-56-40	631058.4127531359	11	107	3011.5	1584.0	629001.79528005328	2548853.4306569342	137	136
99.0	95.0	75.0	126.0	130.0	115.0	22	0.038307848047312056	0.12893370389653669	DLR00012733-2009-11-12_22-56-40	89488.025651691205	11	107	3147.5	1581.0	116672.51691650774	902439.41605839413	137	136
97.0	93.0	73.0	119.0	122.0	106.0	23	0.028131493420001066	0.096667049676254835	DLR00012733-2009-11-12_22-56-40	17041.013144830333	11	107	3283.5	1586.0	82116.485318732361	762200.58394160587	137	136
93.0	90.0	72.0	121.0	127.0	114.0	24	0.046939101710266933	0.11659646431320336	DLR00012733-2009-11-12_22-56-40	57325.589985418985	11	107	3411.5	1583.0	144918.8726097972	1233291.6788321168	137	136
100.0	97.0	79.0	122.0	125.0	111.0	1	0.03148809206670574	0.11141607550729037	DLR00012733-2009-11-12_22-56-40	99924.894814146319	12	107	282.5	1713.0	99289.39853452536	878644.37956204382	137	136
99.0	96.0	78.0	153.0	178.0	174.0	2	0.044328413873941076	0.32140432923163165	DLR00012733-2009-11-12_22-56-40	918294.70677908615	12	107	412.5	1723.0	916533.2706405099	3312825.9854014595	137	136
100.0	98.0	78.0	129.0	135.0	121.0	3	0.045500559433107782	0.1476905553920177	DLR00012733-2009-11-12_22-56-40	158602.61275108674	12	107	556.5	1713.0	148634.08949724288	1023186.5693430656	137	136
103.0	99.0	79.0	127.0	130.0	114.0	4	0.043316106345569823	0.12831802671746192	DLR00012733-2009-11-12_22-56-40	132782.0949346128	12	107	693.5	1713.0	104179.4496366223	760681.7518248175	137	136
104.0	100.0	80.0	129.0	134.0	117.0	5	0.051041611167350419	0.14097686771968315	DLR00012733-2009-11-12_22-56-40	154801.73358688524	12	107	824.5	1720.0	108025.48409164819	752834.45255474444	137	136
104.0	101.0	80.0	130.0	135.0	119.0	6	0.046885822366668439	0.14760432827421746	DLR00012733-2009-11-12_22-56-40	184815.70038465131	12	107	966.5	1713.0	133521.66928567571	886744.81751824822	137	136
102.0	100.0	80.0	154.0	179.0	174.0	7	0.047738291864244234	0.32443173282002014	DLR00012733-2009-11-12_22-56-40	819910.31143789482	12	107	1101.5	1721.0	796830.06603995233	2729847.5912408764	137	136
102.0	100.0	79.0	126.0	131.0	115.0	8	0.048004688582236665	0.12921213191813596	DLR00012733-2009-11-12_22-56-40	140470.23834985498	12	107	1240.5	1713.0	106309.85956736284	785236.20437956206	137	136
102.0	99.0	79.0	124.0	126.0	109.0	9	0.022377324311364483	0.11320431582783265	DLR00012733-2009-11-12_22-56-40	102749.5804046815	12	107	1372.5	1722.0	69980.887967830582	591585.10948905104	137	136
102.0	100.0	79.0	130.0	135.0	120.0	10	0.055250679311630878	0.14811804083932162	DLR00012733-2009-11-12_22-56-40	194855.9435790086	12	107	1513.5	1713.0	164115.82061121348	1058372.8467153285	137	136
102.0	99.0	79.0	125.0	129.0	113.0	11	0.051787521977729234	0.12443960156810532	DLR00012733-2009-11-12_22-56-40	152335.13647416001	12	107	1637.5	1719.0	123885.32619308896	956104.81751824822	137	136
101.0	99.0	79.0	127.0	132.0	117.0	12	0.046086632212691138	0.13616116397236389	DLR00012733-2009-11-12_22-56-40	153795.38041207704	12	107	1779.5	1722.0	133259.20392253209	933069.19708029204	137	136
101.0	99.0	79.0	126.0	132.0	116.0	13	0.042996430283978898	0.13336901500828607	DLR00012733-2009-11-12_22-56-40	162744.05502786735	12	107	1924.5	1713.0	143341.21170054711	957370.51094890514	137	136
100.0	98.0	78.0	124.0	129.0	114.0	14	0.048004688582236665	0.12493959618265035	DLR00012733-2009-11-12_22-56-40	118141.18041189879	12	107	2061.5	1713.0	107654.6430642778	816119.12408759107	137	136
100.0	98.0	78.0	130.0	139.0	124.0	15	0.07379189088390431	0.16024746169946255	DLR00012733-2009-11-12_22-56-40	209831.82184505771	12	107	2185.5	1718.0	208796.64538924617	1309739.5620437958	137	136
99.0	98.0	78.0	150.0	174.0	169.0	16	0.047098939741062391	0.30454546166116597	DLR00012733-2009-11-12_22-56-40	765550.35434605554	12	107	2326.5	1716.0	763911.76375963667	2798701.3138686134	137	136
100.0	98.0	78.0	128.0	135.0	120.0	17	0.043369385689168309	0.14764741191392333	DLR00012733-2009-11-12_22-56-40	167295.92435917153	12	107	2461.5	1716.0	160346.24947084283	1035590.3649635038	137	136
100.0	97.0	77.0	128.0	134.0	118.0	18	0.043369385689168309	0.14121215226318803	DLR00012733-2009-11-12_22-56-40	130696.23854097968	12	107	2600.5	1714.0	130363.56284570644	917121.45985401457	137	136
100.0	98.0	77.0	146.0	163.0	153.0	19	0.040172625073259097	0.25863176537210347	DLR00012733-2009-11-12_22-56-40	570567.95677106699	12	107	2736.5	1719.0	566613.44188464701	2462026.8613138688	137	136
101.0	97.0	76.0	127.0	132.0	116.0	20	0.047205498428259364	0.13616116397236389	DLR00012733-2009-11-12_22-56-40	130247.52510237481	12	107	2873.5	1725.0	129363.06527645119	944207.29927007295	137	136
101.0	96.0	75.0	126.0	131.0	114.0	21	0.0048484202674623049	0.12944744638083511	DLR00012733-2009-11-12_22-56-40	0.0	12	107	3018.5	1713.0	17016.113348944156	129353.86861313868	137	136
99.0	95.0	74.0	124.0	126.0	111.0	22	0.039746390324471199	0.11343960037133755	DLR00012733-2009-11-12_22-56-40	61691.838412761303	12	107	3140.5	1714.0	99453.952806859568	806752.99270072998	137	136
95.0	91.0	72.0	123.0	129.0	115.0	23	0.033352869092652782	0.12443960156810532	DLR00012733-2009-11-12_22-56-40	62557.616683176442	12	107	3285.5	1717.0	139135.70661054587	1106975.4744525547	137	136
93.0	89.0	72.0	122.0	128.0	115.0	24	0.04267675422238798	0.12111803246194723	DLR00012733-2009-11-12_22-56-40	66171.285305938203	12	107	3408.5	1715.0	160047.61958629126	1282147.4452554744	137	136
99.0	96.0	78.0	123.0	125.0	111.0	1	0.026692951142841922	0.11267489568575238	DLR00012733-2009-11-12_22-56-40	79616.098224274043	13	107	295.5	1858.0	98399.419976455611	863709.19708029192	137	136
99.0	95.0	76.0	124.0	129.0	115.0	2	0.04523416271511535	0.12529056329068497	DLR00012733-2009-11-12_22-56-40	67124.546888361496	13	107	420.5	1864.0	102233.0175793721	807765.54744525545	137	136
99.0	96.0	77.0	153.0	179.0	175.0	3	0.026160157706857052	0.32443173282002014	DLR00012733-2009-11-12_22-56-40	995139.11595565488	13	107	554.5	1860.0	996298.05793275649	3542929.051094891	137	136
99.0	98.0	79.0	153.0	178.0	174.0	4	0.037988171985721138	0.32051016419256917	DLR00012733-2009-11-12_22-56-40	800013.6133360439	13	107	689.5	1862.0	787256.33235948009	2765793.2846715329	137	136
103.0	99.0	79.0	129.0	134.0	119.0	5	0.040918535883637912	0.14372584328647237	DLR00012733-2009-11-12_22-56-40	176996.49917579876	13	107	837.5	1861.0	144716.58596630752	980912.40875912399	137	136
103.0	100.0	79.0	132.0	140.0	125.0	6	0.043316106345569823	0.16670623783687064	DLR00012733-2009-11-12_22-56-40	219774.02036925437	13	107	966.5	1849.0	180380.56545870547	1107481.7518248176	137	136
102.0	99.0	79.0	131.0	138.0	122.5	7	0.054558047844850549	0.15654549995773459	DLR00012733-2009-11-12_22-56-40	189031.43073801365	13	107	1108.5	1862.0	159126.56395407507	1017111.2408759125	137	136
101.0	99.0	78.0	125.0	130.0	115.0	8	0.045607118120304761	0.12839450017793988	DLR00012733-2009-11-12_22-56-40	138115.85085725048	13	107	1240.5	1849.0	116867.14174524359	883960.29197080282	137	136
100.0	98.0	78.0	129.0	137.0	122.0	9	0.05493100325003996	0.15240432444456059	DLR00012733-2009-11-12_22-56-40	158436.18180679713	13	107	1378.5	1857.0	149860.01024584836	973318.2481751825	137	136
101.0	98.0	77.0	105.0	102.0	82.0	10	0.0	0.017847445662774439	DLR00012733-2009-11-12_22-56-40	0.0	13	107	1518.5	1848.0	658.09908508270769	26073.284671532845	137	136
100.0	98.0	78.0	130.0	138.0	124.0	11	0.072566465981139111	0.15784743369509674	DLR00012733-2009-11-12_22-56-40	205991.05232227244	13	107	1650.5	1849.0	199983.71849626879	1273287.5912408759	137	136
100.0	98.0	78.0	125.0	131.0	115.0	12	0.045340721402312323	0.13134549014423891	DLR00012733-2009-11-12_22-56-40	101521.78656139127	13	107	1787.5	1849.0	95907.005667015692	672083.21167883207	137	136
97.0	97.0	77.0	148.0	170.0	164.0	13	0.059992540891896214	0.28885918715136205	DLR00012733-2009-11-12_22-56-40	608935.44276461226	13	107	1921.5	1861.0	616836.94083327707	2408108.321167883	137	136
96.0	96.0	77.0	149.0	178.0	173.0	14	0.044434972561138049	0.31675722014385593	DLR00012733-2009-11-12_22-56-40	923220.88669290603	13	107	2055.5	1859.0	932116.16887286189	3320167.00729927	137	136
98.0	96.0	76.0	131.0	140.0	126.0	15	0.05695561830678246	0.16792197437562675	DLR00012733-2009-11-12_22-56-40	171241.14246095144	13	107	2195.5	1860.0	183810.02321872301	1119632.4087591241	137	136
98.0	96.0	76.0	124.0	128.0	112.0	16	0.029250359635569288	0.11800431199817579	DLR00012733-2009-11-12_22-56-40	41786.286679451965	13	107	2327.5	1862.0	63313.273107292742	509568.17518248176	137	136
99.0	96.0	77.0	145.0	164.0	156.0	17	0.030688901912728436	0.26332195809958509	DLR00012733-2009-11-12_22-56-40	606751.33854374173	13	107	2468.5	1858.0	613632.36418619368	2553663.0656934306	137	136
99.0	96.0	75.0	125.0	129.0	113.0	18	0.035430763492993768	0.1241180300684117	DLR00012733-2009-11-12_22-56-40	67411.8993574786	13	107	2598.5	1857.0	89147.728973233126	685499.56204379559	137	136
98.0	96.0	76.0	150.0	177.0	172.0	19	0.030369225851137514	0.31379647652023462	DLR00012733-2009-11-12_22-56-40	884733.93824890174	13	107	2744.5	1855.0	890572.64485717856	3184231.5328467158	137	136
100.0	96.0	76.0	128.0	134.0	119.0	20	0.041557888006819754	0.1431101661073976	DLR00012733-2009-11-12_22-56-40	124759.27075239478	13	107	2881.5	1849.0	137011.70193307265	963952.11678832106	137	136
100.0	95.0	75.0	130.0	136.0	122.0	21	0.040971815227236398	0.15306314510172972	DLR00012733-2009-11-12_22-56-40	158806.78659792326	13	107	3006.5	1859.0	179612.81308984637	1154565.5474452553	137	136
97.0	93.0	73.0	122.0	125.0	109.0	22	0.020725664659811391	0.10843175555860778	DLR00012733-2009-11-12_22-56-40	8779.5599966637092	13	107	3141.5	1857.0	75310.751487511996	660438.83211678825	137	136
92.0	88.0	70.0	140.0	158.0	151.0	23	0.020938782034205339	0.24220427274419296	DLR00012733-2009-11-12_22-56-40	444183.61107373354	13	107	3291.5	1855.0	511392.75519306399	2443547.7372262776	137	136
92.0	90.0	75.0	119.0	124.0	111.0	24	0.028877404230379881	0.10600429165312371	DLR00012733-2009-11-12_22-56-40	41745.956788442047	13	107	3428.5	1849.0	132385.31907295666	1212787.4452554747	137	136
99.0	96.0	80.0	123.0	127.0	114.0	1	0.028930683573978367	0.12019646144096072	DLR00012733-2009-11-12_22-56-40	107293.6563778581	14	107	282.5	1986.0	118516.99039502138	974077.66423357662	137	136
98.0	93.0	74.0	124.0	128.0	115.0	2	0.047738291864244234	0.12443960156810532	DLR00012733-2009-11-12_22-56-40	54165.865035672752	14	107	424.5	1996.0	105446.47847520334	830801.16788321175	137	136
99.0	96.0	77.0	153.0	179.0	175.0	3	0.025307688209281261	0.32443173282002014	DLR00012733-2009-11-12_22-56-40	988010.64271890267	14	107	553.5	1864.0	991171.68317612016	3515083.7956204377	137	136
101.0	97.0	77.0	147.0	165.0	156.0	4	0.067504928339282858	0.26634942152636204	DLR00012733-2009-11-12_22-56-40	529846.19383829657	14	107	688.5	1998.0	524856.49085038831	2255971.9708029199	137	136
102.0	98.0	78.0	130.0	135.0	120.0	5	0.049176834141403378	0.14796898341361697	DLR00012733-2009-11-12_22-56-40	162558.79323872647	14	107	830.5	1986.0	143802.57627905483	911046.13138686144	137	136
101.0	98.0	79.0	151.0	174.0	169.0	6	0.04576695615110022	0.30482388968276525	DLR00012733-2009-11-12_22-56-40	801992.01352618844	14	107	965.5	1995.0	793196.13650176465	2857176.350364964	137	136
101.0	98.0	77.0	127.0	133.0	117.0	7	0.041025094570834884	0.13729058363573707	DLR00012733-2009-11-12_22-56-40	93358.279761540238	14	107	1103.5	1986.0	90664.119250161122	617658.39416058385	137	136
98.0	97.0	77.0	153.0	180.0	175.0	8	0.056316266183600618	0.32556118240258752	DLR00012733-2009-11-12_22-56-40	914922.59101945208	14	107	1235.5	1995.0	916538.7612598954	3093607.8832116788	137	136
97.0	95.0	76.0	150.0	178.0	174.0	9	0.04470136927913048	0.31900038181282037	DLR00012733-2009-11-12_22-56-40	867015.38295283238	14	107	1372.5	1998.0	879713.23238967406	3114618.3941605841	137	136
98.0	96.0	76.0	121.0	124.0	108.0	10	0.026479833768447973	0.10478861495275606	DLR00012733-2009-11-12_22-56-40	23261.634980357958	14	107	1513.5	1986.0	47289.459098641863	416919.41605839418	137	136
98.0	96.0	76.0	146.0	166.0	158.0	11	0.046193190899888111	0.27027099015381306	DLR00012733-2009-11-12_22-56-40	538842.36560013634	14	107	1640.5	1996.0	555283.82614406	2335710.6569343065	137	136
98.0	95.0	76.0	140.0	154.0	143.0	12	0.064041771005381221	0.22371804036061452	DLR00012733-2009-11-12_22-56-40	391586.49431927141	14	107	1780.5	1992.0	410865.83096345788	2066371.0948905109	137	136
98.0	95.0	75.0	104.0	103.0	84.0	13	0.00031967606159092119	0.021153307191956423	DLR00012733-2009-11-12_22-56-40	0.0	14	107	1924.5	1986.0	2014.5807081287721	62018.978102189787	137	136
97.0	95.0	75.0	128.0	136.0	122.0	14	0.05439820981405509	0.15184746840136207	DLR00012733-2009-11-12_22-56-40	127170.48565094275	14	107	2051.5	1997.0	159355.43779182338	1015086.1313868614	137	136
97.0	95.0	75.0	126.0	133.0	118.0	15	0.050562097074964035	0.14014939256458203	DLR00012733-2009-11-12_22-56-40	109117.16036207273	14	107	2197.5	1986.0	139130.14746182453	959901.89781021897	137	136
97.0	95.0	75.0	129.0	137.0	122.0	16	0.058127763865949172	0.15487487198975053	DLR00012733-2009-11-12_22-56-40	108118.71692295106	14	107	2326.5	1994.0	144361.45966288794	939650.80291970796	137	136
98.0	95.0	75.0	129.0	138.0	124.0	17	0.066386062123714631	0.15911801211689514	DLR00012733-2009-11-12_22-56-40	189462.09287055527	14	107	2462.5	1994.0	215405.41067174362	1350494.8905109488	137	136
98.0	95.0	75.0	130.0	139.0	125.0	18	0.055730193404017261	0.16372197772657651	DLR00012733-2009-11-12_22-56-40	196938.94969187994	14	107	2607.5	1991.0	219172.73073010132	1349988.6131386862	137	136
98.0	95.0	75.0	134.0	144.0	131.0	19	0.042623474878789494	0.18458666637547358	DLR00012733-2009-11-12_22-56-40	180675.85250920933	14	107	2738.5	1984.0	211455.34829545382	1093559.1240875912	137	136
98.0	95.0	75.0	124.0	128.0	113.0	20	0.028930683573978367	0.12087881354439975	DLR00012733-2009-11-12_22-56-40	29496.799777061886	14	107	2865.5	1993.0	69685.813275494234	548804.67153284664	137	136
98.0	93.0	73.0	150.0	169.0	163.0	21	0.012946880494432308	0.28583959247267027	DLR00012733-2009-11-12_22-56-40	68883.064472723665	14	107	3018.5	1986.0	148872.61767823965	606014.01459854003	137	136
96.0	91.0	72.0	123.0	128.0	114.0	22	0.036762747082955939	0.12051803294065434	DLR00012733-2009-11-12_22-56-40	33400.868634073886	14	107	3142.5	1992.0	113058.59084675544	900667.44525547442	137	136
91.0	87.0	69.0	137.0	154.0	146.0	23	0.017475624700303692	0.22600428566928485	DLR00012733-2009-11-12_22-56-40	361952.42767289036	14	107	3281.5	1987.0	450270.0454749206	2317484.671532847	137	136
90.0	88.0	72.0	119.0	126.0	114.0	24	0.038947200170493898	0.11384742890802567	DLR00012733-2009-11-12_22-56-40	5129.6607510047779	14	107	3408.5	1994.0	127696.97607379321	1057866.5693430658	137	136
98.0	94.0	78.0	122.0	125.0	112.0	1	0.028504448825190473	0.11239646766415312	DLR00012733-2009-11-12_22-56-40	99340.073026110273	15	107	306.5	2118.0	129409.03481283867	1028755.6204379563	137	136
99.0	94.0	75.0	122.0	124.0	111.0	2	0.043689061750759234	0.10960428878088106	DLR00012733-2009-11-12_22-56-40	61949.341037718536	15	107	421.5	2130.0	102110.62331378629	867759.41605839424	137	136
101.0	95.0	76.0	119.0	122.0	108.0	3	0.045500559433107782	0.10058861830370582	DLR00012733-2009-11-12_22-56-40	104071.73603720176	15	107	556.5	2122.0	130242.32378486895	1001669.7810218978	137	136
103.0	98.0	78.0	133.0	139.0	126.0	4	0.06313602216420694	0.16506313552758756	DLR00012733-2009-11-12_22-56-40	217749.88243514742	15	107	692.5	2129.0	205214.26734427511	1269490.5109489053	137	136
103.0	98.0	78.0	131.0	134.0	120.0	5	0.053066226224092919	0.14750822782231793	DLR00012733-2009-11-12_22-56-40	154623.67431595689	15	107	830.5	2122.0	141373.4542437245	928512.70072992716	137	136
102.0	97.0	77.0	135.0	142.0	129.0	6	0.061644200543449303	0.17682784140994048	DLR00012733-2009-11-12_22-56-40	208096.73056497675	15	107	966.5	2133.0	203425.01248097382	1178107.4452554744	137	136
101.0	97.0	77.0	130.0	136.0	122.0	7	0.050828493792956474	0.15241216327345153	DLR00012733-2009-11-12_22-56-40	132380.05444870165	15	107	1103.5	2122.0	134512.96026377848	876366.13138686121	137	136
101.0	97.0	76.0	131.0	137.0	122.0	8	0.070541850924396618	0.15576903702881303	DLR00012733-2009-11-12_22-56-40	157094.08888678616	15	107	1232.5	2125.0	165844.08830029084	1083180.4379562044	137	136
99.0	95.0	75.0	129.0	134.0	120.0	9	0.062816346102616022	0.14494157982522848	DLR00012733-2009-11-12_22-56-40	116586.09223971015	15	107	1377.5	2122.0	140679.98854886682	942688.4671532847	137	136
98.0	95.0	75.0	137.0	146.0	133.0	10	0.086578933347541159	0.19251411591974441	DLR00012733-2009-11-12_22-56-40	225484.01195130349	15	107	1513.5	2122.0	252899.24863411306	1405679.1240875912	137	136
98.0	94.0	74.0	128.0	133.0	118.0	11	0.049762906920986734	0.14020038983116445	DLR00012733-2009-11-12_22-56-40	48157.282181116403	15	107	1647.5	2123.0	93205.798774869618	631834.16058394162	137	136
98.0	95.0	75.0	133.0	141.0	127.0	12	0.08087804358250307	0.17062780646432163	DLR00012733-2009-11-12_22-56-40	184897.80018559645	15	107	1787.5	2122.0	216618.02486965407	1266705.98540146	137	136
98.0	94.0	74.0	129.0	135.0	121.0	13	0.070968085673184508	0.1484827558171096	DLR00012733-2009-11-12_22-56-40	102701.6462028075	15	107	1924.5	2122.0	147126.58128377696	960155.03649635043	137	136
96.0	93.0	74.0	131.0	139.0	125.0	14	0.070115616175608714	0.16279448270513044	DLR00012733-2009-11-12_22-56-40	116329.30788983704	15	107	2061.5	2132.0	169158.51963237044	1030780.7299270073	137	136
94.0	93.0	74.0	147.0	175.0	171.0	15	0.042090681442804624	0.30812978113114148	DLR00012733-2009-11-12_22-56-40	902189.94100038416	15	107	2196.5	2129.0	925997.60293276235	3319407.5912408759	137	136
97.0	93.0	73.0	131.0	140.0	126.0	16	0.057222015024774892	0.16663957787210348	DLR00012733-2009-11-12_22-56-40	106640.82560740733	15	107	2334.5	2122.0	160075.41146877827	981418.68613138678	137	136
98.0	94.0	74.0	132.0	140.0	126.0	17	0.065373754595343392	0.16422393204834429	DLR00012733-2009-11-12_22-56-40	140801.9328198916	15	107	2471.5	2124.0	181047.57779993708	1097609.3430656933	137	136
98.0	94.0	73.0	123.0	124.0	108.0	18	0.016037082423144548	0.10478861495275606	DLR00012733-2009-11-12_22-56-40	0.0	15	107	2592.5	2122.0	29950.425269364816	259973.43065693433	137	136
98.0	94.0	74.0	125.0	130.0	115.0	19	0.040172625073259097	0.12780431415235777	DLR00012733-2009-11-12_22-56-40	75571.638246407092	15	107	2742.5	2126.0	120046.40253905293	902945.69343065692	137	136
97.0	93.0	74.0	132.0	140.0	127.0	20	0.06153764185625233	0.16874941961153364	DLR00012733-2009-11-12_22-56-40	178795.80359554599	15	107	2866.5	2123.0	223275.93504564752	1306448.7591240876	137	136
96.0	92.0	73.0	147.0	167.0	161.0	21	0.054877723906441474	0.2775415338693461	DLR00012733-2009-11-12_22-56-40	565686.59390369768	15	107	3009.5	2121.0	603482.6271832051	2458229.7810218981	137	136
95.0	91.0	72.0	130.0	138.0	126.0	22	0.054451489157653576	0.16020431822136819	DLR00012733-2009-11-12_22-56-40	135991.35776536097	15	107	3142.5	2123.0	210979.41149014042	1327965.5474452558	137	136
92.0	87.0	69.0	125.0	132.0	121.0	23	0.05034897970057009	0.13951019889883448	DLR00012733-2009-11-12_22-56-40	49483.24206319826	15	107	3282.5	2125.0	171118.95441442251	1273034.4525547447	137	136
91.0	88.0	73.0	125.0	133.0	123.0	24	0.036389791677766528	0.14432584280776525	DLR00012733-2009-11-12_22-56-40	117578.6901262899	15	107	3407.5	2122.0	218797.06370759543	1593001.7518248179	137	136
101.0	99.0	85.0	125.0	127.0	116.0	1	0.0021311737439394748	0.12192588062562677	DLR00012733-2009-11-12_22-56-40	308245.62675575929	16	107	282.5	2258.0	268154.3408944722	2139781.3138686134	137	136
104.0	101.0	85.0	133.0	136.0	124.0	2	0.010922265437689808	0.15674942918567578	DLR00012733-2009-11-12_22-56-40	397623.310266644	16	107	415.5	2269.0	350588.09228698339	2292423.9416058394	137	136
107.0	103.0	87.0	133.0	137.0	126.0	3	0.055357237998827857	0.16280429620084122	DLR00012733-2009-11-12_22-56-40	477769.70444683044	16	107	557.5	2275.0	422078.77154265851	2648843.2116788318	137	136
108.0	104.0	86.0	129.0	130.0	117.0	4	0.039639831637274227	0.13285527252398768	DLR00012733-2009-11-12_22-56-40	493475.54478955397	16	107	690.5	2272.0	442865.09030231409	3002731.0948905107	137	136
106.0	101.0	82.0	123.0	123.0	108.0	5	0.024242101337311524	0.10192980602391108	DLR00012733-2009-11-12_22-56-40	379700.27256340144	16	107	830.5	2258.0	336100.68360958277	2581002.0437956206	137	136
105.0	101.0	81.0	123.0	123.0	108.0	6	0.018221535510682507	0.10440038348829526	DLR00012733-2009-11-12_22-56-40	363993.34372014675	16	107	964.5	2260.0	329251.20980712946	2591380.7299270076	137	136
105.0	101.0	81.0	122.0	122.0	108.0	7	0.012627204432841387	0.10035333376020091	DLR00012733-2009-11-12_22-56-40	309571.01230860408	16	107	1098.5	2261.0	268260.69478686264	2296980.4379562042	137	136
104.0	99.0	79.0	122.0	123.0	108.0	8	0.018541211572273428	0.10143960994547971	DLR00012733-2009-11-12_22-56-40	315535.90993126255	16	107	1236.5	2257.0	284729.25669729331	2305587.1532846717	137	136
103.0	98.0	78.0	122.0	125.0	111.0	9	0.027971655389205603	0.10964743225897541	DLR00012733-2009-11-12_22-56-40	332984.91845658189	16	107	1372.5	2254.0	312801.41420296463	2237492.8467153283	137	136
101.0	97.0	78.0	117.0	119.0	105.0	10	0.028238052107198038	0.086074877016175166	DLR00012733-2009-11-12_22-56-40	222523.88692858233	16	107	1510.5	2254.0	204746.7074336595	1831205.2554744524	137	136
101.0	97.0	77.0	120.0	124.0	110.0	11	0.030635622569129949	0.10781607837953301	DLR00012733-2009-11-12_22-56-40	250967.45601280552	16	107	1647.5	2250.0	235626.97170413003	1774502.189781022	137	136
101.0	98.0	79.0	121.0	124.0	110.0	12	0.037615216580531727	0.10540429213183081	DLR00012733-2009-11-12_22-56-40	302462.87577385065	16	107	1782.5	2258.0	283259.65387174353	2083837.6642335767	137	136
101.0	97.0	78.0	121.0	124.0	108.0	13	0.037934892642122651	0.10427490238765189	DLR00012733-2009-11-12_22-56-40	273201.02887497121	16	107	1919.5	2261.0	255289.26009978991	1979544.5255474455	137	136
100.0	98.0	79.0	124.0	126.0	111.0	14	0.026799509830038894	0.11352585740833204	DLR00012733-2009-11-12_22-56-40	325355.91302578949	16	107	2061.5	2258.0	306625.38250907674	2142565.8394160583	137	136
100.0	98.0	79.0	125.0	127.0	112.0	15	0.022164206936970538	0.11712588445528363	DLR00012733-2009-11-12_22-56-40	335130.67624146008	16	107	2197.5	2258.0	316356.13213082915	2223570.2189781019	137	136
102.0	99.0	81.0	127.0	128.0	112.0	16	0.019766636475038627	0.12080234008392179	DLR00012733-2009-11-12_22-56-40	337896.17614834814	16	107	2329.5	2264.0	308890.76710952917	2362290.2189781023	137	136
103.0	100.0	81.0	133.0	137.0	122.0	17	0.045713676807501734	0.15592192411138045	DLR00012733-2009-11-12_22-56-40	443555.31222466967	16	107	2465.5	2264.0	416170.37237787625	2595430.9489051094	137	136
102.0	100.0	81.0	136.0	140.0	126.0	18	0.01342639458681869	0.1709415391351243	DLR00012733-2009-11-12_22-56-40	444982.60754438688	16	107	2598.5	2261.0	412996.36217629904	2328116.4963503648	137	136
102.0	99.0	80.0	126.0	129.0	115.0	19	0.023229793808940274	0.12533370676877933	DLR00012733-2009-11-12_22-56-40	276996.76316042326	16	107	2734.5	2254.0	249640.60926697863	1795512.700729927	137	136
102.0	98.0	80.0	129.0	133.0	120.0	20	0.042303798817198569	0.14489843634713412	DLR00012733-2009-11-12_22-56-40	312750.12988280866	16	107	2866.5	2259.0	291876.17000412993	1814751.2408759126	137	136
101.0	97.0	80.0	142.0	146.0	135.0	21	0.051787521977729234	0.19530623496462798	DLR00012733-2009-11-12_22-56-40	394073.00743737491	16	107	3018.5	2258.0	382679.00600476773	1953977.5182481753	137	136
99.0	95.0	79.0	139.0	142.0	130.0	22	0.05184080132132772	0.18000035309039392	DLR00012733-2009-11-12_22-56-40	315219.22194832744	16	107	3155.5	2258.0	322855.62757175555	1800069.197080292	137	136
96.0	92.0	77.0	138.0	141.0	131.0	23	0.030049549789546593	0.17872585525415005	DLR00012733-2009-11-12_22-56-40	235677.26717270515	16	107	3280.5	2251.0	275594.56206738058	1543892.8467153285	137	136
95.0	93.0	79.0	133.0	137.0	128.0	24	0.047631733177047261	0.16367883424848215	DLR00012733-2009-11-12_22-56-40	252659.28767294393	16	107	3418.5	2256.0	277201.97428034374	1705395.3284671532	137	136
