DLR00012733-2009-11-11_16-47-10	1	1	272.0	217.0	791696.06231561524	43247.823060365983	102	-2087.4164395572229	0.00011325952106220126	100.0	112.0	111.0	88.0	101.0	101.0	0.038921380880906783	137.0	137
DLR00012733-2009-11-11_16-47-10	1	2	409.0	212.0	740171.41245277156	21428.487598720872	102	11934.056683006924	9.1142423342427942e-05	89.0	105.0	108.0	84.0	100.0	104.0	0.0093162879768127951	137.0	137
DLR00012733-2009-11-11_16-47-10	1	3	552.0	228.0	951719.73448579269	27587.124348238285	102	15245.785611881798	6.9560248882621534e-05	92.0	108.0	111.0	83.0	101.0	106.0	0.0094198022876662707	137.0	137
DLR00012733-2009-11-11_16-47-10	1	4	683.0	212.0	1225939.8662077531	37336.94254836793	102	28595.82609335961	6.9248317924553191e-05	93.0	110.0	113.0	88.0	106.0	110.0	0.012939288856684437	137.0	137
DLR00012733-2009-11-11_16-47-10	1	5	831.0	224.0	875175.90367993375	28475.774148601493	102	22316.710085869992	9.8983815546297172e-05	94.0	112.0	116.0	85.0	105.0	110.0	0.0069872159826095959	137.0	137
DLR00012733-2009-11-11_16-47-10	1	6	956.0	229.0	1152864.0406811242	36612.750564997252	102	31745.292687677265	7.6812605262704413e-05	92.0	111.0	115.0	84.0	105.0	110.0	0.0094715594430930077	137.0	137
DLR00012733-2009-11-11_16-47-10	1	7	1098.0	217.0	927443.69753118372	27679.063018307039	102	18904.042390474428	8.0474730595863202e-05	93.0	112.0	115.0	84.0	106.0	111.0	0.0049686869209668236	137.0	137
DLR00012733-2009-11-11_16-47-10	1	8	1231.0	212.0	1097128.2415506444	35692.931788218288	102	30429.313911044708	8.8058451490735304e-05	92.0	112.0	115.0	86.0	107.0	112.0	0.010454945396201025	137.0	137
DLR00012733-2009-11-11_16-47-10	1	9	1368.0	212.0	1235848.4527198384	41325.344196919767	102	37746.262040222718	9.241715077641805e-05	94.0	113.0	115.0	85.0	106.0	111.0	0.011852388592722944	137.0	137
DLR00012733-2009-11-11_16-47-10	1	10	1505.0	212.0	2036957.6722219347	44735.984993851234	102	38961.221256720091	3.0337364888094106e-05	87.0	108.0	111.0	85.0	106.0	111.0	0.011800631437296207	137.0	137
DLR00012733-2009-11-11_16-47-10	1	11	1641.0	212.0	1111000.2626675637	39961.548813568072	102	36145.675319933194	0.000105037848713627	95.0	114.0	116.0	84.0	106.0	110.0	0.0090057450442523682	137.0	137
DLR00012733-2009-11-11_16-47-10	1	12	1775.0	224.0	1432038.4656591273	46197.149386320896	102	41168.353481946768	7.3019318284830227e-05	94.0	113.0	115.0	84.0	106.0	110.0	0.011334817038455566	137.0	137
DLR00012733-2009-11-11_16-47-10	1	13	1926.0	213.0	1326264.3046426168	46622.932940406965	102	48321.204460894704	0.00010813478627796448	99.0	117.0	118.0	87.0	107.0	111.0	0.0089022307333988925	137.0	137
DLR00012733-2009-11-11_16-47-10	1	14	2056.0	217.0	1496444.277987682	46337.956097627626	102	45118.204290556598	6.9002649612156901e-05	94.0	113.0	115.0	85.0	106.0	110.0	0.011127788416748616	137.0	137
DLR00012733-2009-11-11_16-47-10	1	15	2189.0	212.0	1311649.1395372909	39131.719312412344	102	39449.265306309884	7.9254234575607606e-05	95.0	114.0	116.0	85.0	106.0	110.0	0.0055380156306609387	137.0	137
DLR00012733-2009-11-11_16-47-10	1	16	2321.0	222.0	1330475.4539102532	34654.413604807283	102	30070.849209575463	4.7153124907288757e-05	90.0	110.0	113.0	84.0	105.0	110.0	0.0066249158946224311	137.0	137
DLR00012733-2009-11-11_16-47-10	1	17	2463.0	212.0	1190516.6694270482	39596.62396830471	102	40518.266002365992	9.4443009918496014e-05	94.0	113.0	116.0	86.0	107.0	111.0	0.008436416334558253	137.0	137
DLR00012733-2009-11-11_16-47-10	1	18	2600.0	212.0	1407266.999378914	46665.556535040851	102	45689.642840544053	7.8473751666008115e-05	93.0	112.0	115.0	87.0	107.0	112.0	0.010661974017907977	137.0	137
DLR00012733-2009-11-11_16-47-10	1	19	2737.0	212.0	1191259.8134154549	41611.948634388318	102	39306.776545980065	0.00010025550090424065	95.0	113.0	116.0	86.0	106.0	111.0	0.0077635733140106623	137.0	137
DLR00012733-2009-11-11_16-47-10	1	20	2874.0	212.0	1182342.0855545779	35845.979689580796	102	34312.812584581785	6.9183894981804939e-05	94.0	111.0	114.0	87.0	106.0	110.0	0.007556544692303711	137.0	137
DLR00012733-2009-11-11_16-47-10	1	21	3013.0	217.0	1084494.7937477357	32677.247295280526	102	27914.275653046418	8.8493035354974192e-05	93.0	110.0	113.0	84.0	103.0	108.0	0.0033124579473112156	137.0	137
DLR00012733-2009-11-11_16-47-10	1	22	3144.0	225.0	1026034.1333264323	29793.595003864757	102	21728.899501323885	8.1194299363524091e-05	90.0	106.0	108.0	81.0	99.0	104.0	0.0030536721701775269	137.0	137
DLR00012733-2009-11-11_16-47-10	1	23	3285.0	217.0	877405.33564515295	26223.301856221417	102	18217.425780946574	9.8960358111762495e-05	89.0	104.0	105.0	81.0	97.0	100.0	0.0010869002639614927	137.0	137
DLR00012733-2009-11-11_16-47-10	1	24	3422.0	212.0	841982.13886444806	23421.642383101127	102	-12201.810374925835	9.9306479046242047e-05	94.0	106.0	106.0	84.0	97.0	98.0	0.011386574193882304	137.0	137
DLR00012733-2009-11-11_16-47-10	2	1	272.0	349.0	1148157.4620878838	33714.409524276518	102	27649.079766485062	8.9060182651815877e-05	84.0	100.0	103.0	79.0	95.0	99.0	0.0044511153666994463	137.0	137
DLR00012733-2009-11-11_16-47-10	2	2	411.0	352.0	4157890.6151337922	459606.7575073659	102	459315.68710043147	0.00020181719180267947	94.0	108.0	107.0	76.0	95.0	101.0	0.10946638372755034	137.0	137
DLR00012733-2009-11-11_16-47-10	2	3	546.0	349.0	1520224.8856166867	35502.295035087991	102	31314.033545469869	2.7348489029132869e-05	82.0	100.0	105.0	79.0	98.0	104.0	0.024325863050566741	137.0	137
DLR00012733-2009-11-11_16-47-10	2	4	694.0	349.0	1468452.5210910409	29339.161959744517	102	25870.799820466123	2.0385509250673757e-05	82.0	102.0	108.0	80.0	100.0	106.0	0.020495833548988148	137.0	137
DLR00012733-2009-11-11_16-47-10	2	5	820.0	362.0	2069656.0077118163	69391.211268098807	102	65981.684046425376	4.8282183670461696e-05	85.0	105.0	109.0	80.0	101.0	107.0	0.037368666218104654	137.0	137
DLR00012733-2009-11-11_16-47-10	2	6	958.0	358.0	1734002.6396149269	55792.094924858655	102	55042.857912373074	5.7120416106652304e-05	86.0	106.0	110.0	81.0	102.0	107.0	0.025982092024222348	137.0	137
DLR00012733-2009-11-11_16-47-10	2	7	1096.0	350.0	1356485.493504477	39361.193910288595	102	37895.958550620271	5.2026146526687295e-05	86.0	106.0	110.0	81.0	103.0	108.0	0.017286889912530409	137.0	137
DLR00012733-2009-11-11_16-47-10	2	8	1231.0	349.0	50533.791211635005	1574.366643841523	102	-2058.6659532586546	0.00011161788938425319	89.5	110.0	114.0	80.0	103.0	108.0	0.00015527146628021324	137.0	137
DLR00012733-2009-11-11_16-47-10	2	9	1368.0	350.0	1368375.7973189792	44711.694024131677	102	45681.977074578848	7.3948932655681828e-05	87.0	107.0	110.0	81.0	103.0	107.0	0.017390404223383883	137.0	137
DLR00012733-2009-11-11_16-47-10	2	10	1505.0	349.0	2111767.5003881785	56977.718650693656	102	57502.56613134026	3.3874476791180377e-05	84.0	104.0	108.0	80.0	102.0	107.0	0.024015320118006313	137.0	137
DLR00012733-2009-11-11_16-47-10	2	11	1644.0	353.0	1588594.1325500752	58274.44017560123	102	60421.046495745097	8.8698570621645214e-05	87.0	107.0	110.0	80.0	102.0	106.0	0.021945033900936804	137.0	137
DLR00012733-2009-11-11_16-47-10	2	12	1778.0	349.0	1172928.9283680967	40057.267538452135	102	41106.173753711126	8.7418694419449415e-05	88.0	108.0	110.0	80.0	103.0	107.0	0.015578903783448061	137.0	137
DLR00012733-2009-11-11_16-47-10	2	13	1918.0	353.0	3242089.5067543089	117034.99484773027	102	116523.70673338181	4.256082007175238e-05	85.0	105.0	108.0	80.0	103.0	107.0	0.046995497127477873	137.0	137
DLR00012733-2009-11-11_16-47-10	2	14	2052.0	349.0	1018107.2641167641	36379.915693883107	102	39787.678495711516	0.00010604915827309144	88.0	109.0	111.0	80.0	102.0	107.0	0.012059417214429895	137.0	137
DLR00012733-2009-11-11_16-47-10	2	15	2188.0	353.0	2718172.9949277989	93698.162072812775	102	93232.18336814591	3.8819113709689643e-05	84.0	104.0	108.0	80.0	102.0	106.0	0.031934164898297188	137.0	137
DLR00012733-2009-11-11_16-47-10	2	16	2326.0	349.0	751566.28694166965	25619.918528597758	102	27313.13828439076	0.00010395542582955714	89.0	109.0	112.0	80.0	102.0	107.0	0.0068837016717561202	137.0	137
DLR00012733-2009-11-11_16-47-10	2	17	2463.0	349.0	495181.61094146268	15016.475822626333	102	19210.99555211432	0.00010123304510186382	89.0	109.0	113.0	81.0	103.0	107.0	0.0063143729620620051	137.0	137
DLR00012733-2009-11-11_16-47-10	2	18	2594.0	349.0	3582944.8827700433	307415.99869599316	102	307882.06426942541	0.00016109540817786666	95.0	112.0	112.0	80.0	102.0	107.0	0.09031623621965737	137.0	137
DLR00012733-2009-11-11_16-47-10	2	19	2737.0	349.0	1284152.8119662544	43245.591892473785	102	47699.391754486714	8.3557659555160934e-05	87.0	107.0	111.0	80.0	102.0	107.0	0.012887531701257698	137.0	137
DLR00012733-2009-11-11_16-47-10	2	20	2874.0	349.0	3166288.8199368566	228288.09556815031	102	228593.85189479435	0.00011544195553975228	90.0	108.0	110.0	80.0	101.0	107.0	0.087676621292893747	137.0	137
DLR00012733-2009-11-11_16-47-10	2	21	3011.0	349.0	953949.1664510119	21105.577406373286	102	21935.87016274035	3.2625713516636434e-05	81.0	101.0	106.0	79.0	99.0	105.0	0.013663889032658765	137.0	137
DLR00012733-2009-11-11_16-47-10	2	22	3148.0	349.0	1372091.5172610113	50910.640406901548	102	53907.643093635481	7.6927373963472931e-05	82.0	101.0	105.0	76.0	96.0	102.0	0.028155892552145335	137.0	137
DLR00012733-2009-11-11_16-47-10	2	23	3279.0	350.0	1899476.0343667513	75489.48476411619	102	73398.125921180777	7.2730939674698191e-05	80.0	97.0	101.0	74.0	93.0	98.0	0.043786553491020133	137.0	137
DLR00012733-2009-11-11_16-47-10	2	24	3418.0	347.0	1104064.2521091041	33303.201229899001	102	27831.932268952474	7.0962655980248151e-05	82.0	97.0	99.0	76.0	92.0	95.0	0.0056932870969411522	137.0	137
DLR00012733-2009-11-11_16-47-10	3	1	272.0	486.0	802347.7928161067	31237.887121982152	102	24446.107515759748	0.00011943608488287474	85.0	102.0	105.0	77.0	95.0	99.0	0.013146317478391388	137.0	137
DLR00012733-2009-11-11_16-47-10	3	2	409.0	486.0	808292.94472335791	25603.396597063827	102	23622.781812271078	6.4733214844348412e-05	83.0	101.0	104.0	77.0	96.0	102.0	0.018891361730759278	137.0	137
DLR00012733-2009-11-11_16-47-10	3	3	561.0	486.0	1185066.9468454013	35915.977264168316	102	30699.677931822032	4.7624322053500889e-05	84.0	102.0	106.0	79.0	98.0	104.0	0.027172506599037315	137.0	137
DLR00012733-2009-11-11_16-47-10	3	4	691.0	490.0	1127101.7157497024	34491.78157494215	102	30849.445497915305	5.9819965549705149e-05	85.0	105.0	109.0	80.0	100.0	106.0	0.018011490088504736	137.0	137
DLR00012733-2009-11-11_16-47-10	3	5	820.0	486.0	703014.21303245169	22726.299875047014	102	20721.107603414603	9.2048612939980167e-05	88.0	108.0	111.0	80.0	101.0	107.0	0.0097821023756534346	137.0	137
DLR00012733-2009-11-11_16-47-10	3	6	953.0	491.0	1699322.5868226285	38387.816790317142	102	36523.312771308236	3.2164760143514051e-05	84.0	104.0	109.0	80.0	102.0	107.0	0.019046633197039489	137.0	137
DLR00012733-2009-11-11_16-47-10	3	7	1094.0	486.0	1478608.8222659281	34665.347563791329	102	32637.996474048919	3.2766454433394443e-05	84.0	105.0	108.0	80.0	102.0	107.0	0.016562289736556077	137.0	137
DLR00012733-2009-11-11_16-47-10	3	8	1231.0	486.0	92645.283887997517	2298.1062608059628	102	2237.8682610783853	9.2661854629438208e-05	88.0	108.0	112.0	81.0	103.0	107.0	0.00010351431085347549	137.0	137
DLR00012733-2009-11-11_16-47-10	3	9	1368.0	486.0	902919.94591377256	35601.508627968069	102	39094.088335219458	0.00012345266465728545	91.0	111.0	112.0	81.0	103.0	107.0	0.011127788416748616	137.0	137
DLR00012733-2009-11-11_16-47-10	3	10	1504.0	488.0	3311697.3270017081	243450.7998322772	102	243060.45589999066	0.00012875077888653276	92.0	111.0	110.0	81.0	102.0	106.0	0.10946638372755034	137.0	137
DLR00012733-2009-11-11_16-47-10	3	11	1642.0	486.0	1741434.0794989907	55001.979522556408	102	56591.270441341781	4.6048100388475375e-05	84.0	105.0	108.0	80.0	102.0	106.0	0.028569949795559237	137.0	137
DLR00012733-2009-11-11_16-47-10	3	12	1778.0	487.0	3626790.3780860207	423810.08470855886	102	423564.3310090708	0.00038492631995102044	110.0	128.0	124.0	80.0	102.0	106.0	0.095802494694891563	137.0	137
DLR00012733-2009-11-11_16-47-10	3	13	1920.0	491.0	1365403.221365354	51441.984499259583	102	52712.009372802553	8.7092761862264843e-05	88.0	108.0	110.0	80.0	103.0	106.0	0.025153977537394547	137.0	137
DLR00012733-2009-11-11_16-47-10	3	14	2052.0	486.0	202878.30883494642	2349.4819144492162	102	2903.1799971608643	6.1399398179789882e-06	81.0	103.0	107.0	80.0	102.0	106.0	0.0	137.0	137
DLR00012733-2009-11-11_16-47-10	3	15	2199.0	492.0	114691.8888773873	4087.3827165599982	102	6209.5748424587282	0.00012629194125883018	89.0	110.0	113.0	80.0	102.0	106.0	0.0010869002639614927	137.0	137
DLR00012733-2009-11-11_16-47-10	3	16	2326.0	486.0	1250711.3324879664	39910.204804995177	102	42869.157965599261	7.2106326866261817e-05	86.0	107.0	109.0	80.0	102.0	106.0	0.01811500439935821	137.0	137
DLR00012733-2009-11-11_16-47-10	3	17	2463.0	486.0	1545739.4958853063	55436.53399922316	102	58181.05133635657	8.5864354281420623e-05	88.0	107.0	110.0	80.0	102.0	107.0	0.014957817918327209	137.0	137
DLR00012733-2009-11-11_16-47-10	3	18	2602.0	489.0	1303474.5556648208	39546.952509337243	102	42824.566290200513	6.145989909550136e-05	85.0	106.0	109.0	80.0	102.0	107.0	0.014026189120645929	137.0	137
DLR00012733-2009-11-11_16-47-10	3	19	2737.0	486.0	2731797.3013819163	89195.383165740044	102	89538.413741606753	4.7758731219863541e-05	84.0	104.0	109.0	79.0	101.0	107.0	0.03120956472232286	137.0	137
DLR00012733-2009-11-11_16-47-10	3	20	2874.0	486.0	1422129.8791470421	51120.200907638289	102	52754.55199247846	8.8145510113275314e-05	86.0	106.0	110.0	79.0	101.0	107.0	0.021065162258682261	137.0	137
DLR00012733-2009-11-11_16-47-10	3	21	3011.0	486.0	456785.83820713218	7380.7229415500569	102	5145.4673383380887	4.0229675826306211e-05	81.0	101.0	106.0	78.0	99.0	105.0	0.00067284302054759066	137.0	137
DLR00012733-2009-11-11_16-47-10	3	22	3142.0	486.0	3931727.1279954454	377935.79463592649	102	377773.59703809599	0.00014320663804704136	89.0	105.0	107.0	75.0	96.0	102.0	0.1287718027017235	137.0	137
DLR00012733-2009-11-11_16-47-10	3	23	3285.0	486.0	2723127.2881838423	59231.231622687301	102	55721.958674375121	2.4520349983484517e-05	76.0	94.0	100.0	73.0	92.0	98.0	0.038248537860359193	137.0	137
DLR00012733-2009-11-11_16-47-10	3	24	3422.0	486.0	1209095.2691372081	32520.769581477896	102	24034.619782885082	3.5605359916629034e-05	75.0	92.0	97.0	73.0	91.0	95.0	0.021168676569535739	137.0	137
DLR00012733-2009-11-11_16-47-10	4	1	272.0	623.0	596744.62269033701	15128.122932644712	102	7570.3553683265163	7.093532625138818e-05	82.0	99.0	104.0	77.0	95.0	101.0	0.0021738005279229853	137.0	137
DLR00012733-2009-11-11_16-47-10	4	2	411.0	617.0	1105302.8254231149	35447.637638838343	102	32972.525246156998	5.9739522771056972e-05	83.0	101.0	105.0	77.0	97.0	103.0	0.026240877801356036	137.0	137
DLR00012733-2009-11-11_16-47-10	4	3	546.0	623.0	889295.63945965539	26413.443617935336	102	20603.433818851416	6.4031464600843445e-05	84.0	103.0	108.0	78.0	98.0	105.0	0.014026189120645929	137.0	137
DLR00012733-2009-11-11_16-47-10	4	4	692.0	620.0	1540537.4879664613	52181.027244802121	102	48408.01046893109	5.4754633752668472e-05	85.0	105.0	109.0	80.0	100.0	107.0	0.030277935924641581	137.0	137
DLR00012733-2009-11-11_16-47-10	4	5	821.0	623.0	1213306.4184048444	29353.84604630771	102	26399.937820093433	3.6194814965911053e-05	84.0	104.0	109.0	80.0	101.0	107.0	0.012732260234977486	137.0	137
DLR00012733-2009-11-11_16-47-10	4	6	957.0	623.0	1002501.2403602299	33095.552629705628	102	33923.134800942011	8.5133214134456043e-05	88.0	108.0	111.0	81.0	102.0	107.0	0.017183375601676931	137.0	137
DLR00012733-2009-11-11_16-47-10	4	7	1094.0	623.0	1316355.7181305315	36609.280789218617	102	37398.971925402308	4.5799539195605157e-05	85.0	105.0	110.0	81.0	102.0	107.0	0.015578903783448061	137.0	137
DLR00012733-2009-11-11_16-47-10	4	8	1231.0	623.0	1153854.8993323329	22379.029090957472	102	20670.250999980599	7.6847995410746876e-06	81.0	103.0	108.0	81.0	102.0	107.0	0.011127788416748616	137.0	137
DLR00012733-2009-11-11_16-47-10	4	9	1371.0	620.0	1341127.1844107448	43950.849811349661	102	46834.768163539629	7.9091771758964453e-05	88.0	107.0	110.0	81.0	103.0	107.0	0.01537187516174111	137.0	137
DLR00012733-2009-11-11_16-47-10	4	10	1499.0	633.0	1193489.245380674	41643.419680137049	102	44394.412712513709	8.2479799725399843e-05	88.0	107.0	109.0	81.0	102.0	106.0	0.018891361730759278	137.0	137
DLR00012733-2009-11-11_16-47-10	4	11	1640.0	618.0	3185362.84897262	292590.71124821622	102	293706.92689130158	0.0001935226427892796	96.0	114.0	113.0	80.0	102.0	106.0	0.09523316598519746	137.0	137
DLR00012733-2009-11-11_16-47-10	4	12	1773.0	629.0	1264831.0682676882	50573.294752184913	102	59273.454194784274	0.00010768572477656268	89.0	109.0	111.0	81.0	102.0	106.0	0.020185290616427719	137.0	137
DLR00012733-2009-11-11_16-47-10	4	13	1915.0	623.0	2788771.6738264062	143574.10327608071	102	145306.16665089954	8.5816340259786255e-05	87.0	107.0	109.0	80.0	102.0	106.0	0.056052999327156981	137.0	137
DLR00012733-2009-11-11_16-47-10	4	14	2052.0	623.0	1364164.6480513432	50876.175285457415	102	55013.08261122142	9.0332150693716486e-05	88.0	108.0	110.0	80.0	102.0	106.0	0.022462605455204183	137.0	137
DLR00012733-2009-11-11_16-47-10	4	15	2189.0	623.0	219227.47657988718	2985.2527972408589	102	6952.1397838099674	2.313912042098488e-05	83.0	103.0	108.0	80.0	102.0	106.0	0.00041405724341390195	137.0	137
DLR00012733-2009-11-11_16-47-10	4	16	2326.0	623.0	1290345.6785363078	47112.517786381446	102	52545.208962993041	9.7536810023514473e-05	88.0	108.0	110.0	80.0	102.0	106.0	0.017856218622224522	137.0	137
DLR00012733-2009-11-11_16-47-10	4	17	2464.0	625.0	9413.1571864810321	354.20200669251449	102	2785.4058199756641	0.00012968111644643283	90.0	111.0	114.0	80.0	102.0	107.0	0.00010351431085347549	137.0	137
DLR00012733-2009-11-11_16-47-10	4	18	2600.0	623.0	1515270.5923606439	63060.148656138648	102	68859.797188932658	0.00011213289739690477	89.0	109.0	112.0	80.0	102.0	107.0	0.024429377361420215	137.0	137
DLR00012733-2009-11-11_16-47-10	4	19	2737.0	623.0	1350292.6269344238	47058.085619438112	102	51256.705362513836	8.758483363191764e-05	86.0	107.0	111.0	79.0	101.0	107.0	0.015113089384607422	137.0	137
DLR00012733-2009-11-11_16-47-10	4	20	2874.0	623.0	1629219.3372496248	58557.453869019024	102	60789.194477776153	6.7897609065618067e-05	85.0	105.0	109.0	79.0	101.0	107.0	0.023911805807152839	137.0	137
DLR00012733-2009-11-11_16-47-10	4	21	3008.0	618.0	964353.18228870141	38886.847564331008	102	42727.990214047139	0.00012830287507734257	87.0	107.0	111.0	78.0	99.0	105.0	0.013146317478391388	137.0	137
DLR00012733-2009-11-11_16-47-10	4	22	3148.0	623.0	1692138.8616013667	58924.549593806463	102	60029.761173357896	6.4261803490280671e-05	81.0	100.0	106.0	76.0	96.0	103.0	0.026499663578489725	137.0	137
DLR00012733-2009-11-11_16-47-10	4	23	3282.0	626.0	2966383.0870555351	103670.7955249115	102	101686.59869914458	4.101756220034083e-05	77.0	96.0	101.0	73.0	92.0	99.0	0.05858909994306713	137.0	137
DLR00012733-2009-11-11_16-47-10	4	24	3415.0	626.0	1094403.380259821	38006.271977911012	102	33325.923355119878	7.8768461111865327e-05	78.0	95.0	99.0	72.0	91.0	96.0	0.01811500439935821	137.0	137
DLR00012733-2009-11-11_16-47-10	5	1	272.0	760.0	1549950.6451529425	50837.422613541486	102	42122.180091962378	6.118010473668316e-05	82.0	99.0	104.0	77.0	96.0	101.0	0.026654935044769939	137.0	137
DLR00012733-2009-11-11_16-47-10	5	2	409.0	765.0	3679305.8866000725	282381.28453567933	102	280858.1850567988	9.9339261586038751e-05	87.0	104.0	106.0	77.0	96.0	103.0	0.12333730138191605	137.0	137
DLR00012733-2009-11-11_16-47-10	5	3	556.0	762.0	700289.35174162837	24190.911131076176	102	21135.099802328477	9.3780959313110652e-05	87.0	105.0	110.0	79.0	99.0	105.0	0.016303503959422389	137.0	137
DLR00012733-2009-11-11_16-47-10	5	4	692.0	765.0	2216550.8027534806	38768.433224651715	102	34159.997045325974	1.299739260654546e-05	82.0	102.0	108.0	80.0	100.0	107.0	0.026499663578489725	137.0	137
DLR00012733-2009-11-11_16-47-10	5	5	825.0	769.0	514503.35464002902	19311.674855071502	102	16559.757783163222	0.00010791106056757994	89.0	109.0	113.0	80.0	101.0	107.0	0.011645359971015993	137.0	137
DLR00012733-2009-11-11_16-47-10	5	6	956.0	766.0	946517.72656694788	28251.138005007186	102	28507.751678134518	6.105190425878727e-05	86.0	106.0	110.0	80.0	102.0	107.0	0.014077946276072667	137.0	137
DLR00012733-2009-11-11_16-47-10	5	7	1096.0	769.0	1895512.599761917	53119.437469527693	102	53860.763553809978	4.5012256996742249e-05	84.0	105.0	109.0	80.0	102.0	107.0	0.022100305367217018	137.0	137
DLR00012733-2009-11-11_16-47-10	5	8	1231.0	760.0	1788499.8654313958	53463.387085945506	102	54876.16208810846	5.2088079075626913e-05	85.0	105.0	109.0	81.0	102.0	107.0	0.024274105895140004	137.0	137
DLR00012733-2009-11-11_16-47-10	5	9	1371.0	761.0	1752333.5246622844	53783.104490360478	102	55080.333405131772	5.5871912450306373e-05	86.0	106.0	109.0	81.0	102.0	106.0	0.019357176129599918	137.0	137
DLR00012733-2009-11-11_16-47-10	5	10	1508.0	768.0	1126606.2864240981	29187.928443334738	102	30392.736418218297	4.4462368009421204e-05	85.0	105.0	108.0	81.0	102.0	106.0	0.010920759795041665	137.0	137
DLR00012733-2009-11-11_16-47-10	5	11	1647.0	768.0	1264831.0682676882	47242.44175187216	102	50967.656016001019	9.2144660728706994e-05	88.0	108.0	109.0	81.0	102.0	106.0	0.025153977537394547	137.0	137
DLR00012733-2009-11-11_16-47-10	5	12	1779.0	760.0	642571.83530873142	9482.9940289190436	102	12618.755472475194	1.1116211490564422e-05	81.0	102.0	106.0	80.0	101.0	106.0	0.00574504425236789	137.0	137
DLR00012733-2009-11-11_16-47-10	5	13	1915.0	760.0	1246500.1832203304	50900.62208806711	102	55258.830974081277	0.00010974596299789867	89.0	108.0	110.0	80.0	102.0	106.0	0.021323948035815953	137.0	137
DLR00012733-2009-11-11_16-47-10	5	14	2061.0	770.0	982188.63801045495	32294.732827600914	102	37923.702621940931	7.193561526066885e-05	86.0	106.0	109.0	80.0	101.0	106.0	0.019408933285026655	137.0	137
DLR00012733-2009-11-11_16-47-10	5	15	2189.0	760.0	1486783.4061383987	40789.549125035475	102	44635.43884181598	3.9622272858893697e-05	84.0	104.0	107.0	80.0	101.0	106.0	0.020909890792402051	137.0	137
DLR00012733-2009-11-11_16-47-10	5	16	2326.0	760.0	1280189.3773614201	49558.59348976687	102	53965.542371146192	9.6079773866290859e-05	88.0	107.0	109.5	80.0	102.0	106.0	0.024532891672273693	137.0	137
DLR00012733-2009-11-11_16-47-10	5	17	2458.0	758.0	1498425.9952900987	52964.863993172068	102	58872.348400017501	7.3792737261942225e-05	86.0	106.0	109.0	80.0	102.0	106.0	0.02184151959008333	137.0	137
DLR00012733-2009-11-11_16-47-10	5	18	2593.0	763.0	1196214.1066714972	40145.469312997753	102	45730.903218242318	8.5664904409922792e-05	86.0	106.0	110.0	79.0	101.0	107.0	0.011645359971015993	137.0	137
DLR00012733-2009-11-11_16-47-10	5	19	2740.0	760.0	372067.42352880293	9917.8943237142867	102	14047.904427383588	6.1753868638398504e-05	84.0	105.0	110.0	79.0	101.0	107.0	0.0026913720821903626	137.0	137
DLR00012733-2009-11-11_16-47-10	5	20	2874.0	760.0	504099.33880233939	19407.26379591669	102	27031.385403672801	0.00013486611846060906	89.0	109.0	114.0	78.0	101.0	107.0	0.0044511153666994463	137.0	137
DLR00012733-2009-11-11_16-47-10	5	21	3011.0	760.0	2268075.4526163246	71522.082895780084	102	71595.843319489708	5.1930510688066189e-05	82.0	102.0	107.0	77.0	99.0	105.0	0.028207649707572072	137.0	137
DLR00012733-2009-11-11_16-47-10	5	22	3145.0	759.0	1386706.6823663372	52105.82586392649	102	51787.114467214968	8.0157292324383624e-05	82.0	101.0	106.0	75.0	96.0	103.0	0.025102220381967806	137.0	137
DLR00012733-2009-11-11_16-47-10	5	23	3288.0	763.0	1335429.7471662955	60585.24871368739	102	60526.380232029049	0.00012650616022935032	83.0	101.0	104.0	73.0	93.0	99.0	0.029242792816106828	137.0	137
DLR00012733-2009-11-11_16-47-10	5	24	3411.0	761.0	1206865.837171989	46289.83885999921	102	41523.632061183453	9.5826456750224665e-05	79.0	96.0	100.0	72.0	91.0	96.0	0.019874747683867294	137.0	137
DLR00012733-2009-11-11_16-47-10	6	1	272.0	897.0	1076567.9245380673	36635.768554055481	102	30333.594046733786	9.1106795973928918e-05	84.0	102.0	106.0	77.0	96.0	102.0	0.016665804047409555	137.0	137
DLR00012733-2009-11-11_16-47-10	6	2	411.0	898.0	3194528.2914962992	66672.597926371935	102	63110.522006109262	1.8573269381352352e-05	79.0	99.0	105.0	77.0	97.0	103.0	0.031985922053723928	137.0	137
DLR00012733-2009-11-11_16-47-10	6	3	557.0	903.0	1223215.0049169296	41348.826041303197	102	39239.327491381577	5.6463476654311403e-05	84.0	103.0	108.0	79.0	99.0	105.0	0.026913720821903627	137.0	137
DLR00012733-2009-11-11_16-47-10	6	4	683.0	897.0	35175.482117902793	688.36636757138058	102	-5804.8973112215326	5.555608260968209e-05	83.5	104.0	110.0	79.0	100.0	107.0	0.0	137.0	137
DLR00012733-2009-11-11_16-47-10	6	5	823.0	895.0	174391.12261270121	3412.593695926199	102	292.85372459825641	2.3192788144889705e-05	82.0	104.0	109.0	79.0	101.0	107.0	0.0011386574193882305	137.0	137
DLR00012733-2009-11-11_16-47-10	6	6	956.0	895.0	1328989.1659334402	46709.080215728136	102	49360.257102756324	6.684794426431445e-05	86.0	106.0	110.0	80.0	102.0	107.0	0.025930334868795611	137.0	137
DLR00012733-2009-11-11_16-47-10	6	7	1096.0	893.0	1480342.8249055431	43417.11028407338	102	45278.147289245731	4.3509492103477555e-05	84.0	104.0	109.0	80.0	102.0	107.0	0.021220433724962476	137.0	137
DLR00012733-2009-11-11_16-47-10	6	8	1237.0	896.0	1189525.8107758395	40549.609255346448	102	43950.993880490561	7.651502942285255e-05	87.0	106.0	109.0	80.0	102.0	107.0	0.019564204751306869	137.0	137
DLR00012733-2009-11-11_16-47-10	6	9	1373.0	897.0	692857.91185756435	23188.469408991972	102	27260.068785607396	0.00010242701889814237	89.0	108.0	111.0	81.0	102.0	106.0	0.0077635733140106623	137.0	137
DLR00012733-2009-11-11_16-47-10	6	10	1505.0	897.0	1585869.2712592517	50415.637219731841	102	52408.424565367444	6.2301160887620553e-05	86.0	106.0	108.0	81.0	102.0	106.0	0.022824905543191346	137.0	137
DLR00012733-2009-11-11_16-47-10	6	11	1642.0	897.0	1170699.4964028776	42861.618951511809	102	45897.567339743029	8.0194708830003833e-05	87.0	106.0	108.0	81.0	101.0	106.0	0.021738005279229852	137.0	137
DLR00012733-2009-11-11_16-47-10	6	12	1779.0	897.0	1230646.4448009939	41465.313096166828	102	44906.728673767175	8.7453249614355096e-05	87.0	107.0	109.0	80.0	101.0	105.0	0.013819160498938979	137.0	137
DLR00012733-2009-11-11_16-47-10	6	13	1907.0	891.0	1174167.5016821073	40779.154643900169	102	45152.370708321439	7.3680389223994045e-05	86.0	106.0	108.0	80.0	101.0	106.0	0.016614046891982818	137.0	137
DLR00012733-2009-11-11_16-47-10	6	14	2049.0	899.0	436968.6651829615	6252.8721031905043	102	13341.130072969097	1.957913145334493e-05	82.0	102.0	106.0	80.0	101.0	106.0	0.0024843434604834118	137.0	137
DLR00012733-2009-11-11_16-47-10	6	15	2189.0	899.0	1773884.7003260702	57422.50950483232	102	61039.694764917418	5.005786666941554e-05	84.0	104.0	107.0	80.0	101.0	105.0	0.026913720821903627	137.0	137
DLR00012733-2009-11-11_16-47-10	6	16	2326.0	897.0	2019865.3604885873	64987.738311991176	102	68073.538421095654	4.9444386881345729e-05	84.0	104.0	107.0	80.0	101.0	106.0	0.032658765074271519	137.0	137
DLR00012733-2009-11-11_16-47-10	6	17	2463.0	897.0	1170699.4964028776	40938.582327861019	102	50245.568052979244	8.316121358786045e-05	86.0	106.0	109.0	79.0	101.0	106.0	0.015889446716008487	137.0	137
DLR00012733-2009-11-11_16-47-10	6	18	2600.0	897.0	1759764.9645463487	75874.614080707383	102	81860.331850522154	9.3547382916362047e-05	86.0	106.0	109.0	79.0	101.0	106.0	0.032917550851405207	137.0	137
DLR00012733-2009-11-11_16-47-10	6	19	2737.0	897.0	261586.68391905181	4776.1246970975399	102	8596.8778899730314	3.4490569481922038e-05	81.0	102.0	107.0	78.0	100.0	106.0	0.0013974431965219191	137.0	137
DLR00012733-2009-11-11_16-47-10	6	20	2870.0	893.0	3774428.317116091	455169.2859072205	102	456340.41283503704	0.00027212789213056999	100.0	117.0	116.0	78.0	100.0	106.0	0.076238289943584697	137.0	137
DLR00012733-2009-11-11_16-47-10	6	21	3011.0	897.0	1413707.5806117696	58209.89612264897	102	61968.075530842565	0.00010923518634165468	86.0	106.0	110.0	77.0	99.0	105.0	0.017442161378810619	137.0	137
DLR00012733-2009-11-11_16-47-10	6	22	3143.0	893.0	1077311.0685264736	37323.005090481049	102	40938.911607173002	9.3749234036499476e-05	82.0	102.0	107.0	75.0	96.0	103.0	0.012732260234977486	137.0	137
DLR00012733-2009-11-11_16-47-10	6	23	3289.0	905.0	376278.57279643905	5643.6405409457011	102	-321.23285253542059	6.9330890496195378e-06	74.0	94.0	100.0	72.0	93.0	99.0	0.0036747580352983799	137.0	137
DLR00012733-2009-11-11_16-47-10	6	24	3415.0	898.0	960389.74768386735	37242.025792354863	102	33428.654207452535	0.0001098648188013169	79.0	97.0	100.0	71.0	91.0	96.0	0.013560374721805289	137.0	137
DLR00012733-2009-11-11_16-47-10	7	1	272.0	1034.0	1036438.1491641219	35708.447665329266	102	29508.270405731626	8.9485877652771559e-05	84.0	102.0	106.0	77.0	96.0	102.0	0.010713731173334714	137.0	137
DLR00012733-2009-11-11_16-47-10	7	2	409.0	1034.0	1005473.8163138554	34023.118945708629	102	31444.716932168907	7.2164346313591759e-05	83.0	102.0	107.0	77.0	97.0	104.0	0.01977123337301382	137.0	137
DLR00012733-2009-11-11_16-47-10	7	3	554.0	1037.0	1763232.9698255784	47980.98621469194	102	44733.472376885395	3.5095662235342303e-05	82.0	102.0	107.0	78.0	99.0	105.0	0.02732777806531753	137.0	137
DLR00012733-2009-11-11_16-47-10	7	4	685.0	1037.0	1404294.4234252884	58496.076471318629	102	59606.692847400744	9.3718127227621829e-05	87.0	107.0	111.0	79.0	101.0	107.0	0.034470265514207336	137.0	137
DLR00012733-2009-11-11_16-47-10	7	5	826.0	1034.0	2947804.4873453756	65183.567637042623	102	64025.658644346957	2.2862447587950629e-05	81.0	103.0	108.0	79.0	101.0	107.0	0.035971223021582732	137.0	137
DLR00012733-2009-11-11_16-47-10	7	6	957.0	1034.0	866010.46115625487	30564.098302668623	102	34266.330399354098	8.3759094472441543e-05	86.0	107.0	110.0	80.0	102.0	107.0	0.018270275865638425	137.0	137
DLR00012733-2009-11-11_16-47-10	7	7	1101.0	1035.0	352993.39449303865	14375.93841825142	102	22383.119154793294	0.00014304278400124217	90.0	110.0	114.0	80.0	102.0	107.0	0.0099891309973603858	137.0	137
DLR00012733-2009-11-11_16-47-10	7	8	1231.0	1034.0	1849933.1018063247	56808.848678663089	102	60502.560620464035	4.501784019466578e-05	84.0	104.0	108.0	80.0	102.0	106.0	0.030019150147507893	137.0	137
DLR00012733-2009-11-11_16-47-10	7	9	1378.0	1041.0	1415937.0125769889	38621.017065594446	102	39498.721423236988	3.9580806489996365e-05	84.0	104.0	107.0	80.0	101.0	106.0	0.01697634697996998	137.0	137
DLR00012733-2009-11-11_16-47-10	7	10	1505.0	1034.0	740419.12711557362	24402.761643646241	102	28615.13341805953	8.1958457281468107e-05	87.0	107.0	109.0	80.0	101.0	106.0	0.010144402463640598	137.0	137
DLR00012733-2009-11-11_16-47-10	7	11	1641.0	1046.0	60442.377723720303	1453.9080983014017	102	8607.0117764709466	7.5055542312577527e-05	86.0	106.0	109.0	80.0	101.0	105.0	0.00010351431085347549	137.0	137
DLR00012733-2009-11-11_16-47-10	7	12	1777.0	1028.0	1265574.2122560942	39738.315991905023	102	41498.145463814602	4.5706996521660952e-05	85.0	104.0	107.0	80.0	101.0	105.0	0.018322033021065161	137.0	137
DLR00012733-2009-11-11_16-47-10	7	13	1925.0	1026.0	853129.29869054398	27999.74415012429	102	33844.760853981519	9.1344957286548193e-05	87.0	106.0	108.0	80.0	101.0	105.0	0.010040888152787123	137.0	137
DLR00012733-2009-11-11_16-47-10	7	14	2063.0	1041.0	1178130.9362869416	37230.465445344322	102	42051.350169085679	6.9660486530032862e-05	85.0	105.0	107.0	80.0	100.0	105.0	0.017028104135396717	137.0	137
DLR00012733-2009-11-11_16-47-10	7	15	2189.0	1034.0	1492728.5580456499	59990.405124603523	102	64887.684426539789	0.00010430545068009781	87.0	107.0	108.0	79.0	100.0	105.0	0.023549505719165673	137.0	137
DLR00012733-2009-11-11_16-47-10	7	16	2323.0	1034.0	2330747.2623052634	106596.98476815445	102	109590.70364743291	5.5752282569835217e-05	84.0	103.0	107.0	79.0	100.0	105.0	0.054862584752342014	137.0	137
DLR00012733-2009-11-11_16-47-10	7	17	2468.0	1032.0	3669149.5854251846	475623.25853727927	102	477854.70334584557	0.00039376728032290806	109.0	125.0	121.0	79.0	100.0	105.0	0.085088763521556851	137.0	137
DLR00012733-2009-11-11_16-47-10	7	18	2601.0	1036.0	3357276.8249573	288538.00551513111	102	291626.40616724314	0.00015747120757465496	91.0	110.0	110.0	78.0	100.0	105.0	0.086486206718078773	137.0	137
DLR00012733-2009-11-11_16-47-10	7	19	2737.0	1034.0	1514775.1630350396	67085.227487625787	102	74686.978260100484	0.00011004526814615201	86.0	106.0	110.0	78.0	100.0	106.0	0.027690078153304695	137.0	137
DLR00012733-2009-11-11_16-47-10	7	20	2869.0	1036.0	1751342.666011076	60382.125409027693	102	63549.161360256614	5.8784390537057939e-05	82.0	103.0	108.0	77.0	99.0	105.0	0.022721391232337872	137.0	137
DLR00012733-2009-11-11_16-47-10	7	21	3011.0	1034.0	1690900.2882873556	61456.602003486209	102	64750.439367224055	7.3368366869362925e-05	82.0	103.0	108.0	76.0	98.0	105.0	0.022566119766057657	137.0	137
DLR00012733-2009-11-11_16-47-10	7	22	3145.0	1031.0	3034752.333988924	80908.844747951647	102	80546.138171748855	3.2160748986257113e-05	78.0	98.0	104.0	74.0	96.0	103.0	0.024325863050566741	137.0	137
DLR00012733-2009-11-11_16-47-10	7	23	3285.0	1034.0	491961.3203250349	16386.254581039546	102	15588.714507153183	0.00010007314862952007	79.0	99.0	104.0	72.0	93.0	99.0	0.0052792298535272505	137.0	137
DLR00012733-2009-11-11_16-47-10	7	24	3410.0	1030.0	1538060.3413384401	48207.587727465805	102	43085.787836409429	5.5548296154354604e-05	75.0	94.0	98.0	71.0	90.0	96.0	0.022462605455204183	137.0	137
DLR00012733-2009-11-11_16-47-10	8	1	272.0	1171.0	1332704.8858754723	38546.081924585829	102	30062.681028942439	5.4982018977387082e-05	81.0	99.0	104.0	76.0	96.0	102.0	0.014336732053206356	137.0	137
DLR00012733-2009-11-11_16-47-10	8	2	409.0	1171.0	1176396.9336473267	42753.813297308385	102	41098.13552380466	7.0624580636216496e-05	83.0	102.0	106.0	76.0	97.0	103.0	0.03172713627659024	137.0	137
DLR00012733-2009-11-11_16-47-10	8	3	546.0	1167.0	838266.41892241593	29396.689435248853	102	30749.27597165828	9.7628391867085176e-05	85.0	105.0	109.0	78.0	99.0	105.0	0.020495833548988148	137.0	137
DLR00012733-2009-11-11_16-47-10	8	4	681.0	1173.0	2279470.3271052218	50649.624896821428	102	48864.794396136138	2.3428433248580644e-05	81.0	102.0	108.0	78.0	100.0	106.0	0.034159722581646915	137.0	137
DLR00012733-2009-11-11_16-47-10	8	5	820.0	1171.0	575936.59101495775	20206.021114477124	102	21320.115731090384	9.0074971714767101e-05	86.0	107.0	111.0	79.0	101.0	107.0	0.012421717302417059	137.0	137
DLR00012733-2009-11-11_16-47-10	8	6	957.0	1171.0	878396.19429636141	34915.023174783659	102	41596.794897504238	0.00010972043065523509	88.0	108.0	112.0	79.0	101.0	107.0	0.017338647067957146	137.0	137
DLR00012733-2009-11-11_16-47-10	8	7	1093.0	1172.0	1031731.5705708815	38087.310942747266	102	44581.131432554132	9.2737980168122952e-05	86.0	107.0	110.0	79.0	101.0	106.0	0.019667719062160343	137.0	137
DLR00012733-2009-11-11_16-47-10	8	8	1231.0	1171.0	3591367.1813053153	303396.96691699279	102	303980.79850528773	0.0001447767667719655	92.0	110.0	110.0	79.0	101.0	106.0	0.10910408363956317	137.0	137
DLR00012733-2009-11-11_16-47-10	8	9	1371.0	1166.0	722335.95673101803	25875.126970229532	102	30214.777728974077	0.00011589991577152367	88.0	108.0	111.0	80.0	101.0	106.0	0.0057968014077946278	137.0	137
DLR00012733-2009-11-11_16-47-10	8	10	1505.0	1171.0	39634.346048341184	1190.1843784788532	102	5901.491632326246	0.00011164095909026446	88.0	108.0	111.0	80.0	101.0	105.0	0.0	137.0	137
DLR00012733-2009-11-11_16-47-10	8	11	1636.0	1171.0	265302.40386108379	7563.7898540039105	102	14759.732561241357	8.1634290687384968e-05	87.0	106.0	108.0	80.0	101.0	105.0	0.00098338595310801724	137.0	137
DLR00012733-2009-11-11_16-47-10	8	12	1775.0	1167.0	890038.78344806167	32641.371434399727	102	40837.579981361829	0.00012436598116677343	89.0	108.0	110.0	80.0	100.0	104.0	0.0068837016717561202	137.0	137
DLR00012733-2009-11-11_16-47-10	8	13	1916.0	1171.0	168693.68536825216	715.98908005259409	102	2581.8651777555942	2.0932145549196849e-06	80.0	100.0	104.0	79.0	100.0	104.0	0.0	137.0	137
DLR00012733-2009-11-11_16-47-10	8	14	2052.0	1171.0	1207113.5518347912	42320.069656397522	102	46330.187213521007	9.271283937443594e-05	86.0	106.0	108.0	79.0	100.0	104.0	0.010040888152787123	137.0	137
DLR00012733-2009-11-11_16-47-10	8	15	2189.0	1171.0	929177.70017079858	32512.770761781696	102	37710.179208941874	8.3146592021241295e-05	86.0	105.0	107.0	79.0	100.0	104.0	0.010247916774494074	137.0	137
DLR00012733-2009-11-11_16-47-10	8	16	2326.0	1171.0	1435506.4709383571	50206.957706791094	102	55729.393845993429	6.6602585514588796e-05	84.0	104.0	106.0	79.0	100.0	104.0	0.02411883442885979	137.0	137
DLR00012733-2009-11-11_16-47-10	8	17	2463.0	1177.0	1505609.7205113606	56928.300297720765	102	64334.971732216334	7.5796831585437939e-05	84.0	104.0	107.0	78.0	100.0	104.0	0.02846643548470576	137.0	137
DLR00012733-2009-11-11_16-47-10	8	18	2600.0	1171.0	1032722.4292220899	35404.087143127101	102	47997.251892118882	8.7329088280590253e-05	84.0	104.0	108.0	78.0	100.0	105.0	0.012473474457843798	137.0	137
DLR00012733-2009-11-11_16-47-10	8	19	2738.0	1164.0	1810051.0410951814	34060.862503396507	102	39171.62838912935	2.304866092575689e-05	79.0	101.0	106.0	77.0	99.0	105.0	0.018011490088504736	137.0	137
DLR00012733-2009-11-11_16-47-10	8	20	2874.0	1171.0	412692.62822835252	16399.54085151407	102	25977.368703347558	0.00014307090128258106	87.0	108.0	112.0	76.0	99.0	105.0	0.0068837016717561202	137.0	137
DLR00012733-2009-11-11_16-47-10	8	21	3011.0	1171.0	1136514.8729361834	44986.429327768266	102	52054.729281679	0.00010471417573409443	84.0	104.0	109.0	76.0	98.0	104.0	0.016872832669116506	137.0	137
DLR00012733-2009-11-11_16-47-10	8	22	3145.0	1171.0	1267803.6442213138	48572.645883524187	102	53860.748668637789	9.5635879845884207e-05	81.0	101.0	106.0	74.0	96.0	102.0	0.016251746803995652	137.0	137
DLR00012733-2009-11-11_16-47-10	8	23	3281.0	1168.0	3193289.718182289	92422.675073117294	102	91507.517721204291	3.9064913028032469e-05	75.0	95.0	101.0	71.0	92.0	98.0	0.022617876921484394	137.0	137
DLR00012733-2009-11-11_16-47-10	8	24	3422.0	1170.0	1393394.9782619949	51104.23268076661	102	48054.135286240817	7.5966327014033064e-05	76.0	94.0	98.0	71.0	90.0	95.0	0.027017235132757104	137.0	137
DLR00012733-2009-11-11_16-47-10	9	1	286.0	1314.0	1876686.2853889551	67952.907117156152	102	61493.751842180696	7.2101031374960687e-05	82.0	100.0	105.0	76.0	96.0	102.0	0.029863878681227678	137.0	137
DLR00012733-2009-11-11_16-47-10	9	2	414.0	1310.0	362406.5516795197	13139.447047643263	102	11486.900155064208	0.00012400787837629231	85.0	105.0	110.0	76.0	97.0	103.0	0.0091610165105325807	137.0	137
DLR00012733-2009-11-11_16-47-10	9	3	562.0	1296.0	92645.283887997517	-111.3963022282895	102	-4768.5547885903607	-4.0304591979851543e-06	77.0	98.0	105.0	77.0	98.0	105.0	0.0	137.0	137
DLR00012733-2009-11-11_16-47-10	9	4	683.0	1308.0	1091678.5189689973	48946.287523367377	102	47388.208007707603	0.00011491931112070815	87.0	107.0	111.0	78.0	99.0	106.0	0.029449821437813779	137.0	137
DLR00012733-2009-11-11_16-47-10	9	5	820.0	1308.0	1271271.6495005435	43799.33087094879	102	46464.790921534186	6.7575151513340505e-05	84.5	105.0	109.0	78.0	101.0	107.0	0.023601262874592414	137.0	137
DLR00012733-2009-11-11_16-47-10	9	6	961.0	1312.0	3836604.6974794264	289525.39746560133	102	290142.3322246988	8.5555478692182616e-05	86.0	106.0	109.0	79.0	101.0	106.0	0.10573986853682521	137.0	137
DLR00012733-2009-11-11_16-47-10	9	7	1102.0	1306.0	1042383.3010713732	41198.320630727314	102	46931.255651251486	9.9922251371852258e-05	87.0	107.0	110.0	79.0	101.0	106.0	0.025619791936235186	137.0	137
DLR00012733-2009-11-11_16-47-10	9	8	1228.0	1313.0	1358467.2108068939	60793.70895987939	102	68369.236573117276	0.00010372258757287904	87.0	107.0	109.0	79.0	101.0	105.0	0.037316909062677914	137.0	137
DLR00012733-2009-11-11_16-47-10	9	9	1368.0	1308.0	1509325.4404533929	47874.040574342027	102	53107.406928231947	6.7621825846344091e-05	85.0	104.0	108.0	79.0	100.0	105.0	0.016458775425702604	137.0	137
DLR00012733-2009-11-11_16-47-10	9	10	1505.0	1308.0	1117440.8439004195	45721.029090951997	102	52037.521138838674	0.00010163152573610525	87.0	107.0	108.0	80.0	100.0	105.0	0.026965477977330368	137.0	137
DLR00012733-2009-11-11_16-47-10	9	11	1646.0	1305.0	3875495.8995393612	355331.66831407696	102	356520.79073520075	7.9916496286860388e-05	86.0	105.0	107.0	79.0	100.0	104.0	0.12111174369856632	137.0	137
DLR00012733-2009-11-11_16-47-10	9	12	1779.0	1308.0	2497211.5157082966	63727.587949600776	102	64735.014146181595	1.9361850075488289e-05	81.0	101.0	105.0	79.0	100.0	104.0	0.036178251643289687	137.0	137
DLR00012733-2009-11-11_16-47-10	9	13	1916.0	1308.0	1832097.6460845713	65361.557302868707	102	67207.81415745971	4.75659883088312e-05	83.0	103.0	105.0	79.0	100.0	104.0	0.041509238652243673	137.0	137
DLR00012733-2009-11-11_16-47-10	9	14	2054.0	1308.0	59699.233735313908	1224.1914751206948	102	6251.7553407382393	7.0267177323655335e-05	84.0	104.0	107.0	79.0	99.0	104.0	0.0	137.0	137
DLR00012733-2009-11-11_16-47-10	9	15	2189.0	1308.0	540017.96490864863	15966.408231686164	102	20728.703169043951	7.0227467969598731e-05	83.0	103.0	106.0	78.0	99.0	104.0	0.0040370581232855446	137.0	137
DLR00012733-2009-11-11_16-47-10	9	16	2326.0	1308.0	1040153.8691061538	37065.999379965033	102	43962.421466157357	7.9004273563320642e-05	84.0	104.0	107.0	78.0	99.0	104.0	0.017286889912530409	137.0	137
DLR00012733-2009-11-11_16-47-10	9	17	2464.0	1307.0	1547225.7838621188	53475.126211789124	102	60062.89623271551	6.6838561662692388e-05	83.0	103.0	106.0	78.0	99.0	104.0	0.02525749184824802	137.0	137
DLR00012733-2009-11-11_16-47-10	9	18	2600.0	1308.0	2803634.5535945348	232805.72526134684	102	236491.99287426076	0.00016776078254172741	90.0	109.0	109.0	77.0	99.0	104.0	0.09362869416696859	137.0	137
DLR00012733-2009-11-11_16-47-10	9	19	2737.0	1308.0	1277216.8014077949	52544.291939567505	102	60944.309139186553	9.6078758577654804e-05	84.0	104.0	108.0	77.0	99.0	105.0	0.027741835308731432	137.0	137
DLR00012733-2009-11-11_16-47-10	9	20	2874.0	1307.0	67130.673619377878	2172.0018786160845	102	9774.3401073910736	0.00012954839835808903	85.0	106.0	112.0	76.0	98.0	104.0	0.0	137.0	137
DLR00012733-2009-11-11_16-47-10	9	21	3009.0	1308.0	2780101.6606283318	115634.10765333219	102	117972.77427021226	6.1829079547107352e-05	80.0	101.0	106.0	75.0	97.0	104.0	0.043527767713886445	137.0	137
DLR00012733-2009-11-11_16-47-10	9	22	3148.0	1307.0	1414946.1539257802	57505.327915203954	102	61369.023896664192	8.7021524529682918e-05	80.0	100.0	105.0	73.0	95.0	102.0	0.024429377361420215	137.0	137
DLR00012733-2009-11-11_16-47-10	9	23	3285.0	1307.0	384205.44200610736	15304.726509458342	102	20219.869182064554	0.00013543568216082598	81.0	100.0	105.0	72.0	92.0	98.0	0.0047616582992598723	137.0	137
DLR00012733-2009-11-11_16-47-10	9	24	3416.0	1309.0	1567290.6715490916	66006.183993710729	102	62739.080602916292	0.0001033239358473225	78.0	95.0	98.0	70.0	89.0	95.0	0.028311164018425549	137.0	137
DLR00012733-2009-11-11_16-47-10	10	1	281.0	1449.0	732739.97256870754	27860.679034060347	102	21018.111795602421	0.00012309066370472235	85.0	103.0	107.0	76.0	96.0	102.0	0.0096785880647999589	137.0	137
DLR00012733-2009-11-11_16-47-10	10	2	413.0	1447.0	1422873.0231354486	52592.591231061771	102	50364.957009770951	6.4008463083955732e-05	82.0	101.0	105.0	76.0	97.0	103.0	0.032762279385124993	137.0	137
DLR00012733-2009-11-11_16-47-10	10	3	552.0	1441.0	3101883.0076083019	277599.87951082294	102	276592.59471617872	0.0001326912545024091	89.0	106.0	109.0	77.0	98.0	104.0	0.1102427410589514	137.0	137
DLR00012733-2009-11-11_16-47-10	10	4	683.0	1446.0	1115706.8412608041	43372.004497655878	102	44194.564837459831	8.6179574018589974e-05	85.0	105.0	109.0	78.0	99.0	105.0	0.026085606335075825	137.0	137
DLR00012733-2009-11-11_16-47-10	10	5	823.0	1447.0	2403575.3731690901	81067.600962481243	102	82541.669390125564	4.3227506396463043e-05	83.0	103.0	108.0	78.0	100.0	106.0	0.03726515190725118	137.0	137
DLR00012733-2009-11-11_16-47-10	10	6	957.0	1445.0	906140.23653020023	30142.453792028839	102	35527.867432516119	5.6607930988365625e-05	83.0	104.0	109.0	79.0	101.0	106.0	0.018736090264479064	137.0	137
DLR00012733-2009-11-11_16-47-10	10	7	1094.0	1445.0	995317.51513896801	33440.347126716872	102	40465.64302822762	6.5381691066870236e-05	84.0	104.0	108.0	78.0	100.0	106.0	0.018477304487345376	137.0	137
DLR00012733-2009-11-11_16-47-10	10	8	1229.0	1446.0	1229655.5861497852	47363.56985285462	102	55057.174844132227	9.5072134964434106e-05	86.0	106.0	109.0	79.0	100.0	105.0	0.021582733812949641	137.0	137
DLR00012733-2009-11-11_16-47-10	10	9	1368.0	1445.0	2175925.5980539308	85393.678511340535	102	89918.569755828183	5.2507425295670037e-05	83.0	103.0	106.0	79.0	100.0	105.0	0.061228714869830753	137.0	137
DLR00012733-2009-11-11_16-47-10	10	10	1510.0	1442.0	1365898.6506909581	52727.56627811549	102	57914.625209622929	8.2090357651039584e-05	86.0	105.0	107.0	79.0	100.0	104.0	0.03058847885720201	137.0	137
DLR00012733-2009-11-11_16-47-10	10	11	1642.0	1445.0	1237087.026033849	43953.027070549018	102	50758.295162659866	8.205347677520823e-05	85.0	105.0	107.0	79.0	100.0	104.0	0.023911805807152839	137.0	137
DLR00012733-2009-11-11_16-47-10	10	12	1779.0	1445.0	1332209.456549868	47009.292064742804	102	52128.475758117209	6.864806339694485e-05	84.0	104.0	106.0	79.0	100.0	104.0	0.023497748563738936	137.0	137
DLR00012733-2009-11-11_16-47-10	10	13	1918.0	1448.0	773117.46260545519	29030.901805098856	102	33417.601354381899	0.00011234563798614854	87.0	106.0	108.0	79.0	99.0	103.0	0.010661974017907977	137.0	137
DLR00012733-2009-11-11_16-47-10	10	14	2043.0	1440.0	1430304.4630195124	44140.758086957067	102	47917.522806837187	5.2978977457270749e-05	82.0	102.0	105.0	78.0	99.0	103.0	0.019150147507892967	137.0	137
DLR00012733-2009-11-11_16-47-10	10	15	2192.0	1449.0	1382000.1037730966	50623.19025148428	102	59599.632422216986	6.9669580738636867e-05	83.0	103.0	105.0	78.0	99.0	103.0	0.022824905543191346	137.0	137
DLR00012733-2009-11-11_16-47-10	10	16	2318.0	1442.0	974757.19812639104	41083.944721421154	102	50367.277720498685	0.0001221049640220535	86.0	106.0	108.0	78.0	99.0	103.0	0.014647274985766782	137.0	137
DLR00012733-2009-11-11_16-47-10	10	17	2460.0	1446.0	2898756.9841105537	121218.17382581216	102	124638.39187359782	5.6354007928080748e-05	81.0	101.0	105.0	77.0	98.0	103.0	0.03726515190725118	137.0	137
DLR00012733-2009-11-11_16-47-10	10	18	2600.0	1444.0	1056998.4661766989	49258.07673942238	102	62371.393015436683	0.00014510349770631911	87.0	107.0	110.0	77.0	98.0	104.0	0.016614046891982818	137.0	137
DLR00012733-2009-11-11_16-47-10	10	19	2732.0	1442.0	1407266.999378914	64424.229920410005	102	73736.147923046898	0.00012988769277686151	86.0	106.0	109.0	76.0	98.0	104.0	0.023808291496299365	137.0	137
DLR00012733-2009-11-11_16-47-10	10	20	2866.0	1443.0	1310162.8515604781	55645.284185744094	102	64994.222618079628	0.00010143972319607277	83.0	104.0	108.0	76.0	98.0	104.0	0.027224263754464056	137.0	137
DLR00012733-2009-11-11_16-47-10	10	21	3004.0	1444.0	987142.93126649759	42638.782849951771	102	50881.703819554241	0.00013430704873054069	85.0	105.0	109.0	75.0	97.0	103.0	0.017079861290823457	137.0	137
DLR00012733-2009-11-11_16-47-10	10	22	3146.0	1441.0	3389975.1604471817	365357.65366195538	102	367058.35009536223	0.00023810198695186973	91.0	109.0	109.0	73.0	94.0	101.0	0.10134051032555251	137.0	137
DLR00012733-2009-11-11_16-47-10	10	23	3283.0	1445.0	1616585.8894467158	72471.868061418689	102	76257.215697326086	0.00011288269123683605	79.0	98.0	102.0	71.0	91.0	97.0	0.031778893432016973	137.0	137
DLR00012733-2009-11-11_16-47-10	10	24	3413.0	1443.0	1641109.6410641267	62414.583845089212	102	59156.094776713035	7.9424075786058707e-05	76.0	93.0	97.0	70.0	89.0	94.0	0.02525749184824802	137.0	137
DLR00012733-2009-11-11_16-47-10	11	1	272.0	1582.0	1106789.1133999277	39777.439562910695	102	29742.447471867625	9.2337365198882861e-05	83.0	101.0	105.0	77.0	96.0	101.0	0.019408933285026655	137.0	137
DLR00012733-2009-11-11_16-47-10	11	2	412.0	1582.0	2747403.3251384511	90167.210140208423	102	86827.20978716157	3.1772841889675168e-05	79.0	98.0	104.0	75.0	96.0	102.0	0.058226799855079968	137.0	137
DLR00012733-2009-11-11_16-47-10	11	3	558.0	1582.0	2658969.1905180896	130679.82671743717	102	128535.38479968881	7.61998047162676e-05	83.0	103.0	107.0	76.0	97.0	104.0	0.065835101702810414	137.0	137
DLR00012733-2009-11-11_16-47-10	11	4	687.0	1580.0	1517747.7389886649	61123.633917275511	102	60884.321736167643	6.8662847705380095e-05	83.0	103.0	108.0	78.0	99.0	105.0	0.041457481496816932	137.0	137
DLR00012733-2009-11-11_16-47-10	11	5	829.0	1587.0	2814038.5694322237	272067.34750037012	102	273523.98352814489	0.0001971041852070806	94.0	113.0	112.0	78.0	100.0	106.0	0.11702292841985404	137.0	137
DLR00012733-2009-11-11_16-47-10	11	6	957.0	1582.0	402784.0417162673	17335.514290191099	102	25186.446496495992	0.00014862467566902188	89.0	110.0	114.0	78.0	100.0	106.0	0.014077946276072667	137.0	137
DLR00012733-2009-11-11_16-47-10	11	7	1101.0	1583.0	2812304.5667926092	255967.69235206561	102	258804.18180856347	0.00021543650145702708	95.0	113.0	113.0	78.0	100.0	105.0	0.10589514000310543	137.0	137
DLR00012733-2009-11-11_16-47-10	11	8	1235.0	1585.0	1470681.95305626	60467.973918940304	102	66023.562637297015	8.6772242159765997e-05	85.0	104.0	108.0	78.0	99.0	104.0	0.034418508358780603	137.0	137
DLR00012733-2009-11-11_16-47-10	11	9	1381.0	1583.0	2490275.5051498371	59845.977949740663	102	61435.594836854951	2.698627075329977e-05	80.0	101.0	105.0	78.0	99.0	104.0	0.021065162258682261	137.0	137
DLR00012733-2009-11-11_16-47-10	11	10	1509.0	1573.0	868239.89312147396	33817.446134307109	102	39695.043626047671	0.00010485852911658699	86.0	105.0	108.0	78.0	99.0	104.0	0.013353346100098338	137.0	137
DLR00012733-2009-11-11_16-47-10	11	11	1653.0	1587.0	1002996.6696858341	38535.279040498164	102	45288.45674757706	8.5034577134378454e-05	84.0	104.0	106.0	78.0	99.0	103.0	0.021272190880389213	137.0	137
DLR00012733-2009-11-11_16-47-10	11	12	1778.0	1585.0	39634.346048341184	1164.4836281054349	102	5776.580802012304	0.00011410832359927831	85.5	105.5	109.0	77.0	99.0	103.0	0.00010351431085347549	137.0	137
DLR00012733-2009-11-11_16-47-10	11	13	1916.0	1582.0	1506600.579162569	65836.23767833288	102	69070.057786404941	9.5899545028310689e-05	85.0	104.0	106.0	77.0	98.0	103.0	0.029139278505253351	137.0	137
DLR00012733-2009-11-11_16-47-10	11	14	2053.0	1582.0	1363916.933388541	51946.493132548829	102	56905.381760019329	7.1348236046402444e-05	83.0	102.0	105.0	77.0	98.0	103.0	0.029346307126960302	137.0	137
DLR00012733-2009-11-11_16-47-10	11	15	2189.0	1581.0	1504618.8618601521	48519.148306585499	102	54441.746862151587	5.4356106227982241e-05	81.0	101.0	104.0	77.0	98.0	103.0	0.024532891672273693	137.0	137
DLR00012733-2009-11-11_16-47-10	11	16	2326.0	1581.0	888800.21013405104	33562.444299492337	102	42685.700979607667	8.0141006969432888e-05	83.0	102.0	105.0	77.0	98.0	103.0	0.017700947155944308	137.0	137
DLR00012733-2009-11-11_16-47-10	11	17	2463.0	1581.0	1112981.9799699809	42651.525195800707	102	52573.326143988088	9.330875176433982e-05	83.0	102.0	106.0	76.0	97.0	103.0	0.020961647947828788	137.0	137
DLR00012733-2009-11-11_16-47-10	11	18	2600.0	1581.0	1163020.3418560114	51347.805628810514	102	60806.938016448024	0.00011050070831138231	84.0	103.0	107.0	76.0	97.0	103.0	0.022307333988923969	137.0	137
DLR00012733-2009-11-11_16-47-10	11	19	2737.0	1581.0	742153.12975518859	30700.704116101144	102	40480.381317632346	0.00012961299159629548	85.0	105.0	109.0	76.0	97.0	103.0	0.0097821023756534346	137.0	137
DLR00012733-2009-11-11_16-47-10	11	20	2870.0	1581.0	3063239.520211169	361867.88846348901	102	365500.55385591584	0.00041632398036938666	106.0	123.0	121.0	75.0	97.0	103.0	0.099114952642202783	137.0	137
DLR00012733-2009-11-11_16-47-10	11	21	3011.0	1583.0	2703062.4004968689	165351.60991058854	102	166781.52342866897	0.00011486982045284237	84.0	103.0	106.0	74.0	96.0	102.0	0.086952021116919409	137.0	137
DLR00012733-2009-11-11_16-47-10	11	22	3147.0	1581.0	1206865.837171989	49590.636067654246	102	54493.875903577631	9.0372193073107437e-05	80.0	99.0	104.0	73.0	94.0	100.0	0.022566119766057657	137.0	137
DLR00012733-2009-11-11_16-47-10	11	23	3283.0	1585.0	1297529.4037575696	42310.322889310424	102	46532.471397948204	6.7908200476922201e-05	75.0	94.0	99.0	71.0	90.0	97.0	0.01537187516174111	137.0	137
DLR00012733-2009-11-11_16-47-10	11	24	3410.0	1583.0	1785279.574814968	66204.522130899655	102	62063.925322725925	6.6803341728768578e-05	75.0	92.0	96.0	69.0	88.0	94.0	0.036540551731276849	137.0	137
DLR00012733-2009-11-11_16-47-10	12	1	272.0	1719.0	1077558.7831892758	42293.171747242683	102	33015.560187482297	0.00010077082588039921	83.0	101.0	104.0	76.0	95.0	100.0	0.019357176129599918	137.0	137
DLR00012733-2009-11-11_16-47-10	12	2	411.0	1723.0	3438279.5196935982	374374.59466379177	102	374782.82426173787	0.00021545837708552274	93.0	108.0	108.0	75.0	95.0	101.0	0.12463123026758449	137.0	137
DLR00012733-2009-11-11_16-47-10	12	3	546.0	1719.0	1243032.1779411004	49856.449887800874	102	50156.729245301169	8.5182248429190914e-05	83.0	102.0	106.0	76.0	96.0	103.0	0.034884322757621239	137.0	137
DLR00012733-2009-11-11_16-47-10	12	4	686.0	1717.0	896479.36468091712	40429.644914527555	102	39801.576697274788	0.00011934836890080453	86.0	106.0	110.0	77.0	98.0	104.0	0.029915635836654419	137.0	137
DLR00012733-2009-11-11_16-47-10	12	5	823.0	1721.0	864771.88784224424	42095.779456614888	102	46023.917257197747	0.00013682055130375713	88.0	108.0	112.0	78.0	99.0	105.0	0.031934164898297188	137.0	137
DLR00012733-2009-11-11_16-47-10	12	6	961.0	1725.0	1031483.8559080793	50189.455222273136	102	56310.548401285923	0.00014326000301854045	89.0	108.0	111.0	78.0	100.0	105.0	0.027483049531597744	137.0	137
DLR00012733-2009-11-11_16-47-10	12	7	1101.0	1721.0	2797441.6870244811	254939.47943017719	102	259545.71762145011	0.00017061675933511714	91.0	110.0	110.0	77.0	99.0	105.0	0.12302675844935562	137.0	137
DLR00012733-2009-11-11_16-47-10	12	8	1233.0	1717.0	932397.99078722636	38540.710264324116	102	47231.511584408967	0.0001126307016874586	86.0	105.0	108.0	78.0	99.0	104.0	0.026033849179649085	137.0	137
DLR00012733-2009-11-11_16-47-10	12	9	1368.0	1719.0	754786.57755809743	32618.683949931983	102	40182.018349259379	0.00014008077424028435	87.0	107.0	109.0	77.0	98.0	103.0	0.014957817918327209	137.0	137
DLR00012733-2009-11-11_16-47-10	12	10	1499.0	1718.0	1247243.3272087364	47729.62408234027	102	52642.22912608162	7.5127400837654858e-05	83.0	102.0	106.0	77.0	98.0	103.0	0.028828735572692925	137.0	137
DLR00012733-2009-11-11_16-47-10	12	11	1636.0	1719.0	1182589.80021738	44008.49845448853	102	49392.507685997036	8.9193565167301167e-05	84.0	103.0	106.0	77.0	98.0	103.0	0.021738005279229852	137.0	137
DLR00012733-2009-11-11_16-47-10	12	12	1779.0	1722.0	1113972.8386211894	37288.109933786378	102	40454.834272978405	6.3480796842362217e-05	82.0	101.0	105.0	77.0	97.0	102.0	0.021065162258682261	137.0	137
DLR00012733-2009-11-11_16-47-10	12	13	1916.0	1718.0	1138496.5902386005	44189.528410769213	102	50319.320739486597	8.9211190421311176e-05	83.0	103.0	105.0	76.0	97.0	102.0	0.01909839035246623	137.0	137
DLR00012733-2009-11-11_16-47-10	12	14	2050.0	1717.0	1013152.9708607214	41568.071982135516	102	48627.14988725583	0.00011000814267925903	84.0	103.0	106.0	76.0	97.0	102.0	0.02085813363697531	137.0	137
DLR00012733-2009-11-11_16-47-10	12	15	2185.0	1718.0	1481829.1128823559	57566.717104216586	102	61051.028230789198	6.4042981613796087e-05	81.0	100.0	104.0	76.0	97.0	102.0	0.036126494487862947	137.0	137
DLR00012733-2009-11-11_16-47-10	12	16	2326.0	1718.0	2876958.0937839658	257123.48595691044	102	260122.52148858082	0.00022721809277844227	93.0	111.0	110.0	76.0	97.0	102.0	0.096009523316598525	137.0	137
DLR00012733-2009-11-11_16-47-10	12	17	2461.0	1716.0	1246747.8978831321	62503.460236063751	102	70584.078507429949	0.00013449426667269695	85.0	104.0	107.0	76.0	96.0	102.0	0.029812121525800941	137.0	137
DLR00012733-2009-11-11_16-47-10	12	18	2600.0	1718.0	1128092.5744009109	44588.279860496572	102	52819.803197315639	8.1962432752629601e-05	81.0	101.0	105.0	75.0	96.0	102.0	0.025153977537394547	137.0	137
DLR00012733-2009-11-11_16-47-10	12	19	2736.0	1718.0	2667886.9183789655	123286.23465059929	102	127907.73172681034	6.6227763382180387e-05	79.0	100.0	104.0	74.0	96.0	102.0	0.048548211790280009	137.0	137
DLR00012733-2009-11-11_16-47-10	12	20	2874.0	1718.0	1202654.6879043528	50368.835680401971	102	58373.134470502409	0.000107816071925353	82.0	102.0	107.0	75.0	96.0	102.0	0.024791677449407381	137.0	137
DLR00012733-2009-11-11_16-47-10	12	21	3011.0	1718.0	180088.55985715025	1014.0184696328731	102	-2457.6737463958511	-5.664108991681834e-07	74.0	94.0	102.0	74.0	94.0	102.0	0.0	137.0	137
DLR00012733-2009-11-11_16-47-10	12	22	3140.0	1713.0	1163515.7711816158	39426.089101711077	102	41594.261597905279	7.2954925719685593e-05	78.0	97.0	102.0	72.0	93.0	99.0	0.015164846540034159	137.0	137
DLR00012733-2009-11-11_16-47-10	12	23	3285.0	1717.0	1738213.7888825629	73195.590481576699	102	74551.536221808623	8.2500162916701152e-05	76.0	94.0	98.0	69.0	89.0	95.0	0.029294549971533565	137.0	137
DLR00012733-2009-11-11_16-47-10	12	24	3408.0	1715.0	1853648.8217483568	75560.564357534706	102	72905.84107157019	8.232302466133312e-05	75.0	91.0	95.0	69.0	87.0	93.0	0.034884322757621239	137.0	137
DLR00012733-2009-11-11_16-47-10	13	1	295.0	1858.0	1080035.9298172973	43341.125088319925	102	34912.618410696858	0.00010898099570000601	84.0	100.0	103.0	74.0	93.0	99.0	0.017959732933077999	137.0	137
DLR00012733-2009-11-11_16-47-10	13	2	418.0	1865.0	1006464.6749650639	45527.419015334548	102	42064.746055306772	0.00011142218489736991	83.0	100.0	104.0	74.0	93.0	100.0	0.033176336628538895	137.0	137
DLR00012733-2009-11-11_16-47-10	13	3	554.0	1860.0	3635212.6766212927	439883.53679118218	102	439679.04657144548	0.0002803800974707436	97.0	112.0	111.0	75.0	95.0	101.0	0.12587340199782621	137.0	137
DLR00012733-2009-11-11_16-47-10	13	4	688.0	1862.0	2916840.1544951089	332598.78502612875	102	332355.09884533478	0.00033248642048679539	102.0	118.0	116.0	76.0	97.0	103.0	0.11246829874230112	137.0	137
DLR00012733-2009-11-11_16-47-10	13	5	837.0	1860.0	1126606.2864240981	50729.037974761646	102	51140.998138299125	0.0001245399484063482	87.0	106.0	110.0	77.0	98.0	104.0	0.029760364370374204	137.0	137
DLR00012733-2009-11-11_16-47-10	13	6	963.0	1862.0	1271271.6495005435	49784.442329279154	102	52479.954709025391	7.953826056099415e-05	84.0	103.0	107.0	77.0	98.0	104.0	0.027120749443610578	137.0	137
DLR00012733-2009-11-11_16-47-10	13	7	1108.0	1864.0	1227673.8688473683	59858.309659933999	102	68058.944799542485	0.00012493492467376577	86.0	106.0	108.0	77.0	98.0	104.0	0.038196780704932459	137.0	137
DLR00012733-2009-11-11_16-47-10	13	8	1231.0	1856.0	1089696.8016665804	43901.490903255646	102	52813.752027449904	9.8908640945908756e-05	84.0	103.0	106.0	77.0	98.0	103.0	0.027638320997877958	137.0	137
DLR00012733-2009-11-11_16-47-10	13	9	1377.0	1857.0	1179121.7949381503	52798.013176065891	102	58146.445501657327	9.4902028911758452e-05	83.0	103.0	106.0	76.0	97.0	102.0	0.034677294135914291	137.0	137
DLR00012733-2009-11-11_16-47-10	13	10	1514.0	1850.0	64653.526991356557	996.27286830733544	102	4490.2346183937771	1.9500184703133569e-05	77.0	98.0	103.0	76.0	97.0	102.0	0.00062108586512085295	137.0	137
DLR00012733-2009-11-11_16-47-10	13	11	1642.0	1855.0	1476874.8196263134	55563.232602570482	102	59348.306118922366	6.0098692308378729e-05	81.0	100.0	103.0	76.0	96.0	101.0	0.037937994927798771	137.0	137
DLR00012733-2009-11-11_16-47-10	13	12	1779.0	1855.0	886818.49283163389	41987.248514503408	102	47835.684744334605	0.00012479534822752768	85.0	104.0	106.0	76.0	96.0	101.0	0.027948863930438383	137.0	137
DLR00012733-2009-11-11_16-47-10	13	13	1916.0	1855.0	2441228.0019150143	154848.9392198305	102	156112.31558257376	0.00010148757942841082	84.0	102.0	104.0	75.0	96.0	101.0	0.087624864137467007	137.0	137
DLR00012733-2009-11-11_16-47-10	13	14	2053.0	1855.0	3350093.0997360381	321108.42827154766	102	323618.53711648408	0.00013652730519102924	86.0	104.0	104.0	75.0	96.0	100.0	0.11019098390352466	137.0	137
DLR00012733-2009-11-11_16-47-10	13	15	2190.0	1855.0	1336668.3204803062	66726.56504813979	102	72180.735739592623	0.00011839556741336204	83.0	102.0	104.0	75.0	95.0	100.0	0.04269965322705864	137.0	137
DLR00012733-2009-11-11_16-47-10	13	16	2326.0	1855.0	682453.89601987472	25909.077124973461	102	33489.018187366608	0.00010667732851806785	82.0	101.0	105.0	75.0	95.0	101.0	0.0086952021116919413	137.0	137
DLR00012733-2009-11-11_16-47-10	13	17	2468.0	1858.0	2676804.6462398423	113753.89180495757	102	117342.13710851067	6.8285916791477845e-05	79.0	99.0	103.0	74.0	95.0	101.0	0.045028725221261841	137.0	137
DLR00012733-2009-11-11_16-47-10	13	18	2597.0	1857.0	891772.78608767653	39140.863686948993	102	46393.626360997725	0.00013014824284241573	83.0	103.0	106.0	74.0	95.0	101.0	0.017545675689664097	137.0	137
DLR00012733-2009-11-11_16-47-10	13	19	2744.0	1854.0	3288412.1486983076	356063.15623662627	102	358892.22843137372	0.00018881654542571803	89.0	107.0	107.0	74.0	95.0	101.0	0.10346255369804876	137.0	137
DLR00012733-2009-11-11_16-47-10	13	20	2874.0	1855.0	1288611.6758966928	63119.526438590008	102	71155.014782776852	0.00012996373040846315	83.0	102.0	106.0	74.0	95.0	101.0	0.032710522229698259	137.0	137
DLR00012733-2009-11-11_16-47-10	13	21	3011.0	1855.0	1514775.1630350396	74149.303808494718	102	76406.247021704301	0.0001101227450531956	81.0	100.0	104.0	73.0	93.0	100.0	0.034884322757621239	137.0	137
DLR00012733-2009-11-11_16-47-10	13	22	3141.0	1857.0	984913.49930127827	40675.175221569494	102	42388.657574133926	0.00011031628357460361	79.0	97.0	102.0	71.0	91.0	98.0	0.015009575073753946	137.0	137
DLR00012733-2009-11-11_16-47-10	13	23	3285.0	1855.0	2854416.0594689716	146181.98377590961	102	145588.8157703433	8.4144910433552576e-05	75.0	92.0	96.0	68.0	87.0	94.0	0.066611459034211479	137.0	137
DLR00012733-2009-11-11_16-47-10	13	24	3422.0	1855.0	1842501.6619222609	81105.443764479627	102	78584.654125381887	0.00010122211908718857	76.0	91.0	95.0	70.0	87.0	92.0	0.039128409502613738	137.0	137
DLR00012733-2009-11-11_16-47-10	14	1	297.0	1995.0	1319823.7234097612	44999.116906745177	102	37498.056491247182	6.2659836286813031e-05	80.0	96.0	100.0	74.0	92.0	98.0	0.02137570519124269	137.0	137
DLR00012733-2009-11-11_16-47-10	14	2	424.0	1996.0	1130074.291703328	45946.373600098901	102	41474.079565358181	8.3749432948422353e-05	79.0	97.0	102.0	72.0	91.0	98.0	0.035712437244449044	137.0	137
DLR00012733-2009-11-11_16-47-10	14	3	546.0	1993.0	120637.04078463848	1069.9218961567331	102	-5277.0093450612703	-2.090883733746468e-06	75.0	94.0	101.0	74.0	93.0	100.0	0.0	137.0	137
DLR00012733-2009-11-11_16-47-10	14	4	688.0	1997.0	2465504.038869624	123091.82010858975	102	121793.23939400462	6.8270336019116227e-05	82.0	100.0	105.0	75.0	95.0	102.0	0.095284923140624186	137.0	137
DLR00012733-2009-11-11_16-47-10	14	5	830.0	1992.0	1150882.3233787068	43777.115936026974	102	45366.535447934257	7.1433747779045911e-05	82.0	101.0	106.0	76.0	97.0	103.0	0.029863878681227678	137.0	137
DLR00012733-2009-11-11_16-47-10	14	6	965.0	1995.0	2952511.0659386162	306312.67621862137	102	308479.21405073314	0.0002775109943185823	97.0	114.0	113.0	76.0	97.0	103.0	0.14554112105998654	137.0	137
DLR00012733-2009-11-11_16-47-10	14	7	1103.0	1988.0	787732.62771078106	33901.755365443241	102	40765.885570251325	9.8529418715988888e-05	82.0	102.0	106.0	75.0	97.0	102.0	0.024688163138553904	137.0	137
DLR00012733-2009-11-11_16-47-10	14	8	1231.0	1992.0	3159600.5240411987	418920.42006322037	102	420975.39292471786	0.00046231481906845598	108.0	124.0	120.0	75.0	96.0	102.0	0.15175197971119508	137.0	137
DLR00012733-2009-11-11_16-47-10	14	9	1372.0	1997.0	3150435.0815175199	323751.14510181034	102	326141.58898462221	0.00019828147477478328	90.0	107.0	106.0	74.0	95.0	100.0	0.13606956161689354	137.0	137
DLR00012733-2009-11-11_16-47-10	14	10	1513.0	1992.0	620525.23031934176	29294.83449927099	102	38307.437328401065	0.00015072005391115928	85.0	104.0	107.0	74.0	95.0	100.0	0.021996791056363544	137.0	137
DLR00012733-2009-11-11_16-47-10	14	11	1642.0	1992.0	2438007.7112985877	83346.740309897039	102	85982.105622960793	4.056496219869761e-05	77.0	97.0	101.0	74.0	95.0	100.0	0.041923295895657575	137.0	137
DLR00012733-2009-11-11_16-47-10	14	12	1779.0	1992.0	2207385.3602298014	69108.958424818862	102	72941.341332404598	3.5193819293932305e-05	77.0	97.0	101.0	74.0	94.0	99.0	0.048444697479426528	137.0	137
DLR00012733-2009-11-11_16-47-10	14	13	1916.0	1992.0	109242.16629574038	1236.4175233323679	102	7781.4285979030974	1.4317001282683483e-05	74.0	95.0	100.0	73.0	94.0	99.0	5.1757155426737743e-05	137.0	137
DLR00012733-2009-11-11_16-47-10	14	14	2051.0	1996.0	1299015.691734382	60755.595649538838	102	68307.593230804589	0.0001064033078308752	81.0	100.0	103.0	73.0	94.0	99.0	0.03333160809481911	137.0	137
DLR00012733-2009-11-11_16-47-10	14	15	2190.0	1992.0	1270033.0761865329	64010.227169173973	102	75654.401441596288	0.00013414367366768843	82.0	101.0	103.0	73.0	94.0	99.0	0.035401894311888615	137.0	137
DLR00012733-2009-11-11_16-47-10	14	16	2326.0	1994.0	1237334.7406966512	61781.137728724054	102	70165.653287647758	0.00011988163576367247	81.0	100.0	103.0	73.0	93.0	98.0	0.038766109414626569	137.0	137
DLR00012733-2009-11-11_16-47-10	14	17	2462.0	1994.0	1745892.9434294291	74000.074247648939	102	80667.967405006202	7.970714711236198e-05	79.0	98.0	101.0	73.0	93.0	99.0	0.045546296775529217	137.0	137
DLR00012733-2009-11-11_16-47-10	14	18	2607.0	1991.0	1723846.3384400392	89715.397998074564	102	96472.541927831975	0.00012874423606699836	82.0	101.0	104.0	73.0	94.0	99.0	0.047720097303452204	137.0	137
DLR00012733-2009-11-11_16-47-10	14	19	2738.0	1984.0	1372586.9465866154	78471.113402732561	102	85353.944986673872	0.00012506897270591851	82.0	101.0	103.0	73.0	94.0	100.0	0.046063868329796594	137.0	137
DLR00012733-2009-11-11_16-47-10	14	20	2865.0	1992.0	819935.53387505817	39070.718205265825	102	47337.819975970982	0.00013916016297661429	82.0	101.0	105.0	73.0	93.0	99.0	0.022307333988923969	137.0	137
DLR00012733-2009-11-11_16-47-10	14	21	3011.0	1992.0	790457.4890016045	26796.350228733845	102	22878.861737639891	1.2020276358338388e-05	73.0	93.0	99.0	71.0	91.0	98.0	0.016148232493142178	137.0	137
DLR00012733-2009-11-11_16-47-10	14	22	3142.0	1992.0	1396367.5542156203	52318.403573659321	102	46792.401769366377	8.3059936891396094e-05	76.0	94.0	99.0	70.0	89.0	96.0	0.02525749184824802	137.0	137
DLR00012733-2009-11-11_16-47-10	14	23	3281.0	1987.0	2704796.4031364839	130074.73919346354	102	129281.64625141209	7.932945429302823e-05	73.0	90.0	95.0	66.0	85.0	92.0	0.062884943843486363	137.0	137
DLR00012733-2009-11-11_16-47-10	14	24	3408.0	1993.0	1702295.1627762537	75912.273611876662	102	78221.266111535253	9.2673579907433012e-05	74.0	89.0	92.0	68.0	85.0	90.0	0.04430412504528751	137.0	137
DLR00012733-2009-11-11_16-47-10	15	1	301.0	2119.0	1373082.3759122198	40066.898415084128	102	32159.087317594131	5.2239909001319094e-05	80.0	96.0	100.0	75.0	93.0	98.0	0.014906060762900471	137.0	137
DLR00012733-2009-11-11_16-47-10	15	2	421.0	2129.0	1248977.3298483514	50855.707429809096	102	47435.342221665203	8.7070876698509245e-05	80.0	97.0	102.0	73.0	91.0	98.0	0.034522022669634077	137.0	137
DLR00012733-2009-11-11_16-47-10	15	3	551.0	2128.0	1299263.4063971844	11555.919435479213	102	5462.4968337091441	1.1435337906224647e-06	74.0	94.0	101.0	74.0	93.0	101.0	0.014388489208633094	137.0	137
DLR00012733-2009-11-11_16-47-10	15	4	692.0	2130.0	1563574.9516070595	67000.888910708934	102	68398.929454866971	7.8079036319768437e-05	82.0	101.0	106.0	76.0	96.0	103.0	0.041819781584804101	137.0	137
DLR00012733-2009-11-11_16-47-10	15	5	836.0	2126.0	1192746.1013922675	55027.338889391925	102	59806.220231074796	9.6197234115338607e-05	82.0	101.0	106.0	75.0	96.0	103.0	0.037523937684384868	137.0	137
DLR00012733-2009-11-11_16-47-10	15	6	966.0	2133.0	1476874.8196263134	72910.532896952223	102	78728.336484135463	9.8670976324872445e-05	82.0	100.0	105.0	75.0	95.0	102.0	0.04823766885771958	137.0	137
DLR00012733-2009-11-11_16-47-10	15	7	1110.0	2121.0	1113725.1239583872	51157.32383034379	102	59662.593109559079	0.00010337217892796297	81.0	101.0	105.0	75.0	95.0	102.0	0.034366751203353862	137.0	137
DLR00012733-2009-11-11_16-47-10	15	8	1231.0	2129.0	1378036.6691682627	61872.811447234308	102	69409.811221867203	9.1129631908753433e-05	80.0	99.0	104.0	74.0	95.0	101.0	0.044097096423580562	137.0	137
DLR00012733-2009-11-11_16-47-10	15	9	1382.0	2129.0	1224701.2928937424	57115.382582354068	102	68483.142479740753	0.00010717000883859624	80.0	99.0	104.0	73.0	94.0	100.0	0.037730966306091816	137.0	137
DLR00012733-2009-11-11_16-47-10	15	10	1509.0	2126.0	1840519.9446198437	82401.506005802279	102	89756.915435797389	7.6352986961246403e-05	77.0	97.0	101.0	72.0	93.0	99.0	0.054189741731794423	137.0	137
DLR00012733-2009-11-11_16-47-10	15	11	1642.0	2129.0	955187.73976502253	46089.745471835427	102	57201.069841624398	0.00011055090152791805	79.0	98.0	102.0	72.0	92.0	98.0	0.034056208270793434	137.0	137
DLR00012733-2009-11-11_16-47-10	15	12	1779.0	2129.0	1676285.1231820299	88381.657371613779	102	99162.4839891179	0.00011218056740701342	79.0	98.0	101.0	72.0	92.0	98.0	0.059003157186481033	137.0	137
DLR00012733-2009-11-11_16-47-10	15	13	1916.0	2129.0	1343108.9017131617	62462.920341732854	102	72890.146133671617	9.4463713293727503e-05	78.0	97.0	101.0	72.0	92.0	98.0	0.04979038352052171	137.0	137
DLR00012733-2009-11-11_16-47-10	15	14	2053.0	2129.0	1408010.1433673203	73319.012525095619	102	84802.815779311772	0.00010592190960430659	78.0	97.0	101.0	72.0	92.0	98.0	0.051343098183323846	137.0	137
DLR00012733-2009-11-11_16-47-10	15	15	2196.0	2128.0	3437288.6610423895	439077.53916132502	102	443243.91468417691	0.00034088324116564892	95.0	111.0	109.0	72.0	92.0	98.0	0.15201076548832876	137.0	137
DLR00012733-2009-11-11_16-47-10	15	16	2330.0	2129.0	1344099.7603643704	70355.687285587977	102	80918.111568699402	0.00012259823092052171	80.0	98.0	101.0	72.0	92.0	98.0	0.046943739972051139	137.0	137
DLR00012733-2009-11-11_16-47-10	15	17	2470.0	2124.0	1470186.5237306557	81126.597848461228	102	90001.610485570491	0.00012984776076815864	80.0	99.0	102.0	72.0	92.0	98.0	0.049169297655400859	137.0	137
DLR00012733-2009-11-11_16-47-10	15	18	2600.0	2129.0	429041.79597329331	13078.074797043353	102	19573.10656263163	6.3745235327977069e-05	76.0	96.0	100.0	72.0	92.0	98.0	0.0072460017597432841	137.0	137
DLR00012733-2009-11-11_16-47-10	15	19	2737.0	2129.0	1312144.568862895	62005.627965165935	102	69508.085075043768	0.00012140794352843062	80.0	99.0	102.0	72.0	92.0	98.0	0.030536721701775269	137.0	137
DLR00012733-2009-11-11_16-47-10	15	20	2866.0	2122.0	1734250.3542777288	93454.205990986811	102	99050.554980248169	0.00010688847944134446	79.0	97.0	101.0	72.0	91.0	98.0	0.055587184928316338	137.0	137
DLR00012733-2009-11-11_16-47-10	15	21	3009.0	2120.0	2736008.4506495525	198598.83792920457	102	200780.49464348055	0.00013036936323844193	81.0	98.0	101.0	71.0	91.0	97.0	0.12043890067801874	137.0	137
DLR00012733-2009-11-11_16-47-10	15	22	3142.0	2122.0	1869502.5601676931	97601.088800859652	102	99881.287364377378	0.00010765860326475338	77.0	94.0	99.0	69.0	88.0	95.0	0.057295171057398682	137.0	137
DLR00012733-2009-11-11_16-47-10	15	23	3282.0	2124.0	1929944.9378914135	83686.678175176785	102	84647.885747535373	7.8734350887612174e-05	72.0	89.0	94.0	67.0	85.0	92.0	0.052015941203871437	137.0	137
DLR00012733-2009-11-11_16-47-10	15	24	3408.0	2122.0	2134804.9640287766	111783.23335224483	102	110461.96782637657	0.00011764360248359559	77.0	91.0	93.0	70.0	86.0	91.0	0.050514983696496041	137.0	137
DLR00012733-2009-11-11_16-47-10	16	1	272.0	2267.0	1279941.6626986181	29520.25094750987	102	-31146.439438424728	7.3633966968367172e-05	100.0	112.0	113.0	86.0	100.0	103.0	0.002432586305056674	137.0	137
DLR00012733-2009-11-11_16-47-10	16	2	414.0	2268.0	1489260.5527664199	45857.0881559767	102	-13395.340234978654	0.00012375353757503645	112.0	124.0	124.0	84.0	100.0	105.0	0.0085399306454117287	137.0	137
DLR00012733-2009-11-11_16-47-10	16	3	546.0	2266.0	1709478.8879975155	67055.599889554214	102	40174.410046691184	0.00013396533921536545	116.0	129.0	128.0	85.0	102.0	108.0	0.044511153666994464	137.0	137
DLR00012733-2009-11-11_16-47-10	16	4	690.0	2272.0	1577942.4020495832	49363.821736049926	102	14100.41337008723	9.4163880965584512e-05	107.0	123.0	124.0	90.0	108.0	114.0	0.01925366181874644	137.0	137
DLR00012733-2009-11-11_16-47-10	16	5	820.0	2266.0	1129826.5770405259	40289.369114177243	102	-1955.258667499477	9.1027378643665732e-05	100.0	116.0	118.0	91.0	109.0	113.0	0.023860048651726102	137.0	137
DLR00012733-2009-11-11_16-47-10	16	6	957.0	2266.0	1166983.7764608457	35684.70615064953	102	-86.903136616786185	6.3454242433173735e-05	101.0	116.0	117.0	90.0	107.0	110.0	0.01977123337301382	137.0	137
DLR00012733-2009-11-11_16-47-10	16	7	1094.0	2266.0	860065.30924900377	29561.536572215566	102	-2928.5428292631523	8.4707832549768425e-05	100.0	116.0	117.0	86.0	104.0	108.0	0.022462605455204183	137.0	137
DLR00012733-2009-11-11_16-47-10	16	8	1231.0	2266.0	1206122.6931835825	40882.32240417687	102	5795.178482851552	8.6180785131891702e-05	97.0	113.0	115.0	86.0	104.0	108.0	0.024274105895140004	137.0	137
DLR00012733-2009-11-11_16-47-10	16	9	1372.0	2253.0	1492480.8433828475	58648.430143879974	102	38669.827444319919	7.7335186431503784e-05	92.0	110.0	111.0	78.0	97.0	104.0	0.024377620205993478	137.0	137
DLR00012733-2009-11-11_16-47-10	16	10	1505.0	2266.0	1139487.448889809	38252.567392037454	102	2419.1937157496145	8.8551434716463835e-05	90.0	107.0	110.0	83.0	101.0	105.0	0.023135448475751774	137.0	137
DLR00012733-2009-11-11_16-47-10	16	11	1642.0	2266.0	1442442.4814968167	56792.177355142274	102	18557.790907979877	8.5429860953933727e-05	87.0	105.0	107.0	84.0	101.0	104.0	0.028362921173852286	137.0	137
DLR00012733-2009-11-11_16-47-10	16	12	1779.0	2266.0	1553914.0797577763	62797.161295724371	102	26423.806521803042	9.3136000383205563e-05	91.0	109.0	110.0	82.0	100.0	104.0	0.04269965322705864	137.0	137
DLR00012733-2009-11-11_16-47-10	16	13	1916.0	2266.0	1339145.4671083279	54950.787753765697	102	16020.645169982323	0.00010210165639750336	92.0	109.0	110.0	80.0	99.0	103.0	0.038559080792919621	137.0	137
DLR00012733-2009-11-11_16-47-10	16	14	2053.0	2266.0	1513288.8750582268	67641.52142900601	102	35216.434869942103	0.0001011088209182454	95.0	112.0	112.0	83.0	101.0	105.0	0.032710522229698259	137.0	137
DLR00012733-2009-11-11_16-47-10	16	15	2190.0	2266.0	1390422.4023083691	62852.223040034354	102	28850.280030755996	0.00012364085859847289	98.0	115.0	115.0	85.0	103.0	107.0	0.027690078153304695	137.0	137
DLR00012733-2009-11-11_16-47-10	16	16	2327.0	2266.0	1250959.0471507686	44169.534211442726	102	24457.204695024942	0.00011285405625747069	96.0	113.0	116.0	85.0	105.0	109.0	0.0080741162465710892	137.0	137
DLR00012733-2009-11-11_16-47-10	16	17	2464.0	2264.0	1866282.2695512655	83593.77952912511	102	73813.104631878276	0.00014057145427044708	107.0	123.0	123.0	83.0	102.0	107.0	0.041923295895657575	137.0	137
DLR00012733-2009-11-11_16-47-10	16	18	2600.0	2266.0	1842006.2325966565	75196.12435823858	102	13213.001314421019	0.00014553559627466362	108.0	124.0	123.0	81.0	100.0	105.0	0.010920759795041665	137.0	137
DLR00012733-2009-11-11_16-47-10	16	19	2734.0	2255.0	1219746.9996376999	47985.650511914406	102	1483.1918738645768	0.00012855397125219369	101.0	117.0	118.0	79.0	98.0	103.0	0.013353346100098338	137.0	137
DLR00012733-2009-11-11_16-47-10	16	20	2874.0	2266.0	1420891.3058330314	71353.59329214452	102	14380.598972161582	0.00017258749354816998	105.0	121.0	121.0	80.0	98.0	104.0	0.055794213550023293	137.0	137
DLR00012733-2009-11-11_16-47-10	16	21	3009.0	2255.0	1469691.0944050516	75370.815441161525	102	14501.526205437314	0.00020239918688688907	104.0	118.0	120.0	78.0	96.0	102.0	0.033797422493659746	137.0	137
DLR00012733-2009-11-11_16-47-10	16	22	3145.0	2252.0	1254427.0524299985	57843.5273487835	102	-6824.826154187821	0.00016671915218246567	96.0	111.0	113.0	76.0	93.0	99.0	0.032969308006831947	137.0	137
DLR00012733-2009-11-11_16-47-10	16	23	3278.0	2250.0	1241298.1753014855	58148.106223724273	102	-10850.280305942935	0.00018097442607514755	96.0	110.0	111.0	74.0	91.0	97.0	0.028155892552145335	137.0	137
DLR00012733-2009-11-11_16-47-10	16	24	3416.0	2255.0	1413707.5806117696	56172.050672177371	102	-12024.636769527689	0.00014210247934459881	95.0	108.0	109.0	77.0	91.0	95.0	0.043941824957300347	137.0	137
