102.0	99.0	86.0	110.0	111.0	101.0	1	0.05921018580818798	0.0002414454446688694	DLR00012733-2009-11-10_09-57-58	204156.24269959243	1	107	272.0	217.0	142381.39673139181	1454580.4999741213	137.0	137
104.0	99.0	82.0	112.0	112.0	100.0	2	0.0074012732260234975	0.00024412127660550432	DLR00012733-2009-11-10_09-57-58	129045.65695271242	1	107	409.0	212.0	87969.664270509413	1537069.4826872319	137.0	137
107.0	100.0	81.0	111.0	106.0	89.0	3	0.0	0.00013937699349474164	DLR00012733-2009-11-10_09-57-58	121752.8483012363	1	107	552.0	228.0	70685.613823970954	1633430.486517261	137.0	137
110.0	103.0	83.0	115.0	110.0	92.0	4	0.0056415299415144143	0.00019203360205575183	DLR00012733-2009-11-10_09-57-58	200947.36334757114	1	107	683.0	212.0	144530.84372037076	2505633.814243569	137.0	137
111.0	103.0	82.0	114.0	109.0	90.0	5	0.0	0.00018108399827505449	DLR00012733-2009-11-10_09-57-58	162181.2541032703	1	107	831.0	224.0	83694.677946505515	1722855.479788831	137.0	137
111.0	104.0	83.0	114.0	107.0	86.0	6	0.0	0.00013560916963342628	DLR00012733-2009-11-10_09-57-58	155433.54427483139	1	107	956.0	229.0	72150.575974063409	1781068.4255473318	137.0	137
112.0	105.0	83.0	115.0	110.0	90.0	7	0.0	0.00018551309499416493	DLR00012733-2009-11-10_09-57-58	177429.01660363737	1	107	1098.0	217.0	95067.28503006864	1917063.7754257026	137.0	137
112.0	105.0	83.0	115.0	109.0	88.0	8	0.0	0.00016996520438418322	DLR00012733-2009-11-10_09-57-58	189146.75424314672	1	107	1231.0	212.0	111674.79703278911	2225963.9599399618	137.0	137
111.0	104.0	82.0	115.0	110.0	89.0	9	0.00056932870969411524	0.00018551309499416493	DLR00012733-2009-11-10_09-57-58	181635.99634544755	1	107	1368.0	212.0	111983.84112080195	2276745.4658143991	137.0	137
111.0	104.0	82.0	112.0	106.0	84.0	10	0.0	0.00011672417422901452	DLR00012733-2009-11-10_09-57-58	169604.54452729679	1	107	1505.0	212.0	118775.60024564521	2919069.5864603282	137.0	137
110.0	104.0	82.0	114.0	111.0	91.0	11	0.0019150147507892967	0.0001984773751838756	DLR00012733-2009-11-10_09-57-58	180448.82594215308	1	107	1641.0	212.0	114482.94940919908	2194751.9124268931	137.0	137
110.0	104.0	82.0	114.0	109.0	87.0	12	0.00020702862170695097	0.00016570529777524672	DLR00012733-2009-11-10_09-57-58	182783.63893152497	1	107	1775.0	224.0	120156.18757741225	2401345.9412038713	137.0	137
111.0	105.0	82.0	116.0	113.0	93.0	13	0.0	0.00022831197436898472	DLR00012733-2009-11-10_09-57-58	239553.18536623492	1	107	1926.0	213.0	184790.95744978014	2784065.0952331661	137.0	137
110.0	104.0	81.0	115.0	111.0	91.0	14	0.0	0.00020089179549397269	DLR00012733-2009-11-10_09-57-58	206143.87360615667	1	107	2056.0	217.0	152513.95520193214	2654510.3265876509	137.0	137
110.0	104.0	82.0	115.0	111.0	92.0	15	0.0	0.00020833510437006603	DLR00012733-2009-11-10_09-57-58	212392.22206739607	1	107	2189.0	212.0	155415.47122487123	2576232.4931421774	137.0	137
111.0	104.0	81.0	114.0	107.0	86.0	16	0.0	0.00014731238511845606	DLR00012733-2009-11-10_09-57-58	164778.93372814695	1	107	2321.0	222.0	96614.003649388716	2188311.331194038	137.0	137
111.0	104.0	82.0	115.0	110.0	90.0	17	0.0	0.00019646269877486225	DLR00012733-2009-11-10_09-57-58	199623.38663381321	1	107	2463.0	212.0	136542.64406457674	2465999.4681952279	137.0	137
112.0	104.0	83.0	114.0	110.0	90.0	18	0.00067284302054759066	0.00019203360205575183	DLR00012733-2009-11-10_09-57-58	202228.89065370962	1	107	2600.0	212.0	139246.99559424593	2593077.0902127218	137.0	137
111.0	104.0	82.0	115.0	110.0	91.0	19	0.0	0.00019646269877486225	DLR00012733-2009-11-10_09-57-58	200255.76279787457	1	107	2737.0	212.0	135485.62326855352	2363693.3124579471	137.0	137
110.0	103.0	82.0	114.0	109.0	91.0	20	0.0	0.00018551309499416493	DLR00012733-2009-11-10_09-57-58	191263.16293973927	1	107	2874.0	212.0	130970.10185763439	2330747.2623052634	137.0	137
108.0	101.0	81.0	111.0	107.0	89.0	21	0.0	0.00014808136707551587	DLR00012733-2009-11-10_09-57-58	139140.85468680575	1	107	3013.0	217.0	84546.022054145637	1842501.6619222609	137.0	137
105.0	99.0	80.0	106.0	101.0	83.0	22	0.0	5.9146268871099287e-05	DLR00012733-2009-11-10_09-57-58	61343.441086254359	1	107	3144.0	225.0	25763.275795575541	1177635.5069613373	137.0	137
102.0	97.0	80.0	103.0	98.0	83.0	23	0.0	2.8558057981657731e-05	DLR00012733-2009-11-10_09-57-58	43130.396643609245	1	107	3285.0	217.0	21426.729045388387	973766.33947518247	137.0	137
100.0	97.0	83.0	104.0	105.0	95.0	24	0.019305418974173181	0.00014742009421772078	DLR00012733-2009-11-10_09-57-58	93587.627172640976	1	107	3422.0	212.0	60955.156307746081	1077311.0685264736	137.0	137
100.0	95.0	78.0	100.0	95.0	77.0	1	5.1757155426737743e-05	-3.3125934127747307e-05	DLR00012733-2009-11-10_09-57-58	-27364.164796960798	2	107	272.0	349.0	-7355.0314890220161	894993.07670410431	137.0	137
103.0	96.0	77.0	103.0	96.0	77.0	2	0.0	-2.1514940159081406e-05	DLR00012733-2009-11-10_09-57-58	-27294.80142886774	2	107	411.0	352.0	-23261.960433644035	4093484.8028052379	137.0	137
106.0	98.0	79.0	106.0	98.0	79.0	3	0.0	1.3671440229471073e-05	DLR00012733-2009-11-10_09-57-58	19355.525507973609	2	107	546.0	349.0	5551.7010362528999	1290097.9638735056	137.0	137
108.0	100.0	80.0	108.0	101.0	80.0	4	0.0	4.7596873243516149e-05	DLR00012733-2009-11-10_09-57-58	57071.804845175691	2	107	694.0	349.0	15815.84965323106	1240307.3166502768	137.0	137
109.0	101.0	80.0	109.0	102.0	80.0	5	0.0	5.8546594354386967e-05	DLR00012733-2009-11-10_09-57-58	68127.095620115229	2	107	820.0	362.0	28559.004747409963	1934156.0871590497	137.0	137
109.0	102.0	80.0	109.0	102.0	80.0	6	0.0	6.9665388245258267e-05	DLR00012733-2009-11-10_09-57-58	79059.68302964374	2	107	958.0	358.0	27548.638374571321	1633925.9158428654	137.0	137
109.0	103.0	80.0	109.0	103.0	80.0	7	0.00015527146628021324	7.0588072729591212e-05	DLR00012733-2009-11-10_09-57-58	85855.948863307145	2	107	1096.0	350.0	23947.892500834991	1304217.6996532271	137.0	137
109.0	103.0	80.0	110.0	103.0	82.0	8	0.0	7.7862191495510578e-05	DLR00012733-2009-11-10_09-57-58	84146.120714663572	2	107	1231.0	349.0	923.06547396087728	44340.924641581689	137.0	137
108.0	103.0	80.0	109.0	103.0	80.0	9	0.0	7.0418882619417253e-05	DLR00012733-2009-11-10_09-57-58	80374.698117385269	2	107	1368.0	350.0	22906.654757629483	1298024.8330831737	137.0	137
108.0	102.0	79.0	108.0	102.0	79.0	10	0.0	5.5209372229783454e-05	DLR00012733-2009-11-10_09-57-58	69572.809872269863	2	107	1505.0	349.0	29277.41632186043	2005497.9100460638	137.0	137
108.0	102.0	79.0	107.0	102.0	79.0	11	0.0	4.6935600385721076e-05	DLR00012733-2009-11-10_09-57-58	62295.748975566137	2	107	1644.0	353.0	18161.439875931115	1442690.1961596191	137.0	137
108.0	103.0	79.0	108.0	103.0	80.0	12	0.0057968014077946278	6.231430088552884e-05	DLR00012733-2009-11-10_09-57-58	79874.047303381187	2	107	1778.0	349.0	21495.186022611677	1124624.5691216812	137.0	137
108.0	103.0	79.0	108.0	103.0	79.0	13	0.0	6.231430088552884e-05	DLR00012733-2009-11-10_09-57-58	78975.489062977082	2	107	1918.0	353.0	52412.995808773623	3191803.430205476	137.0	137
108.0	102.0	79.0	108.0	102.0	79.0	14	0.0	5.7716131386417921e-05	DLR00012733-2009-11-10_09-57-58	67604.514827572304	2	107	2052.0	349.0	13978.060271417819	942554.29196211381	137.0	137
108.0	102.0	79.0	108.0	102.0	79.0	15	0.0	5.5040182119609481e-05	DLR00012733-2009-11-10_09-57-58	64958.623665594598	2	107	2188.0	353.0	35382.029488657114	2605958.2526784334	137.0	137
108.0	102.0	79.0	108.0	103.0	79.0	16	0.0	6.231430088552884e-05	DLR00012733-2009-11-10_09-57-58	73066.413806713521	2	107	2326.0	349.0	11482.820635248227	694344.19983437716	137.0	137
109.0	102.0	80.0	109.0	103.0	80.0	17	0.0	7.0588072729591212e-05	DLR00012733-2009-11-10_09-57-58	77707.118092696837	2	107	2463.0	349.0	8054.6785195572002	437959.52383417002	137.0	137
109.0	102.0	79.0	109.0	102.0	79.0	18	0.0	5.8546594354386967e-05	DLR00012733-2009-11-10_09-57-58	72798.45702804935	2	107	2594.0	349.0	53701.835889177732	3513337.0625226432	137.0	137
109.0	101.0	79.0	109.0	102.0	79.0	19	0.0	5.5209372229783454e-05	DLR00012733-2009-11-10_09-57-58	65061.114760944467	2	107	2737.0	349.0	16701.503756518294	1178378.6509497438	137.0	137
108.0	101.0	79.0	108.0	101.0	79.0	20	0.0	4.4090578338912147e-05	DLR00012733-2009-11-10_09-57-58	57754.994704404351	2	107	2874.0	349.0	36715.032412113316	2996851.9905801974	137.0	137
107.0	99.0	78.0	106.0	98.0	78.0	21	0.0	1.2579565634964152e-05	DLR00012733-2009-11-10_09-57-58	25918.311198881835	2	107	3011.0	349.0	3261.8202912412612	732492.25790590548	137.0	137
103.0	95.0	76.0	104.0	96.0	76.0	22	0.0	-2.1684130269255379e-05	DLR00012733-2009-11-10_09-57-58	-32734.321460280804	2	107	3148.0	349.0	-6018.3697681951353	1065668.4793747736	137.0	137
100.0	93.0	73.0	100.0	93.0	74.0	23	0.0	-6.7820231768678683e-05	DLR00012733-2009-11-10_09-57-58	-85890.501558998483	2	107	3279.0	350.0	-24785.494793030157	1441947.0521712126	137.0	137
97.0	92.0	75.0	98.0	93.0	75.0	24	0.0	-6.3883335127362843e-05	DLR00012733-2009-11-10_09-57-58	-82201.753379128932	2	107	3418.0	347.0	-13934.999060511782	844954.71481807344	137.0	137
101.0	95.0	76.0	101.0	95.0	76.0	1	0.0	-3.6893640658889174e-05	DLR00012733-2009-11-10_09-57-58	-32747.077786810805	3	107	272.0	486.0	-5106.2238667392603	584111.17488742829	137.0	137
103.0	96.0	77.0	104.0	97.0	77.0	2	0.0	-6.3054297694476126e-06	DLR00012733-2009-11-10_09-57-58	-16078.304508173667	3	107	409.0	486.0	-991.0393202302422	631672.39014543744	137.0	137
106.0	99.0	79.0	106.0	99.0	79.0	3	0.0	2.4451971230167922e-05	DLR00012733-2009-11-10_09-57-58	27038.688456327309	3	107	561.0	486.0	6528.3650954189106	1005226.1016510533	137.0	137
108.0	101.0	80.0	108.0	101.0	80.0	4	0.0	5.4286687745450503e-05	DLR00012733-2009-11-10_09-57-58	57657.281746123699	3	107	691.0	490.0	12813.711419242376	992592.65384814446	137.0	137
109.0	101.0	80.0	109.0	102.0	81.0	5	0.0	5.8715667134387449e-05	DLR00012733-2009-11-10_09-57-58	69171.234725268441	3	107	820.0	486.0	9965.0939571936342	628699.81419181207	137.0	137
109.0	102.0	80.0	109.0	102.0	80.0	6	0.0	7.0418882619417253e-05	DLR00012733-2009-11-10_09-57-58	77865.232830111214	3	107	953.0	491.0	27616.320292576671	1605686.4442834223	137.0	137
108.0	102.0	80.0	109.0	103.0	80.0	7	0.0	7.0418882619417253e-05	DLR00012733-2009-11-10_09-57-58	79929.821656734683	3	107	1094.0	486.0	24389.485258238536	1391413.2609595775	137.0	137
108.0	103.0	80.0	109.0	103.0	81.0	8	0.0	7.4847979338527683e-05	DLR00012733-2009-11-10_09-57-58	80970.043721013019	3	107	1231.0	486.0	1596.6184300419081	81002.694736297286	137.0	137
108.0	102.0	80.0	108.0	103.0	80.0	9	0.0	7.0588072729591212e-05	DLR00012733-2009-11-10_09-57-58	79217.937590966569	3	107	1368.0	486.0	15377.176212020158	859817.59458620159	137.0	137
108.0	102.0	80.0	108.0	102.0	80.0	10	0.00077635733140106618	5.8977196091098811e-05	DLR00012733-2009-11-10_09-57-58	72932.373061373088	3	107	1504.0	488.0	50562.94985441029	3264383.8264065008	137.0	137
108.0	102.0	79.0	107.0	102.0	79.0	11	0.0	5.5209372229783454e-05	DLR00012733-2009-11-10_09-57-58	65593.946307617138	3	107	1642.0	486.0	23469.522591842837	1680248.5577868642	137.0	137
108.0	102.0	79.0	108.0	102.0	79.0	12	0.0	5.8715667134387449e-05	DLR00012733-2009-11-10_09-57-58	71261.470070076204	3	107	1778.0	487.0	54494.404267880047	3608954.9223642666	137.0	137
108.0	102.0	79.0	108.0	103.0	79.0	13	0.00062108586512085295	5.9469278838719925e-05	DLR00012733-2009-11-10_09-57-58	72828.221384794888	3	107	1920.0	491.0	20545.461335419528	1293318.2544899331	137.0	137
107.0	102.0	79.0	108.0	102.0	79.0	14	0.0	5.8546594354386967e-05	DLR00012733-2009-11-10_09-57-58	66345.491951966702	3	107	2052.0	486.0	2747.4555262847566	183804.27979918223	137.0	137
107.0	102.0	79.0	108.0	103.0	80.0	15	0.0	6.2483490995702813e-05	DLR00012733-2009-11-10_09-57-58	61197.338153449789	3	107	2199.0	492.0	1554.357829587309	91902.139899591115	137.0	137
108.0	102.0	79.0	108.0	102.0	79.0	16	5.1757155426737743e-05	5.5209372229783454e-05	DLR00012733-2009-11-10_09-57-58	66163.678077436576	3	107	2326.0	486.0	16849.544830755014	1150386.8940531029	137.0	137
108.0	102.0	79.0	108.0	102.0	79.0	17	0.0	5.8546594354386967e-05	DLR00012733-2009-11-10_09-57-58	67656.720966091147	3	107	2463.0	486.0	21520.531127144641	1442442.4814968167	137.0	137
108.0	102.0	79.0	108.0	102.0	79.0	18	0.0	5.5040182119609481e-05	DLR00012733-2009-11-10_09-57-58	63825.610984164356	3	107	2602.0	489.0	16780.278876750283	1191755.242741059	137.0	137
108.0	101.0	79.0	108.0	101.0	79.0	19	0.0	4.6935600385721076e-05	DLR00012733-2009-11-10_09-57-58	58889.153599476063	3	107	2737.0	486.0	32321.984508648919	2583663.9330262411	137.0	137
108.0	101.0	78.0	108.0	101.0	78.0	20	0.0	4.3167893854579202e-05	DLR00012733-2009-11-10_09-57-58	49345.800669496821	3	107	2874.0	486.0	14336.529693092203	1273253.3668029602	137.0	137
107.0	99.0	77.0	107.0	99.0	78.0	21	0.00010351431085347549	1.2579565634964152e-05	DLR00012733-2009-11-10_09-57-58	21598.089462526106	3	107	3011.0	486.0	1229.9248273273545	322276.77630557423	137.0	137
104.0	96.0	75.0	104.0	96.0	76.0	22	0.0	-2.1684130269255379e-05	DLR00012733-2009-11-10_09-57-58	-28843.021035950318	3	107	3142.0	486.0	-22589.261728398338	3806631.2232803688	137.0	137
100.0	92.0	73.0	99.0	92.0	73.0	23	0.0	-7.8600762769375534e-05	DLR00012733-2009-11-10_09-57-58	-92609.685383145465	3	107	3285.0	486.0	-44174.195405607468	2258166.8661042387	137.0	137
97.0	91.0	72.0	96.0	90.0	71.0	24	0.0	-0.00010935816376899106	DLR00012733-2009-11-10_09-57-58	-116127.5682016381	3	107	3422.0	486.0	-23936.711080930985	876909.90631954873	137.0	137
102.0	95.0	76.0	102.0	96.0	77.0	1	0.0	-2.2345403127050459e-05	DLR00012733-2009-11-10_09-57-58	-20666.792665039779	4	107	272.0	623.0	-2216.3132800281551	411454.05491434195	137.0	137
104.0	97.0	77.0	104.0	97.0	78.0	2	0.0	-2.7991348648436146e-06	DLR00012733-2009-11-10_09-57-58	-9027.0719341925251	4	107	411.0	617.0	-450.90060048255071	888304.78080844681	137.0	137
106.0	99.0	79.0	106.0	99.0	79.0	3	0.0	2.4451971230167922e-05	DLR00012733-2009-11-10_09-57-58	26283.963266993942	4	107	546.0	623.0	4979.7908975102673	764447.44940738054	137.0	137
108.0	101.0	80.0	109.0	101.0	80.0	4	0.0	5.5040182119609481e-05	DLR00012733-2009-11-10_09-57-58	58998.823480778367	4	107	692.0	620.0	18111.484563131653	1374073.2345634284	137.0	137
109.0	101.0	80.0	109.0	102.0	80.0	5	0.0	5.8715667134387449e-05	DLR00012733-2009-11-10_09-57-58	69884.606315535217	4	107	821.0	623.0	17287.503741502343	1120908.8491796493	137.0	137
109.0	102.0	80.0	109.0	102.0	80.0	6	0.0	7.0418882619417253e-05	DLR00012733-2009-11-10_09-57-58	75347.555656382785	4	107	957.0	623.0	15818.20231081459	927443.69753118372	137.0	137
108.0	102.0	80.0	109.0	102.0	80.0	7	0.0	7.0418882619417253e-05	DLR00012733-2009-11-10_09-57-58	76469.187371304273	4	107	1094.0	623.0	20975.374402623478	1239316.4579990685	137.0	137
108.0	102.0	80.0	108.0	102.0	80.0	8	0.0	6.231430088552884e-05	DLR00012733-2009-11-10_09-57-58	76585.945871185453	4	107	1231.0	623.0	17919.707229856445	1111495.6919931681	137.0	137
108.0	102.0	80.0	108.0	103.0	80.0	9	0.0	6.2483490995702813e-05	DLR00012733-2009-11-10_09-57-58	77093.906090062897	4	107	1371.0	620.0	21107.347204216643	1254674.7670928007	137.0	137
107.0	102.0	80.0	108.0	102.0	81.0	10	0.0	6.231430088552884e-05	DLR00012733-2009-11-10_09-57-58	72223.837513624298	4	107	1499.0	633.0	18016.380483237401	1116449.9852492106	137.0	137
107.0	102.0	79.0	108.0	102.0	80.0	11	0.0	5.5209372229783454e-05	DLR00012733-2009-11-10_09-57-58	65626.729314762153	4	107	1640.0	618.0	43855.427889009421	3156627.9480875731	137.0	137
108.0	102.0	79.0	108.0	102.0	80.0	12	0.0	5.7716131386417921e-05	DLR00012733-2009-11-10_09-57-58	66816.909059708676	4	107	1773.0	629.0	17748.917897001662	1186800.9494850163	137.0	137
108.0	102.0	79.0	108.0	102.0	79.0	13	5.1757155426737743e-05	5.5209372229783454e-05	DLR00012733-2009-11-10_09-57-58	66834.791749022828	4	107	1915.0	623.0	39090.823455190824	2739476.455928782	137.0	137
108.0	102.0	79.0	108.0	102.0	79.0	14	0.0	5.5209372229783454e-05	DLR00012733-2009-11-10_09-57-58	64627.595424254476	4	107	2052.0	623.0	18209.198268806507	1255665.6257440089	137.0	137
107.0	102.0	79.0	108.0	102.0	80.0	15	0.0	5.5209372229783454e-05	DLR00012733-2009-11-10_09-57-58	62888.762871368475	4	107	2189.0	623.0	2833.6838637542392	194951.4396252782	137.0	137
107.0	101.0	79.0	108.0	102.0	79.0	16	0.00036230008798716424	5.5040182119609481e-05	DLR00012733-2009-11-10_09-57-58	62081.739864212366	4	107	2326.0	623.0	16069.20691961704	1153111.7553439261	137.0	137
108.0	102.0	79.0	109.0	103.0	81.0	17	0.00046581439884063971	7.7862191495510578e-05	DLR00012733-2009-11-10_09-57-58	63271.678278399508	4	107	2464.0	625.0	117.22121994134696	6192.8665700533102	137.0	137
108.0	101.0	79.0	108.0	102.0	79.0	18	0.0	5.5040182119609481e-05	DLR00012733-2009-11-10_09-57-58	60762.098010307272	4	107	2600.0	623.0	18233.223153318853	1355494.6348532683	137.0	137
109.0	101.0	78.0	109.0	101.0	79.0	19	0.0	4.7596873243516149e-05	DLR00012733-2009-11-10_09-57-58	56190.695977822048	4	107	2737.0	623.0	15474.806314957332	1191755.242741059	137.0	137
108.0	100.0	78.0	108.0	101.0	78.0	20	0.00020702862170695097	4.3167893854579202e-05	DLR00012733-2009-11-10_09-57-58	45351.819684196016	4	107	2874.0	623.0	15186.422212088841	1455075.9292997257	137.0	137
107.0	99.0	77.0	107.0	99.0	78.0	21	0.0	2.4451971230167922e-05	DLR00012733-2009-11-10_09-57-58	20717.891036621866	4	107	3008.0	618.0	4686.5939756848366	795659.49692044919	137.0	137
105.0	96.0	75.0	105.0	96.0	76.0	22	0.0	-1.817783536465138e-05	DLR00012733-2009-11-10_09-57-58	-26243.839493591331	4	107	3148.0	623.0	-5341.8673511435391	1313383.1421769061	137.0	137
101.0	93.0	73.0	101.0	93.0	73.0	23	0.0	-6.7820231768678683e-05	DLR00012733-2009-11-10_09-57-58	-86795.890700565578	4	107	3282.0	626.0	-44978.889894790933	2508854.1048599971	137.0	137
97.0	91.0	71.0	97.0	90.0	71.0	24	0.0	-0.00010676680955726961	DLR00012733-2009-11-10_09-57-58	-121181.06436399539	4	107	3415.0	626.0	-19112.263198001659	725803.96201024798	137.0	137
103.0	96.0	77.0	103.0	95.0	76.0	1	0.0	-2.9788712003143788e-05	DLR00012733-2009-11-10_09-57-58	-12674.51591213053	5	107	272.0	760.0	-8506.8896658290323	1297777.1184203716	137.0	137
105.0	97.0	77.0	105.0	97.0	77.0	2	0.0	-2.7991348648436146e-06	DLR00012733-2009-11-10_09-57-58	-4207.4079868339522	5	107	409.0	765.0	-2055.8933653883628	3519529.9290926973	137.0	137
107.0	99.0	79.0	108.0	100.0	79.0	3	0.0	3.8907987245642738e-05	DLR00012733-2009-11-10_09-57-58	33991.13091061548	5	107	556.0	762.0	5594.0612941792306	590799.47078308591	137.0	137
109.0	101.0	80.0	109.0	101.0	80.0	4	0.0	5.4286687745450503e-05	DLR00012733-2009-11-10_09-57-58	59636.035138912412	5	107	692.0	765.0	25628.911057966598	1981965.0170798611	137.0	137
109.0	102.0	79.0	110.0	102.0	80.0	5	0.0	5.9638410283807146e-05	DLR00012733-2009-11-10_09-57-58	70367.382274099364	5	107	825.0	769.0	7717.114629809781	468180.71269603021	137.0	137
109.0	102.0	79.0	109.0	102.0	80.0	6	0.0	5.8715667134387449e-05	DLR00012733-2009-11-10_09-57-58	72079.153356957584	5	107	956.0	766.0	13889.952093913871	868735.3224470783	137.0	137
108.0	102.0	79.0	108.0	102.0	80.0	7	0.0	5.8715667134387449e-05	DLR00012733-2009-11-10_09-57-58	70716.720414004696	5	107	1096.0	769.0	27849.631889133438	1798656.1666062835	137.0	137
108.0	102.0	80.0	108.0	102.0	80.0	8	0.00041405724341390195	5.9469278838719925e-05	DLR00012733-2009-11-10_09-57-58	72306.757308429471	5	107	1231.0	760.0	26754.04471068312	1684211.9923916981	137.0	137
108.0	102.0	80.0	108.0	102.0	80.0	9	0.0	5.8977196091098811e-05	DLR00012733-2009-11-10_09-57-58	72396.597274988977	5	107	1371.0	761.0	25546.939022941053	1657458.8088090678	137.0	137
107.0	102.0	80.0	108.0	102.0	80.0	10	0.0	5.8977196091098811e-05	DLR00012733-2009-11-10_09-57-58	69235.089582778804	5	107	1508.0	768.0	16052.271181995055	1054025.8902230733	137.0	137
107.0	101.0	80.0	107.0	101.0	80.0	11	0.0	5.5040182119609481e-05	DLR00012733-2009-11-10_09-57-58	61022.226332491802	5	107	1647.0	768.0	15960.658157389513	1176892.362972931	137.0	137
107.0	101.0	79.0	107.0	101.0	79.0	12	0.0	4.3336966634579685e-05	DLR00012733-2009-11-10_09-57-58	56970.85388801714	5	107	1779.0	760.0	7118.5897094133225	611855.21712126688	137.0	137
107.0	101.0	79.0	107.0	101.0	80.0	13	0.0	5.5040182119609481e-05	DLR00012733-2009-11-10_09-57-58	56814.438678859544	5	107	1915.0	760.0	15115.824113973593	1147662.0327622793	137.0	137
107.0	101.0	79.0	107.0	101.0	79.0	14	0.00031054293256042647	4.3598495591291046e-05	DLR00012733-2009-11-10_09-57-58	54244.760440689817	5	107	2061.0	770.0	10614.978648933997	881864.19957559125	137.0	137
107.0	101.0	79.0	107.0	101.0	79.0	15	0.0	4.6935600385721076e-05	DLR00012733-2009-11-10_09-57-58	54799.337095363211	5	107	2189.0	760.0	16180.302444250357	1338154.6084571194	137.0	137
107.0	101.0	79.0	107.0	101.0	79.0	16	0.0	4.6935600385721076e-05	DLR00012733-2009-11-10_09-57-58	55096.622009231367	5	107	2326.0	760.0	14500.671805020776	1162277.1978676051	137.0	137
107.0	101.0	78.0	108.0	101.0	79.0	17	0.0	4.3336966634579685e-05	DLR00012733-2009-11-10_09-57-58	53248.120790516434	5	107	2458.0	758.0	16294.393817803026	1372339.2319238135	137.0	137
108.0	101.0	78.0	108.0	101.0	78.0	18	0.0	4.3167893854579202e-05	DLR00012733-2009-11-10_09-57-58	50390.712749023558	5	107	2593.0	763.0	12023.342186744283	1059227.8981419182	137.0	137
108.0	101.0	78.0	109.0	101.0	78.0	19	0.0	4.3336966634579685e-05	DLR00012733-2009-11-10_09-57-58	48404.448012315937	5	107	2740.0	760.0	3774.2635970221877	333423.9361316702	137.0	137
108.0	100.0	77.0	108.0	101.0	78.0	20	0.0	3.9830671729975683e-05	DLR00012733-2009-11-10_09-57-58	38578.996196660373	5	107	2874.0	760.0	4147.6293503124452	415417.48951917607	137.0	137
107.0	98.0	77.0	107.0	99.0	77.0	21	0.00067284302054759066	1.2579565634964152e-05	DLR00012733-2009-11-10_09-57-58	14834.767752934744	5	107	3011.0	760.0	7461.4618306993616	2015901.9258837535	137.0	137
105.0	96.0	75.0	105.0	96.0	75.0	22	0.0	-1.8346908144651863e-05	DLR00012733-2009-11-10_09-57-58	-26979.38600251939	5	107	3145.0	759.0	-5099.2866005444721	1067897.9113399927	137.0	137
101.0	93.0	73.0	101.0	93.0	73.0	23	0.00072460017597432847	-6.4313936864074687e-05	DLR00012733-2009-11-10_09-57-58	-83473.864316563078	5	107	3288.0	763.0	-15182.62490181555	944536.00926453096	137.0	137
97.0	91.0	71.0	97.0	91.0	71.0	24	0.0010869002639614927	-9.9500317252627156e-05	DLR00012733-2009-11-10_09-57-58	-121010.36824669357	5	107	3411.0	761.0	-21185.328208081537	818201.53123544343	137.0	137
104.0	96.0	76.0	104.0	96.0	76.0	1	0.00082811448682780389	-1.883910822244646e-05	DLR00012733-2009-11-10_09-57-58	-8044.6891865638991	6	107	272.0	897.0	-3519.0982434240923	855111.01599296113	137.0	137
105.0	97.0	77.0	105.0	97.0	77.0	2	0.0	-2.7991348648436146e-06	DLR00012733-2009-11-10_09-57-58	-2234.1719612785537	6	107	411.0	898.0	-271.667296194583	2909408.7146110446	137.0	137
108.0	99.0	79.0	108.0	99.0	79.0	3	0.0	2.7958266134771917e-05	DLR00012733-2009-11-10_09-57-58	32721.301772483537	6	107	557.0	903.0	7594.828308550701	1012162.112209513	137.0	137
109.0	101.0	79.0	109.0	101.0	79.0	4	0.0	4.558231416467628e-05	DLR00012733-2009-11-10_09-57-58	57037.795588431029	6	107	683.0	897.0	261.14386985760206	20064.887686972725	137.0	137
109.0	102.0	79.0	110.0	102.0	79.0	5	0.0	5.8546594354386967e-05	DLR00012733-2009-11-10_09-57-58	66282.590299817108	6	107	823.0	895.0	2215.283313132617	157051.09621655196	137.0	137
109.0	102.0	79.0	109.0	102.0	79.0	6	0.00010351431085347549	5.8546594354386967e-05	DLR00012733-2009-11-10_09-57-58	66645.219359612965	6	107	956.0	895.0	17394.80828796823	1196461.8213342994	137.0	137
108.0	102.0	79.0	108.0	102.0	79.0	7	0.0	5.5209372229783454e-05	DLR00012733-2009-11-10_09-57-58	64374.908600737472	6	107	1096.0	893.0	19088.313691865798	1370605.2292841985	137.0	137
108.0	101.0	79.0	108.0	102.0	80.0	8	0.0	5.5209372229783454e-05	DLR00012733-2009-11-10_09-57-58	62636.550712444703	6	107	1237.0	896.0	15447.203544113032	1089449.0870037782	137.0	137
107.0	102.0	80.0	108.0	102.0	80.0	9	0.0	5.8546594354386967e-05	DLR00012733-2009-11-10_09-57-58	65506.237303076618	6	107	1373.0	897.0	9614.5731212921673	635388.11008746957	137.0	137
107.0	101.0	80.0	107.0	102.0	80.0	10	0.00056932870969411524	5.5209372229783454e-05	DLR00012733-2009-11-10_09-57-58	63739.98440423287	6	107	1505.0	897.0	20799.278233244942	1496196.5633248796	137.0	137
107.0	101.0	79.0	107.0	101.0	80.0	11	0.0	4.7104790495895042e-05	DLR00012733-2009-11-10_09-57-58	55951.712178966307	6	107	1642.0	897.0	13665.577356440706	1093412.5216086125	137.0	137
107.0	101.0	79.0	107.0	101.0	80.0	12	0.00010351431085347549	4.6935600385721076e-05	DLR00012733-2009-11-10_09-57-58	53105.980975404251	6	107	1779.0	897.0	13797.532668167833	1138001.1609129962	137.0	137
107.0	100.0	79.0	107.0	101.0	79.0	13	0.00062108586512085295	3.9830671729975683e-05	DLR00012733-2009-11-10_09-57-58	49413.830959737475	6	107	1907.0	891.0	11900.84374021429	1101339.3908182806	137.0	137
106.0	100.0	79.0	107.0	101.0	79.0	14	0.0	3.9830671729975683e-05	DLR00012733-2009-11-10_09-57-58	45678.597207569874	6	107	2049.0	899.0	4100.6598272157962	386682.58863412868	137.0	137
106.0	100.0	79.0	106.0	100.0	79.0	15	0.0	3.9830671729975683e-05	DLR00012733-2009-11-10_09-57-58	44154.534659791483	6	107	2189.0	899.0	15954.513979593614	1623769.6146679779	137.0	137
106.0	100.0	78.0	106.0	100.0	79.0	16	0.00072460017597432847	3.966148161980171e-05	DLR00012733-2009-11-10_09-57-58	42942.857933878629	6	107	2326.0	897.0	17341.898933583456	1868511.7015164846	137.0	137
107.0	100.0	78.0	107.0	100.0	78.0	17	0.0	3.966148161980171e-05	DLR00012733-2009-11-10_09-57-58	41312.51014609354	6	107	2463.0	897.0	9611.7942420716045	1003987.5283370427	137.0	137
108.0	100.0	78.0	108.0	101.0	78.0	18	0.0	3.8400416915120826e-05	DLR00012733-2009-11-10_09-57-58	41564.515674540933	6	107	2600.0	897.0	14709.082521873877	1558868.3730138191	137.0	137
108.0	100.0	77.0	108.0	101.0	78.0	19	0.0	3.7646922540961848e-05	DLR00012733-2009-11-10_09-57-58	38108.466132505047	6	107	2737.0	897.0	1712.4205285468086	185290.56777599503	137.0	137
108.0	99.0	77.0	108.0	100.0	77.0	20	0.0	2.6697201430091027e-05	DLR00012733-2009-11-10_09-57-58	28642.477127754602	6	107	2870.0	893.0	22852.642483560441	3675837.8813208425	137.0	137
107.0	98.0	76.0	107.0	99.0	76.0	21	0.0	1.241049285496367e-05	DLR00012733-2009-11-10_09-57-58	8992.3205308361084	6	107	3011.0	897.0	3764.2941352130538	1198443.5386367163	137.0	137
105.0	96.0	75.0	105.0	96.0	75.0	22	0.0	-1.817783536465138e-05	DLR00012733-2009-11-10_09-57-58	-28885.674865442073	6	107	3143.0	893.0	-3303.4354521225437	786494.05439677031	137.0	137
101.0	93.0	72.0	101.0	93.0	73.0	23	0.0	-6.8742916253011627e-05	DLR00012733-2009-11-10_09-57-58	-89187.700290722161	6	107	3289.0	905.0	-4617.6612505497878	252421.24139537287	137.0	137
97.0	91.0	71.0	97.0	90.0	71.0	24	0.00015527146628021324	-0.00010685140461235658	DLR00012733-2009-11-10_09-57-58	-125987.4285941042	6	107	3415.0	898.0	-15832.883625383654	594515.19072511781	137.0	137
104.0	96.0	76.0	104.0	96.0	76.0	1	0.0	-1.817783536465138e-05	DLR00012733-2009-11-10_09-57-58	-5113.3303432368602	7	107	272.0	1034.0	-3009.5243895258982	814981.24061901553	137.0	137
106.0	97.0	77.0	106.0	98.0	77.0	2	0.0	-2.7991348648436146e-06	DLR00012733-2009-11-10_09-57-58	-3333.7090306625109	7	107	409.0	1034.0	277.98742159316203	815724.38460742205	137.0	137
107.0	99.0	78.0	108.0	99.0	78.0	3	0.0	2.7789193354771438e-05	DLR00012733-2009-11-10_09-57-58	28907.855020221115	7	107	554.0	1037.0	10355.048221949311	1527904.0401635526	137.0	137
109.0	100.0	79.0	109.0	101.0	79.0	4	0.0	4.3336966634579685e-05	DLR00012733-2009-11-10_09-57-58	51239.976072730293	7	107	685.0	1037.0	14288.897009466167	1220490.1436261062	137.0	137
109.0	101.0	78.0	109.0	101.0	79.0	5	0.00046581439884063971	4.7596873243516149e-05	DLR00012733-2009-11-10_09-57-58	61156.83125759384	7	107	826.0	1034.0	36123.892327566507	2788276.2445008024	137.0	137
109.0	101.0	79.0	109.0	101.0	79.0	6	0.0	5.3025623040769612e-05	DLR00012733-2009-11-10_09-57-58	59535.896562664071	7	107	957.0	1034.0	9764.7076200710526	746859.70834842918	137.0	137
108.0	101.0	79.0	108.0	102.0	79.0	7	0.0	5.5209372229783454e-05	DLR00012733-2009-11-10_09-57-58	57364.270303290774	7	107	1101.0	1035.0	4217.5723682679809	293046.4460949226	137.0	137
107.0	101.0	79.0	107.0	101.0	79.0	8	0.0	4.3336966634579685e-05	DLR00012733-2009-11-10_09-57-58	55240.904703930923	7	107	1231.0	1034.0	19847.663945360728	1686193.7096941152	137.0	137
107.0	101.0	79.0	107.0	101.0	79.0	9	0.00046581439884063971	4.6935600385721076e-05	DLR00012733-2009-11-10_09-57-58	56338.266794854004	7	107	1378.0	1041.0	15933.55505621794	1304960.8436416334	137.0	137
107.0	101.0	79.0	107.0	101.0	80.0	10	0.0	4.7104790495895042e-05	DLR00012733-2009-11-10_09-57-58	55431.267721724165	7	107	1505.0	1034.0	8695.9802720136395	672793.0241705915	137.0	137
106.0	101.0	80.0	107.0	101.0	80.0	11	0.0	4.6935600385721076e-05	DLR00012733-2009-11-10_09-57-58	51153.606979374286	7	107	1641.0	1046.0	600.74872269726245	46818.071269603031	137.0	137
106.0	100.0	79.0	106.0	101.0	80.0	12	0.0	4.2675693776784605e-05	DLR00012733-2009-11-10_09-57-58	47779.138188095545	7	107	1777.0	1028.0	12981.105361279646	1199434.397287925	137.0	137
106.0	100.0	79.0	106.0	100.0	80.0	13	0.0	3.9830671729975683e-05	DLR00012733-2009-11-10_09-57-58	44261.416408187397	7	107	1925.0	1026.0	7750.9034617419538	756025.15087210806	137.0	137
106.0	100.0	79.0	106.0	100.0	79.0	14	0.00077635733140106618	3.1556899885913304e-05	DLR00012733-2009-11-10_09-57-58	36378.42503194938	7	107	2063.0	1041.0	8786.8596408454778	1058980.1834791161	137.0	137
106.0	100.0	78.0	106.0	100.0	78.0	15	0.0	2.7958266134771917e-05	DLR00012733-2009-11-10_09-57-58	32461.214620754403	7	107	2189.0	1034.0	10256.338054983869	1341127.1844107448	137.0	137
106.0	100.0	78.0	106.0	100.0	78.0	16	0.0	2.479023412034237e-05	DLR00012733-2009-11-10_09-57-58	31953.607445016914	7	107	2323.0	1034.0	15546.367751118585	2257423.7221158324	137.0	137
106.0	100.0	77.0	106.0	100.0	77.0	17	0.0	2.4451971230167922e-05	DLR00012733-2009-11-10_09-57-58	30178.562278586272	7	107	2468.0	1032.0	22733.001571153534	3597560.0478753685	137.0	137
107.0	99.0	77.0	107.0	99.0	77.0	18	0.0	2.4282781119993949e-05	DLR00012733-2009-11-10_09-57-58	25173.251579943539	7	107	2601.0	1036.0	17424.414515311975	3252493.5225919983	137.0	137
107.0	99.0	76.0	108.0	100.0	77.0	19	0.0021738005279229853	2.4282781119993949e-05	DLR00012733-2009-11-10_09-57-58	25097.362690965456	7	107	2737.0	1034.0	8658.7378883852907	1292575.1105015269	137.0	137
107.0	99.0	76.0	107.0	99.0	76.0	20	0.0	1.2579565634964152e-05	DLR00012733-2009-11-10_09-57-58	15671.251982219665	7	107	2869.0	1036.0	5989.408750829788	1556638.9410485998	137.0	137
106.0	98.0	75.0	107.0	98.0	75.0	21	0.0	-5.5378733474701699e-07	DLR00012733-2009-11-10_09-57-58	-1960.1647932422479	7	107	3011.0	1034.0	678.26982018070964	1383486.3917499096	137.0	137
105.0	95.0	74.0	105.0	96.0	74.0	22	0.0	-3.3556535864459145e-05	DLR00012733-2009-11-10_09-57-58	-39164.114262493924	7	107	3145.0	1031.0	-20931.37758902954	2674575.2142746234	137.0	137
101.0	93.0	72.0	101.0	93.0	72.0	23	0.0	-6.7989421878852642e-05	DLR00012733-2009-11-10_09-57-58	-92583.269329488016	7	107	3285.0	1034.0	-5183.3255060885522	283633.28890844161	137.0	137
97.0	90.0	70.0	97.0	90.0	70.0	24	0.0	-0.00011111131122129305	DLR00012733-2009-11-10_09-57-58	-133869.54257642844	7	107	3410.0	1030.0	-28395.882411654773	1009189.5362558874	137.0	137
104.0	96.0	76.0	104.0	96.0	76.0	1	0.0	-2.1853320379429352e-05	DLR00012733-2009-11-10_09-57-58	-9913.2970847949036	8	107	272.0	1171.0	-5575.6201451233692	1043374.1597225815	137.0	137
105.0	97.0	76.0	106.0	97.0	77.0	2	0.0	-2.968207644844095e-06	DLR00012733-2009-11-10_09-57-58	-7821.6918570075668	8	107	409.0	1171.0	-494.36717500116555	929920.84415920486	137.0	137
107.0	99.0	77.0	107.0	99.0	78.0	3	0.00010351431085347549	1.6839472243900617e-05	DLR00012733-2009-11-10_09-57-58	20637.133131704359	8	107	546.0	1167.0	3639.4958998328411	683940.18399668753	137.0	137
108.0	100.0	78.0	108.0	100.0	78.0	4	0.0	3.2218172743708385e-05	DLR00012733-2009-11-10_09-57-58	41573.041419941277	8	107	681.0	1173.0	18637.705823967877	2071390.0103514311	137.0	137
109.0	101.0	78.0	109.0	101.0	78.0	5	0.0	4.3336966634579685e-05	DLR00012733-2009-11-10_09-57-58	50769.004465631609	8	107	820.0	1171.0	6130.3168954991106	509301.34672118421	137.0	137
108.0	101.0	78.0	109.0	101.0	78.0	6	0.0	4.3167893854579202e-05	DLR00012733-2009-11-10_09-57-58	50080.170992988344	8	107	957.0	1171.0	8704.2965023214929	771878.88929144444	137.0	137
108.0	101.0	78.0	108.0	101.0	78.0	7	0.0	4.3167893854579202e-05	DLR00012733-2009-11-10_09-57-58	47956.7518757422	8	107	1093.0	1172.0	9913.5276656980968	913323.96175146219	137.0	137
107.0	100.0	79.0	107.0	100.0	79.0	8	0.0010351431085347548	3.966148161980171e-05	DLR00012733-2009-11-10_09-57-58	47017.162107074284	8	107	1231.0	1171.0	35130.74793213595	3521759.3610579162	137.0	137
107.0	100.0	79.0	107.0	101.0	79.0	9	0.0	4.3336966634579685e-05	DLR00012733-2009-11-10_09-57-58	46561.392774006898	8	107	1371.0	1166.0	7334.1001460182024	643562.69395993999	137.0	137
106.0	100.0	79.0	107.0	101.0	80.0	10	0.0	4.5682220807403836e-05	DLR00012733-2009-11-10_09-57-58	44290.606891029907	8	107	1505.0	1171.0	286.30951296632463	22789.748977796178	137.0	137
106.0	100.0	79.0	106.0	101.0	79.0	11	0.0	3.9830671729975683e-05	DLR00012733-2009-11-10_09-57-58	42494.398309552969	8	107	1636.0	1171.0	2289.7214747632534	227649.77511515966	137.0	137
106.0	100.0	79.0	106.0	100.0	79.0	12	0.0	3.966148161980171e-05	DLR00012733-2009-11-10_09-57-58	39883.783713203615	8	107	1775.0	1167.0	7412.4981212117582	777576.3265358936	137.0	137
105.0	100.0	79.0	105.0	100.0	79.0	13	0.0	3.1556899885913304e-05	DLR00012733-2009-11-10_09-57-58	33493.7913648182	8	107	1916.0	1171.0	1092.8978609207195	148133.36835567516	137.0	137
105.0	100.0	78.0	105.0	100.0	78.0	14	0.0	2.729699327697684e-05	DLR00012733-2009-11-10_09-57-58	30138.259760134079	8	107	2052.0	1171.0	7348.0622895482957	1073843.0632472439	137.0	137
105.0	99.0	78.0	105.0	99.0	79.0	15	0.0	2.4451971230167922e-05	DLR00012733-2009-11-10_09-57-58	24602.459754276333	8	107	2189.0	1171.0	5074.1934203955543	783769.19310594688	137.0	137
105.0	99.0	78.0	105.0	99.0	78.0	16	0.0	1.6347389496279513e-05	DLR00012733-2009-11-10_09-57-58	21270.176501719998	8	107	2326.0	1171.0	6482.9396277370888	1247986.4711971427	137.0	137
105.0	99.0	77.0	106.0	99.0	77.0	17	0.0	1.2579565634964152e-05	DLR00012733-2009-11-10_09-57-58	14932.39818501903	8	107	2463.0	1177.0	4752.2628160688819	1301740.5530252059	137.0	137
106.0	99.0	76.0	106.0	99.0	77.0	18	0.0	1.241049285496367e-05	DLR00012733-2009-11-10_09-57-58	12203.121605579096	8	107	2600.0	1171.0	2776.4234896939884	871212.46907509957	137.0	137
106.0	99.0	76.0	107.0	99.0	76.0	19	0.0	1.241049285496367e-05	DLR00012733-2009-11-10_09-57-58	9869.0584372949161	8	107	2738.0	1164.0	3658.9334921454742	1473654.5290098856	137.0	137
107.0	98.0	75.0	107.0	99.0	76.0	20	0.0	1.2579565634964152e-05	DLR00012733-2009-11-10_09-57-58	5307.0526070317374	8	107	2874.0	1171.0	1093.0881487291267	276449.56368717976	137.0	137
106.0	97.0	75.0	106.0	98.0	75.0	21	0.0	-2.968207644844095e-06	DLR00012733-2009-11-10_09-57-58	-11663.687700144928	8	107	3011.0	1171.0	-929.20082105311826	886323.06350602966	137.0	137
104.0	95.0	73.0	104.0	95.0	73.0	22	0.0	-3.3725608644459627e-05	DLR00012733-2009-11-10_09-57-58	-49055.988638020026	8	107	3145.0	1171.0	-8774.5834484312891	947013.15589255211	137.0	137
100.0	92.0	71.0	100.0	92.0	72.0	23	0.0	-7.9861710143882921e-05	DLR00012733-2009-11-10_09-57-58	-99589.90006293793	8	107	3281.0	1168.0	-55950.411387123131	2723127.2881838423	137.0	137
96.0	90.0	70.0	96.0	90.0	70.0	24	0.0	-0.00012172253478164244	DLR00012733-2009-11-10_09-57-58	-139784.59151383492	8	107	3422.0	1170.0	-27475.406657272604	915305.67905387923	137.0	137
104.0	96.0	75.0	103.0	95.0	75.0	1	0.0	-3.3556535864459145e-05	DLR00012733-2009-11-10_09-57-58	-29084.297402906024	9	107	286.0	1314.0	-11866.485920641497	1550941.503804151	137.0	137
105.0	97.0	76.0	105.0	98.0	77.0	2	0.0	-2.7991348648436146e-06	DLR00012733-2009-11-10_09-57-58	-13725.486822640329	9	107	414.0	1310.0	-16.063020730752399	225915.77247554477	137.0	137
107.0	99.0	77.0	107.0	98.0	77.0	3	0.0	1.2579565634964152e-05	DLR00012733-2009-11-10_09-57-58	13575.981220200762	9	107	562.0	1296.0	218.13081642278237	67378.388282180007	137.0	137
108.0	100.0	77.0	108.0	100.0	78.0	4	0.0	2.7958266134771917e-05	DLR00012733-2009-11-10_09-57-58	33269.818239883447	9	107	683.0	1308.0	7965.0424014505952	956178.59841623099	137.0	137
108.0	101.0	77.0	108.0	101.0	78.0	5	0.0	3.9830671729975683e-05	DLR00012733-2009-11-10_09-57-58	45133.056611835229	9	107	820.0	1308.0	11529.472675804869	1127101.7157497024	137.0	137
108.0	101.0	78.0	108.0	100.0	77.0	6	0.0	3.2218172743708385e-05	DLR00012733-2009-11-10_09-57-58	42840.127716373463	9	107	961.0	1312.0	33424.923383467198	3766006.018580819	137.0	137
107.0	100.0	78.0	107.0	100.0	78.0	7	0.0	3.2218172743708385e-05	DLR00012733-2009-11-10_09-57-58	38623.199072874027	9	107	1102.0	1306.0	8133.9445787338163	915057.96439107705	137.0	137
107.0	100.0	78.0	107.0	100.0	78.0	8	0.0	3.1556899885913304e-05	DLR00012733-2009-11-10_09-57-58	36874.834295917586	9	107	1228.0	1313.0	10314.660443190434	1205627.2638579784	137.0	137
106.0	100.0	78.0	106.0	100.0	79.0	9	0.0	3.1556899885913304e-05	DLR00012733-2009-11-10_09-57-58	36331.766373275961	9	107	1368.0	1308.0	11271.043283529594	1348063.1949692045	137.0	137
106.0	100.0	78.0	106.0	100.0	79.0	10	0.0	3.1556899885913304e-05	DLR00012733-2009-11-10_09-57-58	35295.342996856838	9	107	1505.0	1308.0	8262.342880860715	996060.6591273743	137.0	137
106.0	100.0	78.0	105.0	100.0	78.0	11	0.0	2.4451971230167922e-05	DLR00012733-2009-11-10_09-57-58	32241.401609138364	9	107	1646.0	1305.0	26138.398353724268	3850724.4332591486	137.0	137
105.0	100.0	78.0	105.0	100.0	78.0	12	0.0	2.4451971230167922e-05	DLR00012733-2009-11-10_09-57-58	28740.214877245551	9	107	1779.0	1308.0	15413.3244351661	2454109.1643807255	137.0	137
105.0	99.0	78.0	105.0	100.0	78.0	13	0.0	2.4282781119993949e-05	DLR00012733-2009-11-10_09-57-58	26470.205652119388	9	107	1916.0	1308.0	10115.040872719974	1712946.8932767452	137.0	137
105.0	99.0	78.0	106.0	100.0	79.0	14	0.0	2.8135200036396296e-05	DLR00012733-2009-11-10_09-57-58	19985.578064894995	9	107	2054.0	1308.0	213.07125935327824	27744.042233838827	137.0	137
104.0	99.0	77.0	105.0	99.0	77.0	15	0.0	1.1918292777169072e-05	DLR00012733-2009-11-10_09-57-58	11535.234467399174	9	107	2189.0	1308.0	1558.400251875544	449354.39832306822	137.0	137
104.0	98.0	77.0	105.0	99.0	77.0	16	0.0013456860410951813	9.0732707303601537e-06	DLR00012733-2009-11-10_09-57-58	8191.5628517338273	9	107	2326.0	1308.0	1958.64082725854	841238.99487604166	137.0	137
105.0	98.0	76.0	105.0	98.0	77.0	17	0.0	8.9040806201861808e-06	DLR00012733-2009-11-10_09-57-58	2778.4501655560684	9	107	2464.0	1307.0	1940.9507484437959	1287868.531908286	137.0	137
105.0	98.0	75.0	105.0	98.0	76.0	18	0.0	-2.7991348648436146e-06	DLR00012733-2009-11-10_09-57-58	-1857.4500285542722	9	107	2600.0	1308.0	-498.79671418709097	2671602.6383209978	137.0	137
106.0	98.0	75.0	106.0	98.0	75.0	19	0.0021220433724962475	-2.7991348648436146e-06	DLR00012733-2009-11-10_09-57-58	-1047.2107305785639	9	107	2737.0	1308.0	1114.1230067216607	1055759.8928626881	137.0	137
106.0	98.0	75.0	107.0	99.0	76.0	20	0.0	1.241049285496367e-05	DLR00012733-2009-11-10_09-57-58	-7464.0710589685696	9	107	2874.0	1307.0	56.93279437423358	17835.455721753529	137.0	137
105.0	97.0	74.0	105.0	97.0	74.0	21	0.0042958439004192328	-1.8346908144651863e-05	DLR00012733-2009-11-10_09-57-58	-21206.136955304053	9	107	3009.0	1308.0	-9625.7983367381239	2495477.513068682	137.0	137
103.0	94.0	72.0	104.0	95.0	73.0	22	0.0	-4.8181624659934447e-05	DLR00012733-2009-11-10_09-57-58	-60381.925752602736	9	107	3148.0	1307.0	-12385.875780918379	1114220.5532839915	137.0	137
99.0	92.0	71.0	100.0	92.0	72.0	23	0.00025878577713368871	-8.3198932268486447e-05	DLR00012733-2009-11-10_09-57-58	-110596.98796473	9	107	3285.0	1307.0	-3176.7397143811909	157794.24020495833	137.0	137
96.0	89.0	70.0	96.0	89.0	70.0	24	0.0	-0.00012649001172110083	DLR00012733-2009-11-10_09-57-58	-149563.10253276202	9	107	3416.0	1309.0	-32924.266702058994	1036933.5784897262	137.0	137
103.0	95.0	75.0	103.0	95.0	75.0	1	0.0	-3.246466126995222e-05	DLR00012733-2009-11-10_09-57-58	-29464.62279178188	10	107	281.0	1449.0	-3717.5601995596576	526641.37311733339	137.0	137
105.0	97.0	75.0	105.0	97.0	76.0	2	0.0	-1.4410011503336021e-05	DLR00012733-2009-11-10_09-57-58	-19301.325040779233	10	107	413.0	1447.0	-3288.2735116760859	1166488.3471352414	137.0	137
106.0	98.0	76.0	106.0	98.0	76.0	3	0.0	1.4607717440928522e-06	DLR00012733-2009-11-10_09-57-58	4835.9695395408744	10	107	552.0	1441.0	3248.2199720855965	2952758.7806014181	137.0	137
107.0	99.0	77.0	108.0	100.0	78.0	4	0.0	2.7789193354771438e-05	DLR00012733-2009-11-10_09-57-58	27289.78524054119	10	107	683.0	1446.0	7091.1728298789512	965096.32627710782	137.0	137
108.0	100.0	77.0	108.0	100.0	78.0	5	0.0	3.2218172743708385e-05	DLR00012733-2009-11-10_09-57-58	40444.090969164696	10	107	823.0	1447.0	19814.804007226179	2226211.6746027637	137.0	137
108.0	100.0	77.0	108.0	100.0	77.0	6	0.0	3.2218172743708385e-05	DLR00012733-2009-11-10_09-57-58	38158.961099421387	10	107	957.0	1445.0	7124.2315965613134	800861.50483929412	137.0	137
107.0	100.0	77.0	108.0	100.0	77.0	7	0.0	2.7958266134771917e-05	DLR00012733-2009-11-10_09-57-58	32302.643695424598	10	107	1094.0	1445.0	6724.6207902005344	872451.04238911031	137.0	137
106.0	99.0	77.0	106.0	100.0	78.0	8	0.00056932870969411524	2.4451971230167922e-05	DLR00012733-2009-11-10_09-57-58	25044.64448240093	10	107	1229.0	1446.0	6473.236907552473	1042135.5864085711	137.0	137
106.0	99.0	78.0	106.0	99.0	78.0	9	0.0	2.4282781119993949e-05	DLR00012733-2009-11-10_09-57-58	23752.72040227451	10	107	1368.0	1445.0	10850.054353783707	2038691.6748615496	137.0	137
105.0	99.0	78.0	105.0	99.0	78.0	10	0.0	2.4282781119993949e-05	DLR00012733-2009-11-10_09-57-58	23000.084144779674	10	107	1510.0	1442.0	6765.5517940489472	1214792.7063816572	137.0	137
105.0	99.0	78.0	105.0	99.0	78.0	11	0.0	1.6347389496279513e-05	DLR00012733-2009-11-10_09-57-58	20056.870144681736	10	107	1642.0	1445.0	5572.341064474449	1085733.3670617463	137.0	137
105.0	99.0	77.0	105.0	99.0	78.0	12	0.0	1.6347389496279513e-05	DLR00012733-2009-11-10_09-57-58	19278.490686988134	10	107	1779.0	1445.0	5736.2908563225792	1205131.8345323741	137.0	137
104.0	99.0	77.0	105.0	99.0	78.0	13	0.0	1.6347389496279513e-05	DLR00012733-2009-11-10_09-57-58	15375.718950901159	10	107	1918.0	1448.0	3144.9874644528418	665113.86962372542	137.0	137
104.0	98.0	77.0	104.0	99.0	77.0	14	0.0	9.0732707303601537e-06	DLR00012733-2009-11-10_09-57-58	8398.5234106620937	10	107	2043.0	1440.0	3122.534613010449	1256161.0550696133	137.0	137
104.0	98.0	76.0	104.0	98.0	77.0	15	0.0	7.9949888629777349e-07	DLR00012733-2009-11-10_09-57-58	-1488.6311038147201	10	107	2192.0	1449.0	790.61789421286687	1176644.6483101288	137.0	137
104.0	97.0	76.0	104.0	98.0	77.0	16	0.0	-1.7072602703366939e-06	DLR00012733-2009-11-10_09-57-58	-5879.7877115974297	10	107	2318.0	1442.0	183.08442911032066	804824.93944412819	137.0	137
104.0	97.0	76.0	104.0	97.0	76.0	17	0.0	-6.4746198796215846e-06	DLR00012733-2009-11-10_09-57-58	-11342.583598929445	10	107	2460.0	1446.0	-5861.8409334070348	2752109.9037316907	137.0	137
105.0	97.0	75.0	105.0	98.0	76.0	18	0.0	-3.7986706128131456e-06	DLR00012733-2009-11-10_09-57-58	-12662.606807610788	10	107	2600.0	1444.0	-892.40789246317763	828853.261735935	137.0	137
105.0	97.0	74.0	106.0	98.0	75.0	19	0.0	-4.0601995695245066e-06	DLR00012733-2009-11-10_09-57-58	-13106.673725926195	10	107	2732.0	1442.0	-1786.1987977804795	1105550.5400859169	137.0	137
105.0	97.0	74.0	106.0	97.0	74.0	20	0.0	-8.4891789584614526e-06	DLR00012733-2009-11-10_09-57-58	-16159.151750385376	10	107	2866.0	1443.0	-2547.9896293241441	1063934.4767351586	137.0	137
105.0	96.0	74.0	105.0	97.0	74.0	21	0.0	-1.8346908144651863e-05	DLR00012733-2009-11-10_09-57-58	-31155.045574232834	10	107	3004.0	1444.0	-3823.6953599930512	725308.53268464375	137.0	137
103.0	94.0	72.0	103.0	94.0	72.0	22	0.0	-6.0054030255138216e-05	DLR00012733-2009-11-10_09-57-58	-69477.608293292127	10	107	3146.0	1441.0	-45818.600292829382	3180656.2703793799	137.0	137
99.0	91.0	70.0	99.0	91.0	71.0	23	0.0	-9.5240410643690685e-05	DLR00012733-2009-11-10_09-57-58	-122895.85318564803	10	107	3283.0	1445.0	-28246.720680090668	1148405.1767506858	137.0	137
95.0	89.0	69.0	95.0	89.0	70.0	24	0.0	-0.00012933503376790973	DLR00012733-2009-11-10_09-57-58	-159404.25126082738	10	107	3413.0	1443.0	-36083.823634548644	1078549.6418404845	137.0	137
103.0	95.0	76.0	102.0	95.0	75.0	1	0.0	-3.7985515253396098e-05	DLR00012733-2009-11-10_09-57-58	-25229.576872603928	11	107	272.0	1582.0	-8924.0966424368344	871460.18373790174	137.0	137
104.0	96.0	75.0	104.0	96.0	75.0	2	0.0	-2.1684130269255379e-05	DLR00012733-2009-11-10_09-57-58	-31547.824362541818	11	107	412.0	1582.0	-15160.57070699378	2489284.646498628	137.0	137
106.0	98.0	76.0	106.0	98.0	76.0	3	0.0	-2.968207644844095e-06	DLR00012733-2009-11-10_09-57-58	-3510.2555474951923	11	107	558.0	1582.0	-1427.260401485401	2454356.8790435279	137.0	137
107.0	99.0	77.0	107.0	99.0	77.0	4	0.0	1.3333177339296621e-05	DLR00012733-2009-11-10_09-57-58	17366.557691851223	11	107	687.0	1580.0	5878.6567245175283	1293318.2544899331	137.0	137
108.0	100.0	77.0	108.0	100.0	77.0	5	0.0	2.7789193354771438e-05	DLR00012733-2009-11-10_09-57-58	30472.353010325223	11	107	829.0	1587.0	18012.429397711199	2717182.1362765902	137.0	137
108.0	100.0	77.0	108.0	100.0	78.0	6	0.0	3.2218172743708385e-05	DLR00012733-2009-11-10_09-57-58	31667.398347133691	11	107	957.0	1582.0	2884.1981145428613	315340.76574711449	137.0	137
107.0	99.0	77.0	107.0	99.0	77.0	7	0.0	1.6839472243900617e-05	DLR00012733-2009-11-10_09-57-58	22084.994799237316	11	107	1101.0	1583.0	13182.445696813058	2707025.8351017032	137.0	137
105.0	99.0	77.0	106.0	99.0	77.0	8	0.0	1.241049285496367e-05	DLR00012733-2009-11-10_09-57-58	12782.483274614158	11	107	1235.0	1585.0	4374.2638261348757	1248481.9005227471	137.0	137
105.0	98.0	77.0	105.0	98.0	77.0	9	0.0	8.9040806201861808e-06	DLR00012733-2009-11-10_09-57-58	7867.7277893298433	11	107	1381.0	1583.0	4201.3864526070238	2396887.0772734326	137.0	137
104.0	98.0	77.0	105.0	98.0	77.0	10	0.0	9.0732707303601537e-06	DLR00012733-2009-11-10_09-57-58	6815.5062678726135	11	107	1509.0	1573.0	1723.3237661556559	716390.80482376681	137.0	137
104.0	98.0	77.0	104.0	98.0	77.0	11	0.0	8.9040806201861808e-06	DLR00012733-2009-11-10_09-57-58	1026.6256621764621	11	107	1653.0	1587.0	1252.2589458086425	844954.71481807344	137.0	137
104.0	98.0	76.0	105.0	99.0	77.0	12	0.0021220433724962475	1.0326650308677387e-05	DLR00012733-2009-11-10_09-57-58	-56.890089396618492	11	107	1778.0	1585.0	48.889375578330032	17340.026396149267	137.0	137
104.0	98.0	76.0	104.0	98.0	77.0	13	0.0	7.9949888629777349e-07	DLR00012733-2009-11-10_09-57-58	-2794.7628005221868	11	107	1916.0	1582.0	578.41644083976996	1319823.7234097612	137.0	137
103.0	97.0	76.0	104.0	98.0	76.0	14	0.0	-6.3054297694476126e-06	DLR00012733-2009-11-10_09-57-58	-10781.204606717756	11	107	2053.0	1582.0	-1833.3172481662066	1170451.7817400757	137.0	137
103.0	97.0	75.0	103.0	97.0	76.0	15	0.0	-7.2281142537805623e-06	DLR00012733-2009-11-10_09-57-58	-16017.168953683251	11	107	2189.0	1581.0	-3433.9986306070496	1258885.9163604369	137.0	137
103.0	97.0	75.0	103.0	97.0	75.0	16	0.0	-1.7424223660318911e-05	DLR00012733-2009-11-10_09-57-58	-22617.756963925203	11	107	2326.0	1581.0	-2719.75557157803	701775.63971844106	137.0	137
103.0	96.0	75.0	104.0	96.0	75.0	17	0.0	-1.9100519848984328e-05	DLR00012733-2009-11-10_09-57-58	-27836.807731851306	11	107	2463.0	1581.0	-4183.2639516489835	862542.45587702503	137.0	137
104.0	96.0	74.0	104.0	96.0	75.0	18	0.0	-1.8346908144651863e-05	DLR00012733-2009-11-10_09-57-58	-30182.038254607276	11	107	2600.0	1581.0	-4930.2431968331393	904158.5192277832	137.0	137
105.0	97.0	74.0	105.0	97.0	74.0	19	0.00082811448682780389	-1.8346908144651863e-05	DLR00012733-2009-11-10_09-57-58	-27106.398295213803	11	107	2737.0	1581.0	-2423.2214731899048	557110.27664199576	137.0	137
105.0	96.0	74.0	105.0	97.0	74.0	20	0.00082811448682780389	-1.9438900069332274e-05	DLR00012733-2009-11-10_09-57-58	-28555.484255730717	11	107	2870.0	1581.0	-16507.020495010955	2905692.9946690132	137.0	137
104.0	95.0	73.0	104.0	95.0	73.0	21	0.0018632575953625588	-3.3725608644459627e-05	DLR00012733-2009-11-10_09-57-58	-44861.494001711049	11	107	3011.0	1583.0	-22021.424262738954	2494238.939754671	137.0	137
102.0	93.0	72.0	102.0	93.0	72.0	22	0.0	-6.4313936864074687e-05	DLR00012733-2009-11-10_09-57-58	-82147.325866640575	11	107	3147.0	1581.0	-14062.726959101044	883102.77288960211	137.0	137
98.0	90.0	70.0	98.0	90.0	70.0	23	0.0	-0.00011061911114349846	DLR00012733-2009-11-10_09-57-58	-139615.53982085903	11	107	3283.0	1585.0	-21289.349981571926	745868.84969722072	137.0	137
95.0	88.0	69.0	94.0	88.0	69.0	24	0.0	-0.00014454454415754352	DLR00012733-2009-11-10_09-57-58	-172164.2191193531	11	107	3410.0	1583.0	-44321.614450989458	1206865.837171989	137.0	137
103.0	95.0	76.0	102.0	94.0	75.0	1	0.0	-4.7843361769759992e-05	DLR00012733-2009-11-10_09-57-58	-27373.238676391687	12	107	272.0	1719.0	-9285.0822456947717	843716.14150406292	137.0	137
103.0	95.0	74.0	103.0	95.0	75.0	2	0.0	-3.7062830769063147e-05	DLR00012733-2009-11-10_09-57-58	-47919.598126392011	12	107	411.0	1723.0	-31479.125234974792	3244566.6533823302	137.0	137
105.0	96.0	75.0	105.0	97.0	76.0	3	0.0	-1.817783536465138e-05	DLR00012733-2009-11-10_09-57-58	-21764.150049709191	12	107	546.0	1719.0	-3756.2676511751497	1012657.5415351172	137.0	137
106.0	98.0	76.0	107.0	98.0	77.0	4	0.0	1.1656881150631203e-05	DLR00012733-2009-11-10_09-57-58	4075.1152218762186	12	107	686.0	1717.0	1774.8351184065441	744382.56172040792	137.0	137
107.0	99.0	77.0	107.0	99.0	77.0	5	0.0	2.226822204115408e-05	DLR00012733-2009-11-10_09-57-58	19228.592020941149	12	107	823.0	1721.0	3965.1025971333879	736703.40717354184	137.0	137
107.0	99.0	77.0	107.0	99.0	77.0	6	0.0	2.4282781119993949e-05	DLR00012733-2009-11-10_09-57-58	22099.909636046028	12	107	961.0	1725.0	4768.1779318131412	867744.46379586984	137.0	137
106.0	99.0	76.0	106.0	99.0	76.0	7	0.0	1.1318500930283259e-05	DLR00012733-2009-11-10_09-57-58	10788.074080579639	12	107	1101.0	1721.0	6364.4706071402925	2671354.9236581954	137.0	137
105.0	98.0	76.0	105.5	98.0	77.0	8	0.0	8.9040806201861808e-06	DLR00012733-2009-11-10_09-57-58	1219.4492798544798	12	107	1233.0	1717.0	1124.7625375402326	768410.88401221472	137.0	137
104.0	98.0	76.0	105.0	98.0	77.0	9	0.0	-2.7991348648436146e-06	DLR00012733-2009-11-10_09-57-58	-4401.7346707648821	12	107	1368.0	1719.0	182.0347629197619	578909.16696858348	137.0	137
104.0	97.0	76.0	104.0	97.0	76.0	10	0.0	-6.3054297694476126e-06	DLR00012733-2009-11-10_09-57-58	-7967.3466136450988	12	107	1499.0	1718.0	-1351.8441688064327	1035695.0051757155	137.0	137
104.0	97.0	76.0	104.0	97.0	76.0	11	0.0	-6.3054297694476126e-06	DLR00012733-2009-11-10_09-57-58	-13205.465587303597	12	107	1636.0	1719.0	-1938.5081956795952	935618.28140365402	137.0	137
103.0	97.0	76.0	103.0	97.0	76.0	12	0.0	-6.4746198796215846e-06	DLR00012733-2009-11-10_09-57-58	-17952.168454270453	12	107	1779.0	1722.0	-2448.2872563257133	913076.24708866014	137.0	137
103.0	97.0	75.0	103.0	97.0	76.0	13	0.0	-1.7085960770144462e-05	DLR00012733-2009-11-10_09-57-58	-22256.789056037243	12	107	1916.0	1718.0	-3461.4502365425233	936856.85471766477	137.0	137
103.0	96.0	75.0	103.0	96.0	76.0	14	0.00025878577713368871	-2.1684130269255379e-05	DLR00012733-2009-11-10_09-57-58	-28623.746931143058	12	107	2050.0	1717.0	-3983.9051291214773	798632.0728740748	137.0	137
103.0	96.0	75.0	103.0	96.0	75.0	15	0.0	-2.1853320379429352e-05	DLR00012733-2009-11-10_09-57-58	-33402.539600028358	12	107	2185.0	1718.0	-8283.6497910813832	1281675.6653382331	137.0	137
103.0	96.0	75.0	103.0	96.0	75.0	16	0.0	-3.246466126995222e-05	DLR00012733-2009-11-10_09-57-58	-36728.728543119192	12	107	2326.0	1718.0	-20111.58759425129	2738733.3119403757	137.0	137
103.0	95.0	74.0	103.0	96.0	75.0	17	0.0037265151907251177	-3.246466126995222e-05	DLR00012733-2009-11-10_09-57-58	-39254.706836836252	12	107	2461.0	1716.0	-5989.7443391661527	1013400.6855235236	137.0	137
103.0	95.0	74.0	104.0	95.0	74.0	18	0.0	-3.3725608644459627e-05	DLR00012733-2009-11-10_09-57-58	-46846.95576260439	12	107	2600.0	1718.0	-7798.1670216161792	897470.22333212569	137.0	137
104.0	96.0	73.0	104.0	96.0	73.0	19	0.0	-3.3725608644459627e-05	DLR00012733-2009-11-10_09-57-58	-46240.792319807406	12	107	2736.0	1718.0	-22899.515794502284	2409272.8104135399	137.0	137
104.0	95.0	73.0	104.0	95.0	74.0	20	0.0	-3.3725608644459627e-05	DLR00012733-2009-11-10_09-57-58	-48543.10371376988	12	107	2874.0	1718.0	-8398.5930215797198	923975.69225195388	137.0	137
103.0	94.0	73.0	102.0	94.0	72.0	21	0.0	-5.4625280457884753e-05	DLR00012733-2009-11-10_09-57-58	-63978.419672599586	12	107	3011.0	1718.0	-1867.1286428502121	126582.19269188965	137.0	137
101.0	92.0	72.0	101.0	92.0	72.0	22	0.0	-7.9692637363882452e-05	DLR00012733-2009-11-10_09-57-58	-98582.679272215275	12	107	3140.0	1713.0	-15688.704791791781	789466.63035039592	137.0	137
96.0	88.0	69.0	96.0	88.0	69.0	23	0.0	-0.0001302577182522427	DLR00012733-2009-11-10_09-57-58	-163458.46952872595	12	107	3285.0	1717.0	-36386.926435554393	1083256.220433725	137.0	137
94.0	87.0	68.0	94.0	87.0	68.0	24	0.0	-0.0001564169497527473	DLR00012733-2009-11-10_09-57-58	-185164.91885722417	12	107	3408.0	1715.0	-49189.674366989166	1254674.7670928007	137.0	137
101.0	93.0	74.0	101.0	93.0	74.0	1	0.0015527146628021324	-6.4313936864074687e-05	DLR00012733-2009-11-10_09-57-58	-60518.602163053285	13	107	295.0	1858.0	-12843.631772587332	845202.42948087573	137.0	137
102.0	93.0	73.0	102.0	93.0	74.0	2	0.00093162879768127942	-5.3364215753203863e-05	DLR00012733-2009-11-10_09-57-58	-73232.548893521744	13	107	418.0	1865.0	-11158.848490585988	784760.05175715545	137.0	137
104.0	95.0	74.0	104.0	95.0	74.0	3	0.0	-3.3725608644459627e-05	DLR00012733-2009-11-10_09-57-58	-44783.474402702333	13	107	554.0	1860.0	-32057.675530254051	3486088.4496144094	137.0	137
105.0	97.0	76.0	105.0	97.0	76.0	4	0.0	-7.2281142537805623e-06	DLR00012733-2009-11-10_09-57-58	-13926.843841718757	13	107	688.0	1862.0	-6931.0310481797369	2720897.8562186225	137.0	137
106.0	98.0	76.0	106.0	98.0	77.0	5	0.0	9.0732707303601537e-06	DLR00012733-2009-11-10_09-57-58	4768.2259231462176	13	107	837.0	1860.0	2490.7055603099939	959894.31835826312	137.0	137
106.0	98.0	76.0	106.0	98.0	76.0	6	0.0	1.4607717440928522e-06	DLR00012733-2009-11-10_09-57-58	3614.5861765374716	13	107	963.0	1862.0	1265.0208758833842	1083751.6497593294	137.0	137
105.0	97.0	75.0	106.0	98.0	75.0	7	0.0	-2.968207644844095e-06	DLR00012733-2009-11-10_09-57-58	-7872.5284757065519	13	107	1108.0	1864.0	-930.90857850144801	995565.22980177007	137.0	137
104.0	97.0	75.0	104.0	97.0	75.0	8	0.0	-1.4410011503336021e-05	DLR00012733-2009-11-10_09-57-58	-18376.100551896223	13	107	1231.0	1856.0	-2526.7060221846555	865019.60250504641	137.0	137
103.0	96.0	75.0	103.0	96.0	75.0	9	0.0	-2.1684130269255379e-05	DLR00012733-2009-11-10_09-57-58	-27407.833591202125	13	107	1377.0	1857.0	-4570.1844525054221	952462.8784741991	137.0	137
103.0	96.0	75.0	103.0	96.0	75.0	10	0.0	-2.1684130269255379e-05	DLR00012733-2009-11-10_09-57-58	-28475.434667931495	13	107	1514.0	1850.0	-148.92811000205708	25514.610268619639	137.0	137
103.0	96.0	75.0	103.0	96.0	75.0	11	0.0	-2.1853320379429352e-05	DLR00012733-2009-11-10_09-57-58	-34758.404035842163	13	107	1642.0	1855.0	-8156.249833551884	1246004.753894726	137.0	137
102.0	96.0	75.0	102.0	96.0	75.0	12	0.0017597432845090834	-2.9788712003143788e-05	DLR00012733-2009-11-10_09-57-58	-36756.050331972387	13	107	1779.0	1855.0	-4170.2132813863491	657682.42973966151	137.0	137
102.0	95.0	74.0	102.0	96.0	74.0	13	0.0	-3.7062830769063147e-05	DLR00012733-2009-11-10_09-57-58	-44420.969988220386	13	107	1916.0	1855.0	-21547.771525972516	2337930.9875265257	137.0	137
101.0	95.0	74.0	101.0	95.0	74.0	14	0.0	-3.7985515253396098e-05	DLR00012733-2009-11-10_09-57-58	-50600.274906508283	13	107	2053.0	1855.0	-34738.706069665648	3258934.1038248534	137.0	137
101.0	95.0	74.0	102.0	95.0	74.0	15	0.0	-4.7843361769759992e-05	DLR00012733-2009-11-10_09-57-58	-57304.333824469839	13	107	2190.0	1855.0	-12445.671410033017	1095641.9535738316	137.0	137
101.0	95.0	73.0	101.0	95.0	74.0	16	0.0	-4.9104309144267392e-05	DLR00012733-2009-11-10_09-57-58	-60826.074885834721	13	107	2326.0	1855.0	-6150.4071409503604	498649.61622069246	137.0	137
102.0	94.0	73.0	102.0	94.0	73.0	17	0.0	-5.2441531268870911e-05	DLR00012733-2009-11-10_09-57-58	-65182.893051103805	13	107	2468.0	1858.0	-33232.042162506019	2498945.5183479115	137.0	137
102.0	94.0	72.0	103.0	95.0	73.0	18	0.0	-4.9104309144267392e-05	DLR00012733-2009-11-10_09-57-58	-64979.665225780467	13	107	2597.0	1857.0	-8270.9415051139549	670811.30686817458	137.0	137
103.0	94.0	72.0	103.0	95.0	72.0	19	0.0	-4.9104309144267392e-05	DLR00012733-2009-11-10_09-57-58	-63043.325102512135	13	107	2744.0	1854.0	-40172.006697974452	3116002.7433880232	137.0	137
102.0	94.0	72.0	102.0	94.0	73.0	20	0.0	-5.2441531268870911e-05	DLR00012733-2009-11-10_09-57-58	-70301.655769200239	13	107	2874.0	1855.0	-13356.988039851554	989867.79255732102	137.0	137
101.0	93.0	72.0	102.0	93.0	72.0	21	0.00010351431085347549	-6.4483009644075156e-05	DLR00012733-2009-11-10_09-57-58	-86615.604290693242	13	107	3011.0	1855.0	-18985.306176308335	1130817.4356917345	137.0	137
99.0	90.0	70.0	99.0	91.0	71.0	22	0.0	-9.8577632768294212e-05	DLR00012733-2009-11-10_09-57-58	-128769.23866721042	13	107	3141.0	1857.0	-16413.812501023542	646287.55525076343	137.0	137
95.0	87.0	68.0	94.0	86.0	67.0	23	0.0	-0.00016101511925185823	DLR00012733-2009-11-10_09-57-58	-196306.39618957997	13	107	3285.0	1855.0	-99336.56921885685	2391189.6400289843	137.0	137
93.0	86.0	68.0	93.0	86.0	68.0	24	0.0	-0.00017179565025255507	DLR00012733-2009-11-10_09-57-58	-190898.445804177	13	107	3422.0	1855.0	-49963.016627875244	1186800.9494850163	137.0	137
100.0	92.0	73.0	100.0	92.0	73.0	1	0.0	-7.8600762769375534e-05	DLR00012733-2009-11-10_09-57-58	-74743.456439498055	14	107	297.0	1995.0	-16752.531169955248	955187.73976502253	137.0	137
100.0	92.0	72.0	100.0	92.0	72.0	2	0.0	-8.3198932268486447e-05	DLR00012733-2009-11-10_09-57-58	-102510.91736220206	14	107	424.0	1996.0	-17387.517735256835	812999.5233165985	137.0	137
102.0	93.0	74.0	102.0	94.0	74.0	3	0.0	-4.9104309144267392e-05	DLR00012733-2009-11-10_09-57-58	-69929.592330941872	14	107	546.0	1993.0	-941.10230909432948	72580.396201024792	137.0	137
104.0	96.0	75.0	104.0	96.0	75.0	4	0.0	-2.9788712003143788e-05	DLR00012733-2009-11-10_09-57-58	-33684.505761939581	14	107	688.0	1997.0	-14984.671195628696	2207633.0748926038	137.0	137
105.0	96.0	75.0	105.0	97.0	76.0	5	0.0	-1.817783536465138e-05	DLR00012733-2009-11-10_09-57-58	-20463.303194246295	14	107	830.0	1992.0	-3138.6379378391921	891525.07142487448	137.0	137
104.0	96.0	75.0	104.0	96.0	75.0	6	0.0	-1.8346908144651863e-05	DLR00012733-2009-11-10_09-57-58	-24666.051613784504	14	107	965.0	1995.0	-13750.704508238248	2795955.3990476686	137.0	137
104.0	96.0	74.0	104.0	96.0	74.0	7	0.0	-2.1853320379429352e-05	DLR00012733-2009-11-10_09-57-58	-33701.034161908392	14	107	1103.0	1988.0	-3506.6253786530133	604423.77723720309	137.0	137
103.0	95.0	74.0	103.0	95.0	74.0	8	0.00093162879768127942	-3.723202087923712e-05	DLR00012733-2009-11-10_09-57-58	-47421.795840981285	14	107	1231.0	1992.0	-30819.322623250911	3030293.4700584854	137.0	137
102.0	95.0	73.0	102.0	95.0	73.0	9	0.00077635733140106618	-4.9104309144267392e-05	DLR00012733-2009-11-10_09-57-58	-59740.10898448345	14	107	1372.0	1997.0	-37886.479153346532	3047881.2111174371	137.0	137
101.0	94.0	73.0	102.0	95.0	74.0	10	0.0016562289736556078	-4.8181624659934447e-05	DLR00012733-2009-11-10_09-57-58	-64807.207428027657	14	107	1513.0	1992.0	-4657.7522371522382	407986.04963511211	137.0	137
101.0	94.0	73.0	101.0	94.0	73.0	11	0.0	-5.2610721379044884e-05	DLR00012733-2009-11-10_09-57-58	-69754.735099779224	14	107	1642.0	1992.0	-33300.14793318689	2285663.1936752759	137.0	137
100.0	94.0	73.0	100.0	94.0	73.0	12	0.0	-6.0546113002759323e-05	DLR00012733-2009-11-10_09-57-58	-72729.842662134441	14	107	1779.0	1992.0	-30128.917851022074	2022094.7924538066	137.0	137
100.0	94.0	72.0	99.0	94.0	73.0	13	0.0	-6.3560325159742212e-05	DLR00012733-2009-11-10_09-57-58	-80491.107594876172	14	107	1916.0	1992.0	-1012.1609330147185	60690.092386522439	137.0	137
100.0	93.0	72.0	100.0	93.0	72.0	14	0.0011386574193882305	-6.7989421878852642e-05	DLR00012733-2009-11-10_09-57-58	-89832.521516365639	14	107	2051.0	1996.0	-18091.557306501545	993831.22716215521	137.0	137
99.0	93.0	72.0	99.0	93.0	72.0	15	5.1757155426737743e-05	-7.5924813502567081e-05	DLR00012733-2009-11-10_09-57-58	-94134.850839620063	14	107	2190.0	1992.0	-17364.53698605319	939334.00134568603	137.0	137
99.0	92.0	72.0	99.0	93.0	72.0	16	0.00031054293256042647	-7.9692637363882452e-05	DLR00012733-2009-11-10_09-57-58	-97427.841772928732	14	107	2326.0	1994.0	-17890.53449325186	919516.82832151547	137.0	137
100.0	92.0	72.0	100.0	93.0	72.0	17	0.0	-7.9692637363882452e-05	DLR00012733-2009-11-10_09-57-58	-96865.497035228356	14	107	2462.0	1994.0	-26176.0757941027	1321557.7260493764	137.0	137
100.0	93.0	72.0	101.0	93.0	72.0	18	0.0	-6.8742916253011627e-05	DLR00012733-2009-11-10_09-57-58	-91512.978580608295	14	107	2607.0	1991.0	-24285.321179075672	1321062.2967237721	137.0	137
101.0	93.0	72.0	101.0	93.0	72.0	19	0.0	-6.7989421878852642e-05	DLR00012733-2009-11-10_09-57-58	-90058.465835271374	14	107	2738.0	1984.0	-19462.152419366437	1070127.3433052122	137.0	137
100.0	92.0	72.0	100.0	92.0	72.0	20	0.0	-7.9692637363882452e-05	DLR00012733-2009-11-10_09-57-58	-99205.210390859444	14	107	2865.0	1992.0	-10508.468975310907	537045.38895502302	137.0	137
99.0	91.0	71.0	100.0	91.0	71.0	21	0.0	-9.5071337863690216e-05	DLR00012733-2009-11-10_09-57-58	-120138.34307149502	14	107	3011.0	1992.0	-15723.835285731511	668829.58956575755	137.0	137
97.0	88.0	69.0	97.0	89.0	69.0	22	0.0	-0.0001302577182522427	DLR00012733-2009-11-10_09-57-58	-164410.65220204426	14	107	3142.0	1992.0	-29943.148270462367	881368.77024998702	137.0	137
93.0	85.0	66.0	93.0	85.0	66.0	23	0.0	-0.0001873435408625368	DLR00012733-2009-11-10_09-57-58	-228457.31453362896	14	107	3281.0	1987.0	-108559.87373847993	2267827.7379535222	137.0	137
91.0	84.0	66.0	91.0	84.0	66.0	24	0.0	-0.00019243391043944233	DLR00012733-2009-11-10_09-57-58	-222026.28732925074	14	107	3408.0	1993.0	-50367.021927266964	1035199.5758501112	137.0	137
100.0	93.0	75.0	100.0	92.0	74.0	1	0.0016044718182288702	-7.8600762769375534e-05	DLR00012733-2009-11-10_09-57-58	-71789.081614392082	15	107	301.0	2119.0	-16469.39797090006	1006712.3896278661	137.0	137
100.0	92.0	72.0	100.0	92.0	73.0	2	0.0	-7.9692637363882452e-05	DLR00012733-2009-11-10_09-57-58	-98785.07238601055	15	107	421.0	2129.0	-16971.211845322832	849165.86408570979	137.0	137
103.0	93.0	74.0	103.0	93.0	74.0	3	0.0	-5.4625280457884753e-05	DLR00012733-2009-11-10_09-57-58	-67806.488888440363	15	107	551.0	2128.0	-14153.459342291288	980206.92070803791	137.0	137
105.0	96.0	75.0	105.0	96.0	76.0	4	0.0	-1.883910822244646e-05	DLR00012733-2009-11-10_09-57-58	-29628.613268382756	15	107	692.0	2130.0	-6740.2822205210095	1242289.0339526942	137.0	137
104.0	96.0	75.0	105.0	96.0	75.0	5	0.0	-2.929662925552268e-05	DLR00012733-2009-11-10_09-57-58	-35665.130553887044	15	107	836.0	2126.0	-6150.288540784999	908617.38315822172	137.0	137
103.0	95.0	74.0	103.0	95.0	74.0	6	0.0	-4.5428824129489423e-05	DLR00012733-2009-11-10_09-57-58	-51220.718093856049	15	107	966.0	2133.0	-12355.582695195326	1152864.0406811242	137.0	137
103.0	95.0	74.0	103.0	95.0	73.0	7	0.0013456860410951813	-4.8935236364266909e-05	DLR00012733-2009-11-10_09-57-58	-56276.633159431702	15	107	1110.0	2121.0	-9883.5733737227492	857588.16262098239	137.0	137
102.0	94.0	73.0	102.0	94.0	73.0	8	0.0042958439004192328	-5.2610721379044884e-05	DLR00012733-2009-11-10_09-57-58	-66957.695626833127	15	107	1231.0	2129.0	-14752.919702473413	1045355.8770249988	137.0	137
101.0	93.0	72.0	101.0	93.0	72.0	9	0.0	-6.8742916253011627e-05	DLR00012733-2009-11-10_09-57-58	-90332.847576631772	15	107	1382.0	2129.0	-15570.179061739078	851890.72537653334	137.0	137
100.0	92.0	71.0	100.0	92.0	72.0	10	0.0	-8.3198932268486447e-05	DLR00012733-2009-11-10_09-57-58	-102876.28846326396	15	107	1509.0	2126.0	-29154.10388262169	1375559.5225402412	137.0	137
99.0	92.0	71.0	99.0	92.0	71.0	11	0.0	-9.3979463269183299e-05	DLR00012733-2009-11-10_09-57-58	-113897.70597366155	15	107	1642.0	2129.0	-14173.190299861149	618295.79835412255	137.0	137
99.0	92.0	71.0	99.0	92.0	71.0	12	0.0	-9.5071337863690216e-05	DLR00012733-2009-11-10_09-57-58	-114103.38951474184	15	107	1779.0	2129.0	-29501.210634715339	1239564.1726618707	137.0	137
99.0	91.0	71.0	99.0	91.0	71.0	13	0.0	-9.5240410643690685e-05	DLR00012733-2009-11-10_09-57-58	-117361.3108390011	15	107	1916.0	2129.0	-22939.669702714433	939581.71600848832	137.0	137
98.0	91.0	70.0	98.0	91.0	70.0	14	0.0	-9.8746822878468171e-05	DLR00012733-2009-11-10_09-57-58	-123355.53538695909	15	107	2053.0	2129.0	-26229.494858817474	1008694.106930283	137.0	137
98.0	91.0	71.0	98.0	91.0	70.0	15	0.00077635733140106618	-0.00010619013175456151	DLR00012733-2009-11-10_09-57-58	-124068.27736942105	15	107	2196.0	2128.0	-85402.638499419962	3248282.3733243621	137.0	137
99.0	91.0	71.0	98.0	91.0	71.0	16	0.0	-9.8577632768294212e-05	DLR00012733-2009-11-10_09-57-58	-119200.48670869894	15	107	2330.0	2129.0	-23638.630395084798	966087.18492831616	137.0	137
99.0	91.0	71.0	99.0	91.0	71.0	17	0.0	-9.5071337863690216e-05	DLR00012733-2009-11-10_09-57-58	-116148.16733316291	15	107	2470.0	2124.0	-25747.063820918509	1074090.777910046	137.0	137
99.0	92.0	71.0	99.0	92.0	71.0	18	0.0	-9.490214775351623e-05	DLR00012733-2009-11-10_09-57-58	-113442.99871234903	15	107	2600.0	2129.0	-5782.2933845636799	254402.95869778996	137.0	137
99.0	91.0	71.0	98.0	91.0	71.0	19	0.0	-9.8577632768294212e-05	DLR00012733-2009-11-10_09-57-58	-119588.36576813112	15	107	2737.0	2129.0	-21881.499753427724	883598.20221520623	137.0	137
99.0	91.0	71.0	99.0	91.0	71.0	20	0.0	-9.8577632768294212e-05	DLR00012733-2009-11-10_09-57-58	-123575.00027662012	15	107	2866.0	2122.0	-32685.61695747808	1278455.3747218053	137.0	137
99.0	90.0	70.0	99.0	90.0	70.0	21	0.0	-0.00011045003836349798	DLR00012733-2009-11-10_09-57-58	-132407.02241838942	15	107	3009.0	2120.0	-65928.603710589465	2405557.090471508	137.0	137
96.0	88.0	69.0	96.0	88.0	69.0	22	0.0	-0.00014103824925293954	DLR00012733-2009-11-10_09-57-58	-172129.50916443317	15	107	3142.0	2122.0	-45770.269494086009	1299511.1210599865	137.0	137
93.0	85.0	66.0	92.0	84.0	66.0	23	0.00098338595310801724	-0.00019068064565696681	DLR00012733-2009-11-10_09-57-58	-229548.02679927857	15	107	3282.0	2124.0	-59985.024331720197	1245757.0392319236	137.0	137
92.0	85.0	68.0	91.0	85.0	68.0	24	0.0	-0.00018625166626802989	DLR00012733-2009-11-10_09-57-58	-208188.29770334531	15	107	3408.0	2122.0	-70191.434831909952	1558868.3730138191	137.0	137
103.0	99.0	84.0	113.0	112.0	101.0	1	0.024791677449407381	0.00024888875354496271	DLR00012733-2009-11-10_09-57-58	189907.88015241135	16	107	272.0	2267.0	149054.81450315987	2087986.8927591739	137.0	137
105.0	99.0	82.0	119.0	115.0	101.0	2	0.035712437244449044	0.00030094557025908708	DLR00012733-2009-11-10_09-57-58	258014.44145207037	16	107	414.0	2268.0	223504.4025017175	2262873.4446974797	137.0	137
107.0	100.0	82.0	122.0	118.0	102.0	3	0.067801873609026453	0.00033596287786763908	DLR00012733-2009-11-10_09-57-58	308012.13668901991	16	107	546.0	2266.0	271731.73689552484	2553938.1734899851	137.0	137
109.0	101.0	83.0	123.0	116.0	98.0	4	0.01858081879819885	0.00029968450555440621	DLR00012733-2009-11-10_09-57-58	289529.37231979793	16	107	690.0	2272.0	253473.21982695855	2998833.7078826153	137.0	137
108.0	98.0	79.0	119.0	114.0	98.0	5	0.036799337508410537	0.00026892710455479068	DLR00012733-2009-11-10_09-57-58	261952.13171534654	16	107	820.0	2266.0	236854.52096450364	2850452.6248641377	137.0	137
106.0	97.0	77.0	119.0	117.0	101.0	6	0.024843434604834118	0.00030646654157270446	DLR00012733-2009-11-10_09-57-58	234107.04037487289	16	107	957.0	2266.0	219448.04692626474	2813047.7107810159	137.0	137
106.0	97.0	77.0	119.0	117.0	102.0	7	0.024170591584286527	0.00031833894716790822	DLR00012733-2009-11-10_09-57-58	223074.03081322493	16	107	1094.0	2266.0	205009.23071101782	2479623.7746493453	137.0	137
105.0	96.0	76.0	117.0	115.0	99.0	8	0.022566119766057657	0.00028648967157378575	DLR00012733-2009-11-10_09-57-58	196485.51299160099	16	107	1231.0	2266.0	189350.8358014808	2626766.2843538122	137.0	137
103.0	94.0	74.0	112.0	109.0	92.0	9	5.1757155426737743e-05	0.00019404827846476519	DLR00012733-2009-11-10_09-57-58	83352.598118683658	16	107	1372.0	2253.0	92898.482254412273	2204908.2136017806	137.0	137
102.0	94.0	74.0	114.0	112.0	96.0	10	0.015320118006314373	0.00024259880027428557	DLR00012733-2009-11-10_09-57-58	116514.24237484501	16	107	1505.0	2266.0	123740.75662151967	2257176.0074530304	137.0	137
102.0	94.0	74.0	112.0	110.0	93.0	11	0.016199989648568915	0.00020942697896457295	DLR00012733-2009-11-10_09-57-58	96674.683703019808	16	107	1642.0	2266.0	103077.29943599546	2333224.4089332852	137.0	137
102.0	94.0	74.0	111.0	110.0	92.0	12	0.028673464106412711	0.00019421746857493916	DLR00012733-2009-11-10_09-57-58	105154.01424344521	16	107	1779.0	2266.0	112136.55432681181	2358986.7338647069	137.0	137
101.0	94.0	74.0	113.0	111.0	93.0	13	0.043993582112727088	0.00020942697896457295	DLR00012733-2009-11-10_09-57-58	133909.75917790557	16	107	1916.0	2266.0	141374.75025460238	2163539.8649138245	137.0	137
102.0	94.0	74.0	113.0	111.0	93.0	14	0.030174421613788107	0.00021034966344890589	DLR00012733-2009-11-10_09-57-58	156654.23747129171	16	107	2053.0	2266.0	158041.14502051484	2393666.7866570055	137.0	137
102.0	95.0	74.0	116.0	113.0	95.0	15	0.033590393871952798	0.00024035357007436245	DLR00012733-2009-11-10_09-57-58	191515.42240577677	16	107	2190.0	2266.0	190829.63232766138	2459311.1722995704	137.0	137
103.0	95.0	75.0	119.0	114.0	94.0	16	0.012939288856684437	0.00025496328861711044	DLR00012733-2009-11-10_09-57-58	174239.57393848273	16	107	2327.0	2266.0	170745.98491573692	2426117.4074840848	137.0	137
103.0	95.0	75.0	120.0	115.0	97.0	17	0.021582733812949641	0.00027554000912800169	DLR00012733-2009-11-10_09-57-58	200084.1117335275	16	107	2464.0	2264.0	196618.5398205987	2566323.9066300918	137.0	137
103.0	96.0	76.0	116.0	110.0	92.0	18	0.011386574193882304	0.00019738550058936871	DLR00012733-2009-11-10_09-57-58	181767.0639317036	16	107	2600.0	2266.0	176304.99698649056	2373354.1843072302	137.0	137
103.0	95.0	76.0	115.0	113.0	97.0	19	0.011852388592722944	0.00025205666822921877	DLR00012733-2009-11-10_09-57-58	115129.85731543245	16	107	2734.0	2255.0	118048.98290604434	1811785.0437347963	137.0	137
103.0	96.0	77.0	118.0	115.0	100.0	20	0.090626779152217798	0.00028648967157378575	DLR00012733-2009-11-10_09-57-58	301173.40703251911	16	107	2874.0	2266.0	298506.67780570401	2068169.7197350031	137.0	137
102.0	94.0	75.0	115.0	111.0	95.0	21	0.048599968945706742	0.00022405206776004825	DLR00012733-2009-11-10_09-57-58	179209.5793522326	16	107	3009.0	2255.0	194270.20710317674	1870493.4188189015	137.0	137
99.0	91.0	73.0	110.0	104.0	88.0	22	0.041923295895657575	0.00012083026098050433	DLR00012733-2009-11-10_09-57-58	111351.70294477534	16	107	3145.0	2252.0	149956.2703607349	1601227.5803529837	137.0	137
97.0	90.0	73.0	108.0	102.0	86.0	23	0.039024895191760257	9.9761399056905233e-05	DLR00012733-2009-11-10_09-57-58	67483.814636422947	16	107	3278.0	2250.0	131661.30904597556	1520472.6002794888	137.0	137
96.0	91.0	76.0	106.0	102.0	88.0	24	0.07121784586719114	8.7827629780965684e-05	DLR00012733-2009-11-10_09-57-58	99169.486460562199	16	107	3416.0	2255.0	143317.63317528521	1681239.4164380727	137.0	137
