DLR00012733-2009-11-13_10-01-59	1	1	272.0	217.0	791696.06231561524	72421.255633808178	102	75452.108294595309	0.00030605315188140571	117.0	127.0	124.0	92.0	105.0	104.0	0.019460690440453392	137.0	137
DLR00012733-2009-11-13_10-01-59	1	2	409.0	212.0	740171.41245277156	70928.378359929222	102	108113.9548941117	0.00031445782305779567	108.0	122.0	121.0	88.0	103.0	106.0	0.010196159619067335	137.0	137
DLR00012733-2009-11-13_10-01-59	1	3	552.0	228.0	951719.73448579269	111551.5181536334	102	150479.94493043743	0.00043897738960445727	119.0	133.0	131.0	88.0	106.0	109.0	0.028725221261839448	137.0	137
DLR00012733-2009-11-13_10-01-59	1	4	683.0	212.0	1225939.8662077531	157514.83645582947	102	199671.87839170819	0.00047834463452410303	124.0	138.0	135.0	92.0	110.0	113.0	0.03886962372548005	137.0	137
DLR00012733-2009-11-13_10-01-59	1	5	831.0	224.0	875175.90367993375	91288.585648986904	102	140012.33199581635	0.00037532437280363531	116.0	132.0	131.0	90.0	109.0	113.0	0.020495833548988148	137.0	137
DLR00012733-2009-11-13_10-01-59	1	6	956.0	229.0	1152864.0406811242	140962.11513450049	102	188977.58786852224	0.00044736204268317593	121.0	137.0	135.0	90.0	109.0	114.0	0.036074737332436206	137.0	137
DLR00012733-2009-11-13_10-01-59	1	7	1098.0	217.0	927443.69753118372	105896.03980673166	102	152039.678537278	0.00041360645909293344	118.0	135.0	134.0	90.0	110.0	114.0	0.027845349619584906	137.0	137
DLR00012733-2009-11-13_10-01-59	1	8	1231.0	212.0	1097128.2415506444	132715.89923969118	102	179839.14437572041	0.0004260132514116789	119.0	135.0	133.0	92.0	111.0	115.0	0.035350137156461882	137.0	137
DLR00012733-2009-11-13_10-01-59	1	9	1368.0	212.0	1235848.4527198384	155856.0768206217	102	205920.25612078211	0.00048130187633198062	123.0	139.0	136.0	91.0	111.0	114.0	0.043527767713886445	137.0	137
DLR00012733-2009-11-13_10-01-59	1	10	1505.0	212.0	2036957.6722219347	328310.25997734902	102	360846.97717367066	0.00070764785645767935	141.0	155.0	146.0	92.0	111.0	113.0	0.061332229180684227	137.0	137
DLR00012733-2009-11-13_10-01-59	1	11	1641.0	212.0	1111000.2626675637	138255.9995389948	102	182224.73043592047	0.00046642710347787693	122.0	139.0	135.0	90.0	110.0	112.0	0.035039594223901453	137.0	137
DLR00012733-2009-11-13_10-01-59	1	12	1775.0	224.0	1432038.4656591273	196761.52096302889	102	235602.23170400198	0.00053599640068917212	130.0	145.0	140.0	90.0	110.0	112.0	0.039645981056881115	137.0	137
DLR00012733-2009-11-13_10-01-59	1	13	1926.0	213.0	1326264.3046426168	159147.46046423464	102	204736.86592666799	0.00045421563571346429	126.0	142.0	137.0	92.0	112.0	113.0	0.027534806687024481	137.0	137
DLR00012733-2009-11-13_10-01-59	1	14	2056.0	217.0	1496444.277987682	219767.43771632624	102	260994.1045792363	0.00059586620952094813	136.0	150.0	143.0	91.0	111.0	112.0	0.036902851819264011	137.0	137
DLR00012733-2009-11-13_10-01-59	1	15	2189.0	212.0	1311649.1395372909	162007.39789477974	102	209050.71952176848	0.00046381730376718442	124.0	140.0	136.0	92.0	111.0	113.0	0.034936079913047979	137.0	137
DLR00012733-2009-11-13_10-01-59	1	16	2321.0	222.0	1330475.4539102532	181390.76181858414	102	225972.89462229132	0.00053723869338029859	128.0	144.0	139.0	90.0	110.0	113.0	0.042233838828218004	137.0	137
DLR00012733-2009-11-13_10-01-59	1	17	2463.0	212.0	1190516.6694270482	143663.55869737655	102	192135.95523053172	0.00044225283633216516	121.0	138.0	134.0	92.0	111.0	114.0	0.032296464986284357	137.0	137
DLR00012733-2009-11-13_10-01-59	1	18	2600.0	212.0	1407266.999378914	183981.90307928628	102	225236.80268918636	0.0004948290577467384	125.0	140.0	136.0	93.0	111.0	114.0	0.036385280264996635	137.0	137
DLR00012733-2009-11-13_10-01-59	1	19	2737.0	212.0	1191259.8134154549	148426.33101663168	102	193673.53931265263	0.00047215638691318449	124.0	139.0	136.0	92.0	111.0	113.0	0.029812121525800941	137.0	137
DLR00012733-2009-11-13_10-01-59	1	20	2874.0	212.0	1182342.0855545779	153650.8747241504	102	200765.41568153503	0.00048768268189750339	126.0	140.0	137.0	92.0	110.0	112.0	0.03012266445836137	137.0	137
DLR00012733-2009-11-13_10-01-59	1	21	3013.0	217.0	1084494.7937477357	118201.11285759551	102	166316.26412155462	0.00039168464818231105	116.0	131.0	129.0	89.0	107.0	110.0	0.016148232493142178	137.0	137
DLR00012733-2009-11-13_10-01-59	1	22	3144.0	225.0	1026034.1333264323	120761.04196092229	102	166054.44142326861	0.00042208158520922861	115.0	128.0	127.0	86.0	103.0	106.0	0.012939288856684437	137.0	137
DLR00012733-2009-11-13_10-01-59	1	23	3285.0	217.0	877405.33564515295	91892.930059481063	102	138163.82363983066	0.00038327851775899109	109.0	122.0	121.0	85.0	101.0	103.0	0.01009264530821386	137.0	137
DLR00012733-2009-11-13_10-01-59	1	24	3422.0	212.0	841982.13886444806	78127.53070925035	102	89498.621972847599	0.00032053891024141017	115.0	127.0	122.0	87.0	100.0	101.0	0.0063143729620620051	137.0	137
DLR00012733-2009-11-13_10-01-59	2	1	272.0	349.0	1148157.4620878838	136930.50064662812	102	181045.88788315389	0.0004055378278873164	106.0	120.0	118.0	83.0	98.0	101.0	0.022359091144350706	137.0	137
DLR00012733-2009-11-13_10-01-59	2	2	411.0	352.0	4157890.6151337922	1321865.4972977513	102	1330626.3251315008	0.001380566941821715	179.0	182.0	155.0	80.0	98.0	101.0	0.036695823197557063	137.0	137
DLR00012733-2009-11-13_10-01-59	2	3	546.0	349.0	1520224.8856166867	216165.83892615029	102	263318.37440362835	0.0004928311397771599	116.0	130.0	126.0	83.0	102.0	105.0	0.081569276952538683	137.0	137
DLR00012733-2009-11-13_10-01-59	2	4	694.0	349.0	1468452.5210910409	211192.22513376875	102	262406.05932503106	0.00046587972493699215	116.0	131.0	129.0	84.0	104.0	109.0	0.073857460793954763	137.0	137
DLR00012733-2009-11-13_10-01-59	2	5	820.0	362.0	2069656.0077118163	351247.90468619298	102	390938.37367312831	0.00070890560730122105	135.0	148.0	142.0	84.0	105.0	109.0	0.097406966513120433	137.0	137
DLR00012733-2009-11-13_10-01-59	2	6	958.0	358.0	1734002.6396149269	255116.5813705803	102	301600.56201547128	0.0005564938789455378	124.0	139.0	135.0	85.0	106.0	110.0	0.086279178096371825	137.0	137
DLR00012733-2009-11-13_10-01-59	2	7	1096.0	350.0	1356485.493504477	167927.86054921264	102	217489.75382188664	0.00040500779048954479	112.0	130.0	127.0	85.0	106.0	111.0	0.060452357538429688	137.0	137
DLR00012733-2009-11-13_10-01-59	2	8	1231.0	349.0	50533.791211635005	3330.076914909383	102	60305.091439588745	0.00024127449232562141	99.0	119.0	122.0	84.0	106.0	110.0	0.00020702862170695097	137.0	137
DLR00012733-2009-11-13_10-01-59	2	9	1368.0	350.0	1368375.7973189792	190332.46785062534	102	238780.31707949319	0.00047888617882973838	118.0	134.0	130.0	85.0	106.0	109.0	0.068837016717561206	137.0	137
DLR00012733-2009-11-13_10-01-59	2	10	1505.0	349.0	2111767.5003881785	397612.60981732706	102	434922.22653920366	0.00083378218704667256	144.0	157.0	146.0	84.0	105.0	108.0	0.051291341027897105	137.0	137
DLR00012733-2009-11-13_10-01-59	2	11	1644.0	353.0	1588594.1325500752	235631.47890428788	102	277600.10323024436	0.00056817744592276443	123.0	139.0	133.0	84.0	105.0	107.0	0.070130945603229647	137.0	137
DLR00012733-2009-11-13_10-01-59	2	12	1778.0	349.0	1172928.9283680967	155710.81596932528	102	198545.98379656495	0.00050207877063238135	119.0	136.0	131.0	84.0	105.0	107.0	0.063195486776046791	137.0	137
DLR00012733-2009-11-13_10-01-59	2	13	1918.0	353.0	3242089.5067543089	843521.4071432444	102	861092.70242760959	0.0011304861144872109	170.0	178.0	154.0	84.0	105.0	106.0	0.040111795455721751	137.0	137
DLR00012733-2009-11-13_10-01-59	2	14	2052.0	349.0	1018107.2641167641	118432.75278613067	102	164493.24266046641	0.00041940509659754	112.0	130.0	126.0	84.0	105.0	107.0	0.050877283784483203	137.0	137
DLR00012733-2009-11-13_10-01-59	2	15	2188.0	353.0	2718172.9949277989	647561.26447707659	102	674712.16046862502	0.0011000591189616583	166.0	174.0	154.0	84.0	105.0	107.0	0.046840225661197658	137.0	137
DLR00012733-2009-11-13_10-01-59	2	16	2326.0	349.0	751566.28694166965	81525.327229246119	102	136208.31784471494	0.00037448713172855765	109.0	127.0	126.0	84.0	106.0	109.0	0.027845349619584906	137.0	137
DLR00012733-2009-11-13_10-01-59	2	17	2463.0	349.0	495181.61094146268	39918.405688028746	102	93199.899339808835	0.0002667744363817298	101.0	120.0	120.0	84.0	105.0	109.0	0.015682418094301539	137.0	137
DLR00012733-2009-11-13_10-01-59	2	18	2594.0	349.0	3582944.8827700433	1019026.336831013	102	1035745.0097877134	0.0012567233081202242	181.0	185.0	157.0	85.0	105.0	107.0	0.045753325397236165	137.0	137
DLR00012733-2009-11-13_10-01-59	2	19	2737.0	349.0	1284152.8119662544	182197.11252710086	102	231529.79521795202	0.00050190097556385637	119.0	135.0	131.0	84.0	105.0	108.0	0.056311785104290669	137.0	137
DLR00012733-2009-11-13_10-01-59	2	20	2874.0	349.0	3166288.8199368566	826006.42232957995	102	850097.03226371831	0.001190962588632585	174.0	179.0	155.0	84.0	104.0	107.0	0.042854924693338854	137.0	137
DLR00012733-2009-11-13_10-01-59	2	21	3011.0	349.0	953949.1664510119	135948.14737058021	102	186433.79695283348	0.0003604825111588581	106.0	122.0	122.0	82.0	102.0	107.0	0.024067077273433053	137.0	137
DLR00012733-2009-11-13_10-01-59	2	22	3148.0	349.0	1372091.5172610113	191983.13987735272	102	246589.97405961287	0.00047978088537702649	111.0	126.0	123.0	80.0	99.0	103.0	0.067284302054759076	137.0	137
DLR00012733-2009-11-13_10-01-59	2	23	3279.0	350.0	1899476.0343667513	321186.39444702858	102	366106.94654362358	0.00064173428191202902	119.0	131.0	126.0	78.0	96.0	100.0	0.10015009575073754	137.0	137
DLR00012733-2009-11-13_10-01-59	2	24	3418.0	347.0	1104064.2521091041	143442.03786358546	102	193705.33975409606	0.0004804888946275437	108.0	122.0	119.0	80.0	96.0	98.0	0.033797422493659746	137.0	137
DLR00012733-2009-11-13_10-01-59	3	1	272.0	486.0	802347.7928161067	95018.331632195099	102	144584.23388273394	0.00041288605922093388	105.0	120.0	119.0	81.0	98.0	102.0	0.034936079913047979	137.0	137
DLR00012733-2009-11-13_10-01-59	3	2	409.0	486.0	808292.94472335791	97179.170924898324	102	147868.13297821232	0.0004018519636441475	107.0	122.0	120.0	81.0	99.0	103.0	0.049014026189120645	137.0	137
DLR00012733-2009-11-13_10-01-59	3	3	561.0	486.0	1185066.9468454013	167850.81303509203	102	212547.176747488	0.00049003197139251204	116.0	131.0	128.0	82.0	102.0	106.0	0.067025516277625388	137.0	137
DLR00012733-2009-11-13_10-01-59	3	4	691.0	490.0	1127101.7157497024	139973.82333769591	102	192337.80894569689	0.00041284609111193622	112.0	128.0	127.0	84.0	104.0	109.0	0.056052999327156981	137.0	137
DLR00012733-2009-11-13_10-01-59	3	5	820.0	486.0	703014.21303245169	74839.79270709859	102	134121.67399487842	0.00033968834156377633	107.0	124.0	124.0	84.0	105.0	110.0	0.035091351379328194	137.0	137
DLR00012733-2009-11-13_10-01-59	3	6	953.0	491.0	1699322.5868226285	218059.76688421	102	263038.209146732	0.00042896179663987419	114.5	131.0	128.0	85.0	106.0	110.0	0.068008902230733401	137.0	137
DLR00012733-2009-11-13_10-01-59	3	7	1094.0	486.0	1478608.8222659281	200127.24588245549	102	248271.70095337089	0.00045917986773482848	117.0	133.0	129.0	85.0	106.0	110.0	0.071424874488898088	137.0	137
DLR00012733-2009-11-13_10-01-59	3	8	1231.0	486.0	92645.283887997517	5933.8593533620951	102	63453.141149712341	0.00020921095791001941	97.0	116.0	118.0	84.0	106.0	110.0	0.0012939288856684437	137.0	137
DLR00012733-2009-11-13_10-01-59	3	9	1368.0	486.0	902919.94591377256	106942.28178089626	102	162999.73395563953	0.00041657393986698041	113.0	130.0	127.0	85.0	106.0	108.0	0.043734796335593393	137.0	137
DLR00012733-2009-11-13_10-01-59	3	10	1504.0	488.0	3311697.3270017081	911239.83661295497	102	928201.24800618924	0.0012089548093535192	177.0	182.0	155.0	85.0	105.0	105.0	0.049686869209668236	137.0	137
DLR00012733-2009-11-13_10-01-59	3	11	1642.0	486.0	1741434.0794989907	306496.56524405419	102	339865.30329064606	0.00075963637495981846	138.0	152.0	141.0	84.0	104.0	105.0	0.063299001086900258	137.0	137
DLR00012733-2009-11-13_10-01-59	3	12	1778.0	487.0	3626790.3780860207	1053245.2184476319	102	1063043.0097750099	0.0012521344057662238	181.0	185.0	155.0	84.0	104.0	104.0	0.036437037420423375	137.0	137
DLR00012733-2009-11-13_10-01-59	3	13	1920.0	491.0	1365403.221365354	201499.53263837277	102	241459.75318836982	0.00055985906415366156	124.0	139.0	132.0	84.0	105.0	106.0	0.075461932612183633	137.0	137
DLR00012733-2009-11-13_10-01-59	3	14	2052.0	486.0	202878.30883494642	13865.257972597739	102	60731.647250050701	0.00020488040766007467	96.0	116.0	116.0	83.0	105.0	107.0	0.0034159722581646912	137.0	137
DLR00012733-2009-11-13_10-01-59	3	15	2199.0	492.0	114691.8888773873	8244.67752005068	102	63312.441473296516	0.0002318152699340615	97.0	117.0	118.0	83.0	105.0	108.0	0.0022773148387764609	137.0	137
DLR00012733-2009-11-13_10-01-59	3	16	2326.0	486.0	1250711.3324879664	171678.15679754279	102	223819.76496188162	0.00047802781453345941	117.0	133.0	129.0	84.0	105.0	108.0	0.065938616013663895	137.0	137
DLR00012733-2009-11-13_10-01-59	3	17	2463.0	486.0	1545739.4958853063	241268.94454395064	102	285818.45020711125	0.00061361980776141064	127.0	143.0	136.0	84.0	105.0	108.0	0.081517519797111956	137.0	137
DLR00012733-2009-11-13_10-01-59	3	18	2602.0	489.0	1303474.5556648208	184369.25843379973	102	231949.22113411623	0.0005265364891395729	121.0	136.0	131.0	84.0	104.0	107.0	0.059261942963614721	137.0	137
DLR00012733-2009-11-13_10-01-59	3	19	2737.0	486.0	2731797.3013819163	668759.84399419581	102	695362.10950959835	0.0011139416858989314	167.0	175.0	154.0	84.0	104.0	107.0	0.039180166658040472	137.0	137
DLR00012733-2009-11-13_10-01-59	3	20	2874.0	486.0	1422129.8791470421	199788.28491370406	102	249909.22417240974	0.00053344994002400207	120.0	136.0	131.0	83.0	104.0	108.0	0.063661301174887427	137.0	137
DLR00012733-2009-11-13_10-01-59	3	21	3011.0	486.0	456785.83820713218	40380.720040108296	102	90791.577294182236	0.00023184556803962069	96.0	113.0	114.0	81.0	102.0	106.0	0.011955902903576419	137.0	137
DLR00012733-2009-11-13_10-01-59	3	22	3142.0	486.0	3931727.1279954454	1241774.3559984707	102	1254303.799272384	0.0013909811031855924	179.0	183.0	157.0	80.0	98.0	102.0	0.036592308886703589	137.0	137
DLR00012733-2009-11-13_10-01-59	3	23	3285.0	486.0	2723127.2881838423	592491.8186850585	102	619269.88458399009	0.0010352726174571384	146.0	155.0	141.0	77.0	95.0	99.0	0.064903472905129128	137.0	137
DLR00012733-2009-11-13_10-01-59	3	24	3422.0	486.0	1209095.2691372081	207458.52802769255	102	251808.6429879138	0.00059013085843043168	112.0	125.0	121.0	77.0	94.0	97.0	0.065731587391956933	137.0	137
DLR00012733-2009-11-13_10-01-59	4	1	272.0	623.0	596744.62269033701	58814.699192412394	102	109490.07654695006	0.00030672180704358184	98.0	114.0	115.0	81.0	99.0	103.0	0.013146317478391388	137.0	137
DLR00012733-2009-11-13_10-01-59	4	2	411.0	617.0	1105302.8254231149	146684.299346568	102	194736.2934237142	0.00045587352724678337	111.0	126.0	123.0	81.0	100.0	104.0	0.06241912944464572	137.0	137
DLR00012733-2009-11-13_10-01-59	4	3	546.0	623.0	889295.63945965539	113550.36708540635	102	162708.01726456865	0.00045025893073260463	113.0	128.0	126.0	82.0	102.0	107.0	0.04756482583717199	137.0	137
DLR00012733-2009-11-13_10-01-59	4	4	692.0	620.0	1540537.4879664613	238270.26963692074	102	284130.45086005289	0.00059179545244317396	125.0	140.0	135.0	84.0	104.0	109.0	0.071114331556337659	137.0	137
DLR00012733-2009-11-13_10-01-59	4	5	821.0	623.0	1213306.4184048444	151281.72318682063	102	204652.17208813524	0.00043391414583007889	114.0	130.0	128.0	84.0	105.0	110.0	0.063920086952021116	137.0	137
DLR00012733-2009-11-13_10-01-59	4	6	957.0	623.0	1002501.2403602299	114468.557241288	102	172164.6955280753	0.00039203723140594619	110.0	128.0	127.0	85.0	106.0	110.0	0.047254282904611561	137.0	137
DLR00012733-2009-11-13_10-01-59	4	7	1094.0	623.0	1316355.7181305315	182579.95615965108	102	234383.25317896478	0.00049463408937132347	119.0	135.0	131.0	85.0	106.0	110.0	0.065576315925676726	137.0	137
DLR00012733-2009-11-13_10-01-59	4	8	1231.0	623.0	1153854.8993323329	287853.38862466265	102	326745.47601193545	0.0012302742048089727	177.0	184.0	161.0	84.0	105.0	108.0	0.01858081879819885	137.0	137
DLR00012733-2009-11-13_10-01-59	4	9	1371.0	620.0	1341127.1844107448	193585.52949336014	102	241470.08508722315	0.00052649288201272939	121.0	137.0	132.0	85.0	106.0	108.0	0.068112416541586868	137.0	137
DLR00012733-2009-11-13_10-01-59	4	10	1499.0	633.0	1193489.245380674	165621.29126908918	102	206817.82246509354	0.00051775036228215684	121.0	137.0	130.0	84.0	105.0	106.0	0.06950985973810879	137.0	137
DLR00012733-2009-11-13_10-01-59	4	11	1640.0	618.0	3185362.84897262	928955.92275571672	102	943777.33098142745	0.001266097838489642	181.0	185.0	156.0	84.0	104.0	104.0	0.048444697479426528	137.0	137
DLR00012733-2009-11-13_10-01-59	4	12	1773.0	629.0	1264831.0682676882	182150.71250794301	102	218264.91990128194	0.00055103602560553676	123.0	138.0	131.0	84.0	104.0	105.0	0.066973759122198648	137.0	137
DLR00012733-2009-11-13_10-01-59	4	13	1915.0	623.0	2788771.6738264062	744477.1540462866	102	766087.63439726259	0.0011774829602100643	173.0	180.0	155.0	84.0	104.0	105.0	0.050722012318202989	137.0	137
DLR00012733-2009-11-13_10-01-59	4	14	2052.0	623.0	1364164.6480513432	204510.00828658411	102	249277.02805841953	0.00055603066862032306	123.0	138.0	133.0	84.0	105.0	107.0	0.075306661145903425	137.0	137
DLR00012733-2009-11-13_10-01-59	4	15	2189.0	623.0	219227.47657988718	17366.612909382347	102	73667.174998228351	0.00022583759779312078	97.0	117.0	117.0	84.0	105.0	108.0	0.0048134154546866101	137.0	137
DLR00012733-2009-11-13_10-01-59	4	16	2326.0	623.0	1290345.6785363078	159380.46202182415	102	213238.49385890376	0.00044221908361128873	114.0	131.0	127.0	84.0	105.0	108.0	0.060607629004709902	137.0	137
DLR00012733-2009-11-13_10-01-59	4	17	2464.0	625.0	9413.1571864810321	603.94866809704513	102	55504.906314060019	0.00021800125178476448	96.5	116.0	119.0	83.0	105.0	108.0	5.1757155426737743e-05	137.0	137
DLR00012733-2009-11-13_10-01-59	4	18	2600.0	623.0	1515270.5923606439	214619.3305627497	102	265402.47670368291	0.00051918427610987293	120.0	136.0	131.0	84.0	105.0	108.0	0.071528388799751569	137.0	137
DLR00012733-2009-11-13_10-01-59	4	19	2737.0	623.0	1350292.6269344238	182935.67251600366	102	232959.38144981174	0.00047518943102414156	116.0	132.0	129.0	83.0	104.0	108.0	0.056156513638010455	137.0	137
DLR00012733-2009-11-13_10-01-59	4	20	2874.0	623.0	1629219.3372496248	257943.34705511807	102	304232.52141735813	0.00061902940994931082	126.0	141.0	135.0	83.0	104.0	108.0	0.064592929972568713	137.0	137
DLR00012733-2009-11-13_10-01-59	4	21	3008.0	618.0	964353.18228870141	111164.15359927608	102	165571.07268736066	0.00040577985994591308	108.0	125.0	124.0	81.0	102.0	107.0	0.046270896951503548	137.0	137
DLR00012733-2009-11-13_10-01-59	4	22	3148.0	623.0	1692138.8616013667	254561.09523251609	102	301205.5816013568	0.00056168448002716853	117.0	131.0	127.0	80.0	99.0	103.0	0.074633818125355827	137.0	137
DLR00012733-2009-11-13_10-01-59	4	23	3282.0	626.0	2966383.0870555351	736632.73524119868	102	761149.48651567241	0.0011788337666193435	157.0	164.0	147.0	77.0	95.0	99.0	0.047927125925159152	137.0	137
DLR00012733-2009-11-13_10-01-59	4	24	3415.0	626.0	1094403.380259821	145409.58957725498	102	193536.3511983736	0.00044961638172627815	103.0	117.0	115.0	76.0	94.0	98.0	0.056518813725997617	137.0	137
DLR00012733-2009-11-13_10-01-59	5	1	272.0	760.0	1549950.6451529425	225650.91228837561	102	263944.30084118788	0.0005444510178365861	116.0	129.0	127.0	82.0	100.0	104.0	0.077480461673826412	137.0	137
DLR00012733-2009-11-13_10-01-59	5	2	409.0	765.0	3679305.8866000725	1130921.4197867198	102	1147014.407864735	0.0013885024540992808	182.0	186.0	159.0	81.0	100.0	103.0	0.055638942083743079	137.0	137
DLR00012733-2009-11-13_10-01-59	5	3	556.0	762.0	700289.35174162837	80665.969995866035	102	129521.48555675968	0.00037649182945270846	108.0	124.0	124.0	82.0	102.0	107.0	0.035712437244449044	137.0	137
DLR00012733-2009-11-13_10-01-59	5	4	692.0	765.0	2216550.8027534806	399987.87865777203	102	435371.59216228174	0.00077971531538850508	140.0	152.0	144.0	84.0	104.0	109.0	0.069095802494694894	137.0	137
DLR00012733-2009-11-13_10-01-59	5	5	825.0	769.0	514503.35464002902	58841.544943163644	102	117217.55723559274	0.00038638963556931533	109.0	127.0	127.0	84.0	105.0	110.0	0.029501578593240516	137.0	137
DLR00012733-2009-11-13_10-01-59	5	6	956.0	766.0	946517.72656694788	113251.93202750158	102	170781.95384402867	0.0004004287012981441	111.0	129.0	127.0	84.0	106.0	110.0	0.044407639356140984	137.0	137
DLR00012733-2009-11-13_10-01-59	5	7	1096.0	769.0	1895512.599761917	315508.21357715427	102	358003.63788133761	0.00063647554761576822	129.0	144.0	137.0	84.0	106.0	109.0	0.073184617773407179	137.0	137
DLR00012733-2009-11-13_10-01-59	5	8	1231.0	760.0	1788499.8654313958	290673.76363057963	102	331406.24111555167	0.00060815691211651003	128.0	142.0	136.0	85.0	105.0	108.0	0.076393561409864918	137.0	137
DLR00012733-2009-11-13_10-01-59	5	9	1371.0	761.0	1752333.5246622844	273331.28478188504	102	313854.33728576219	0.00059069406191424479	127.0	141.0	135.0	85.0	105.0	108.0	0.077791004606386827	137.0	137
DLR00012733-2009-11-13_10-01-59	5	10	1508.0	768.0	1126606.2864240981	150155.40655550326	102	196180.85568445901	0.00049231037773034227	118.0	135.0	130.0	84.0	105.0	107.0	0.064903472905129128	137.0	137
DLR00012733-2009-11-13_10-01-59	5	11	1647.0	768.0	1264831.0682676882	189354.69192532956	102	232791.21914935054	0.00056667090353638733	124.0	139.0	133.0	84.0	104.0	106.0	0.070493245691216816	137.0	137
DLR00012733-2009-11-13_10-01-59	5	12	1779.0	760.0	642571.83530873142	150879.64719475439	102	189960.05877526852	0.0011211879857781918	166.0	174.0	156.0	83.0	104.0	106.0	0.016665804047409555	137.0	137
DLR00012733-2009-11-13_10-01-59	5	13	1915.0	760.0	1246500.1832203304	182091.46733054664	102	225815.01755923312	0.00052225859923614394	120.0	136.0	131.0	84.0	104.0	106.0	0.061125200558977279	137.0	137
DLR00012733-2009-11-13_10-01-59	5	14	2061.0	770.0	982188.63801045495	132379.66212192221	102	183676.30934346924	0.00045846983171675171	115.0	131.0	127.0	84.0	104.0	107.0	0.060607629004709902	137.0	137
DLR00012733-2009-11-13_10-01-59	5	15	2189.0	760.0	1486783.4061383987	225694.80577399614	102	273099.40459326794	0.00054405941604241889	121.0	137.0	132.0	84.0	105.0	107.0	0.070959060090057452	137.0	137
DLR00012733-2009-11-13_10-01-59	5	16	2326.0	760.0	1280189.3773614201	184436.82409577476	102	235058.70081632779	0.00051367881507759195	119.0	135.0	130.0	84.0	105.0	107.0	0.06671497334506496	137.0	137
DLR00012733-2009-11-13_10-01-59	5	17	2458.0	758.0	1498425.9952900987	252000.75196490448	102	300334.88995054271	0.00061756874658003605	127.0	142.0	135.0	84.0	105.0	108.0	0.065576315925676726	137.0	137
DLR00012733-2009-11-13_10-01-59	5	18	2593.0	763.0	1196214.1066714972	165183.44765308252	102	220053.4288455522	0.00047689775929200882	115.0	132.0	129.0	83.0	105.0	108.0	0.055017856218622221	137.0	137
DLR00012733-2009-11-13_10-01-59	5	19	2740.0	760.0	372067.42352880293	38704.161654728552	102	92225.557216360961	0.00034577095440204412	105.0	124.0	124.0	82.0	104.0	108.0	0.016407018270275867	137.0	137
DLR00012733-2009-11-13_10-01-59	5	20	2874.0	760.0	504099.33880233939	47922.890607912974	102	106555.28763223904	0.00032159798819931558	102.0	121.0	121.0	82.0	104.0	108.0	0.016096475337715438	137.0	137
DLR00012733-2009-11-13_10-01-59	5	21	3011.0	760.0	2268075.4526163246	423010.11438765016	102	461611.0528952069	0.00079825779507200641	137.0	150.0	142.0	81.0	102.0	107.0	0.054603798975208326	137.0	137
DLR00012733-2009-11-13_10-01-59	5	22	3145.0	759.0	1386706.6823663372	202875.25083263341	102	249991.85924300653	0.00051776448821372085	113.0	129.0	126.0	79.0	99.0	105.0	0.068992288183841413	137.0	137
DLR00012733-2009-11-13_10-01-59	5	23	3288.0	763.0	1335429.7471662955	190237.49023867887	102	240518.12503726888	0.00049952920550705774	109.0	123.0	122.0	77.0	96.0	101.0	0.06671497334506496	137.0	137
DLR00012733-2009-11-13_10-01-59	5	24	3411.0	761.0	1206865.837171989	163933.78523034693	102	211818.67056299935	0.00047793762026617561	104.0	119.0	117.0	75.0	94.0	99.0	0.063609544019460687	137.0	137
DLR00012733-2009-11-13_10-01-59	6	1	272.0	897.0	1076567.9245380673	130296.78822836818	102	177146.71998832474	0.00041499704901799481	106.0	122.0	121.0	82.0	100.0	104.0	0.05372392733295378	137.0	137
DLR00012733-2009-11-13_10-01-59	6	2	411.0	898.0	3194528.2914962992	810823.6346502495	102	833341.99221609614	0.0011893355197827764	167.0	173.0	153.0	81.0	100.0	104.0	0.046477925573210496	137.0	137
DLR00012733-2009-11-13_10-01-59	6	3	557.0	903.0	1223215.0049169296	183102.04556018056	102	233047.98451118779	0.00053799795181333585	119.0	134.0	131.0	82.0	103.0	107.0	0.070389731380363335	137.0	137
DLR00012733-2009-11-13_10-01-59	6	4	683.0	897.0	35175.482117902793	1563.6344739105768	102	54569.085534789163	0.00016956786367280764	92.0	111.0	115.5	83.0	104.0	109.0	0.0	137.0	137
DLR00012733-2009-11-13_10-01-59	6	5	823.0	895.0	174391.12261270121	15574.323039748189	102	71324.760277688634	0.00027042071383116145	101.0	119.0	121.0	83.0	105.0	110.0	0.0061073443403550538	137.0	137
DLR00012733-2009-11-13_10-01-59	6	6	956.0	895.0	1328989.1659334402	189451.21675177696	102	242507.50870651955	0.0005117512513136825	119.0	135.0	132.0	84.0	105.0	110.0	0.0724082604420061	137.0	137
DLR00012733-2009-11-13_10-01-59	6	7	1096.0	893.0	1480342.8249055431	235412.93524447948	102	284807.30433853576	0.00060078342335170062	126.0	141.0	135.0	84.0	105.0	109.0	0.076445318565291645	137.0	137
DLR00012733-2009-11-13_10-01-59	6	8	1237.0	896.0	1189525.8107758395	169790.41137040651	102	223059.6078180747	0.00051311151129989838	120.0	136.0	131.0	84.0	105.0	108.0	0.069095802494694894	137.0	137
DLR00012733-2009-11-13_10-01-59	6	9	1373.0	897.0	692857.91185756435	78056.513805585695	102	133211.81946294699	0.00039001324379664534	110.0	128.0	125.0	84.0	105.0	108.0	0.032917550851405207	137.0	137
DLR00012733-2009-11-13_10-01-59	6	10	1505.0	897.0	1585869.2712592517	238058.61461966325	102	282081.80521887861	0.00057251506640972646	125.0	139.5	133.0	85.0	105.0	107.0	0.080637648154857411	137.0	137
DLR00012733-2009-11-13_10-01-59	6	11	1642.0	897.0	1170699.4964028776	216966.25027629666	102	261565.26025255129	0.00068383025073004498	132.0	146.0	138.0	84.0	104.0	106.0	0.055897727860876767	137.0	137
DLR00012733-2009-11-13_10-01-59	6	12	1779.0	897.0	1230646.4448009939	164767.18891766798	102	212717.02850789513	0.00049132889689278939	117.5	133.0	130.0	84.0	104.0	106.0	0.069147559650121634	137.0	137
DLR00012733-2009-11-13_10-01-59	6	13	1907.0	891.0	1174167.5016821073	204983.73981009127	102	251148.9899422685	0.00059074137503710574	125.0	140.0	134.0	84.0	104.0	107.0	0.049014026189120645	137.0	137
DLR00012733-2009-11-13_10-01-59	6	14	2049.0	899.0	436968.6651829615	48135.075470739132	102	102110.64526169827	0.00031780748465328308	104.0	121.0	120.0	83.0	104.0	107.0	0.017752704311371048	137.0	137
DLR00012733-2009-11-13_10-01-59	6	15	2189.0	899.0	1773884.7003260702	316900.26421253348	102	357917.228061962	0.00074253833259132899	136.0	149.0	140.0	84.0	104.0	106.0	0.078256819005227476	137.0	137
DLR00012733-2009-11-13_10-01-59	6	16	2326.0	897.0	2019865.3604885873	356505.73148514406	102	391516.00357770186	0.00076157787733473821	137.0	150.0	140.0	83.0	103.0	106.0	0.086382692407225292	137.0	137
DLR00012733-2009-11-13_10-01-59	6	17	2463.0	897.0	1170699.4964028776	150203.50475123824	102	199890.09683009982	0.00044528174126047597	113.0	130.0	126.0	83.0	104.0	106.0	0.050773769473629729	137.0	137
DLR00012733-2009-11-13_10-01-59	6	18	2600.0	897.0	1759764.9645463487	294121.22628877527	102	335388.57300249202	0.00069134707605251133	131.0	145.0	137.0	82.0	104.0	107.0	0.072356503286579374	137.0	137
DLR00012733-2009-11-13_10-01-59	6	19	2737.0	897.0	261586.68391905181	28066.61102458696	102	76653.393379004789	0.00025989528548165373	99.0	117.0	116.0	81.0	103.0	107.0	0.0086952021116919413	137.0	137
DLR00012733-2009-11-13_10-01-59	6	20	2870.0	893.0	3774428.317116091	1151879.5445535039	102	1166741.6668344326	0.001341818953066321	182.0	187.0	158.0	82.0	103.0	106.0	0.037575694839811602	137.0	137
DLR00012733-2009-11-13_10-01-59	6	21	3011.0	897.0	1413707.5806117696	209026.61159387481	102	258901.6880752194	0.00057153389249783642	119.0	135.0	131.0	81.0	102.0	106.0	0.057864499767092799	137.0	137
DLR00012733-2009-11-13_10-01-59	6	22	3143.0	893.0	1077311.0685264736	121083.89438051039	102	176441.77878925207	0.00037726067492242527	103.0	120.0	120.0	79.0	100.0	105.0	0.04047409554370892	137.0	137
DLR00012733-2009-11-13_10-01-59	6	23	3289.0	905.0	376278.57279643905	61920.766702805951	102	113952.14848040046	0.00043363552640391897	104.0	119.0	117.0	75.0	96.0	102.0	0.017804461466797785	137.0	137
DLR00012733-2009-11-13_10-01-59	6	24	3415.0	898.0	960389.74768386735	114012.46719816909	102	168457.57657414072	0.00040128836260456288	98.0	114.0	114.0	75.0	94.0	99.0	0.051032555250763417	137.0	137
DLR00012733-2009-11-13_10-01-59	7	1	272.0	1034.0	1036438.1491641219	127664.30388226913	102	174934.93550955039	0.00043164716707089353	108.0	123.0	123.0	81.0	100.0	105.0	0.046374411262357022	137.0	137
DLR00012733-2009-11-13_10-01-59	7	2	409.0	1034.0	1005473.8163138554	123962.96350794076	102	176053.11614847693	0.00042151612799924199	108.0	124.0	123.0	81.0	101.0	106.0	0.058744371409347344	137.0	137
DLR00012733-2009-11-13_10-01-59	7	3	554.0	1037.0	1763232.9698255784	278696.45432377863	102	322154.78359970212	0.00059827945557956199	124.0	138.0	133.0	82.0	103.0	107.0	0.084157134723875579	137.0	137
DLR00012733-2009-11-13_10-01-59	7	4	685.0	1037.0	1404294.4234252884	213647.97519236724	102	269627.03224792873	0.00057821861885209384	123.0	138.0	134.0	84.0	104.0	109.0	0.082500905750219969	137.0	137
DLR00012733-2009-11-13_10-01-59	7	5	826.0	1034.0	2947804.4873453756	678611.4056116771	102	706415.16935187159	0.0010569848316841755	162.0	171.0	154.0	84.0	105.0	109.0	0.060297086072149474	137.0	137
DLR00012733-2009-11-13_10-01-59	7	6	957.0	1034.0	866010.46115625487	110918.87799050627	102	169081.40360011513	0.00043525123990100585	112.0	130.0	127.0	84.0	105.0	109.0	0.045287510998395529	137.0	137
DLR00012733-2009-11-13_10-01-59	7	7	1101.0	1035.0	352993.39449303865	31139.891798575791	102	92294.117115684756	0.00030857423385574905	102.0	122.0	122.0	83.0	105.0	109.0	0.016614046891982818	137.0	137
DLR00012733-2009-11-13_10-01-59	7	8	1231.0	1034.0	1849933.1018063247	300402.66056373436	102	343727.96714717051	0.00062856480668598545	128.0	143.0	136.0	84.0	105.0	107.0	0.09155840794989907	137.0	137
DLR00012733-2009-11-13_10-01-59	7	9	1378.0	1041.0	1415937.0125769889	230753.7746641947	102	274151.81901649834	0.0006394278217928944	129.0	143.0	137.0	84.0	104.0	107.0	0.07613477563273123	137.0	137
DLR00012733-2009-11-13_10-01-59	7	10	1505.0	1034.0	740419.12711557362	89587.092678062749	102	143352.77204674651	0.00039997985948119836	111.0	127.0	125.0	84.0	104.0	107.0	0.039904766834014803	137.0	137
DLR00012733-2009-11-13_10-01-59	7	11	1641.0	1046.0	60442.377723720303	4146.3591988878534	102	61728.89203357105	0.00024003957855755386	98.0	116.5	116.0	84.0	104.0	107.0	0.00020702862170695097	137.0	137
DLR00012733-2009-11-13_10-01-59	7	12	1777.0	1028.0	1265574.2122560942	228597.00951869838	102	272441.6256548778	0.00070700783875607041	133.0	147.0	139.0	84.0	104.0	106.0	0.069665131204389011	137.0	137
DLR00012733-2009-11-13_10-01-59	7	13	1925.0	1026.0	853129.29869054398	110055.67712805065	102	162112.06596204534	0.00044428383223588656	113.0	130.0	126.0	84.0	104.0	106.0	0.047099011438331347	137.0	137
DLR00012733-2009-11-13_10-01-59	7	14	2063.0	1041.0	1178130.9362869416	184491.86125200105	102	233457.98656079004	0.00052068787730347144	118.0	134.0	130.0	83.0	103.0	106.0	0.061021686248123805	137.0	137
DLR00012733-2009-11-13_10-01-59	7	15	2189.0	1034.0	1492728.5580456499	222533.73352031811	102	267063.37883205974	0.00056257643877218576	121.0	136.0	131.0	83.0	103.0	105.0	0.080430619533150463	137.0	137
DLR00012733-2009-11-13_10-01-59	7	16	2323.0	1034.0	2330747.2623052634	618182.72520560282	102	644371.94911590498	0.0011862548090391856	170.0	177.0	154.0	83.0	102.0	103.0	0.064282387040008285	137.0	137
DLR00012733-2009-11-13_10-01-59	7	17	2468.0	1032.0	3669149.5854251846	1097012.0242688663	102	1109544.037404763	0.0013052388000205613	180.0	185.0	154.0	83.0	102.0	102.0	0.029553335748667253	137.0	137
DLR00012733-2009-11-13_10-01-59	7	18	2601.0	1036.0	3357276.8249573	959773.70292232605	102	976838.6553658013	0.0012595775160262155	176.0	181.0	152.0	82.0	102.0	103.0	0.0449769680658351	137.0	137
DLR00012733-2009-11-13_10-01-59	7	19	2737.0	1034.0	1514775.1630350396	241380.90217349093	102	287550.70241402253	0.00063047380879331313	125.0	140.0	134.0	82.0	103.0	106.0	0.069406345427255323	137.0	137
DLR00012733-2009-11-13_10-01-59	7	20	2869.0	1036.0	1751342.666011076	318862.82762792357	102	359493.12687006022	0.00076315362856582583	134.0	148.0	140.0	81.0	102.0	106.0	0.050566740851922781	137.0	137
DLR00012733-2009-11-13_10-01-59	7	21	3011.0	1034.0	1690900.2882873556	269357.9614358946	102	316947.78791014082	0.00058931673384540089	120.0	136.0	131.0	80.0	101.0	106.0	0.057605713989959111	137.0	137
DLR00012733-2009-11-13_10-01-59	7	22	3145.0	1031.0	3034752.333988924	765593.61853016168	102	792574.29277544946	0.001172749754758836	160.0	169.0	151.0	78.0	99.0	104.0	0.031675379121163499	137.0	137
DLR00012733-2009-11-13_10-01-59	7	23	3285.0	1034.0	491961.3203250349	48786.966299180487	102	109389.83238408521	0.00033894400546859252	96.0	113.0	114.0	76.0	96.0	102.0	0.021686248123803115	137.0	137
DLR00012733-2009-11-13_10-01-59	7	24	3410.0	1030.0	1538060.3413384401	203162.18253762211	102	248966.8967536726	0.00043684433191796933	101.0	116.0	114.0	74.0	94.0	98.0	0.069716888359815751	137.0	137
DLR00012733-2009-11-13_10-01-59	8	1	272.0	1171.0	1332704.8858754723	173696.88491473638	102	217397.87521650031	0.00046058899608771611	109.0	125.0	124.0	81.0	100.0	105.0	0.054500284664354845	137.0	137
DLR00012733-2009-11-13_10-01-59	8	2	409.0	1171.0	1176396.9336473267	157018.44692255382	102	212361.40633716769	0.00046862004838977157	111.0	127.0	125.0	80.0	101.0	106.0	0.075047875368769737	137.0	137
DLR00012733-2009-11-13_10-01-59	8	3	546.0	1167.0	838266.41892241593	94205.264784783154	102	150287.52940149789	0.00038348542597374974	106.0	123.0	123.0	81.0	102.0	107.0	0.042182081672791263	137.0	137
DLR00012733-2009-11-13_10-01-59	8	4	681.0	1173.0	2279470.3271052218	438129.84706270258	102	474834.16291723499	0.00084875864187739793	143.0	155.0	146.0	82.0	104.0	108.0	0.069872159826095959	137.0	137
DLR00012733-2009-11-13_10-01-59	8	5	820.0	1171.0	575936.59101495775	70372.452160125715	102	127132.63926929483	0.00042282042251660723	111.0	129.0	128.0	83.0	104.0	108.0	0.035505408622742096	137.0	137
DLR00012733-2009-11-13_10-01-59	8	6	957.0	1171.0	878396.19429636141	109630.04014564623	102	166334.29037443767	0.00044682083895291724	113.0	130.0	127.0	83.0	104.0	108.0	0.044200610734434036	137.0	137
DLR00012733-2009-11-13_10-01-59	8	7	1093.0	1172.0	1031731.5705708815	134069.1373576028	102	186171.55577670221	0.00046928683974494846	115.0	131.0	128.0	83.0	104.0	107.0	0.061953315045805084	137.0	137
DLR00012733-2009-11-13_10-01-59	8	8	1231.0	1171.0	3591367.1813053153	1087787.9521649394	102	1103833.9880679117	0.0013173108422271766	183.0	187.0	157.0	84.0	104.0	105.0	0.054293256042647897	137.0	137
DLR00012733-2009-11-13_10-01-59	8	9	1371.0	1166.0	722335.95673101803	80974.160663999253	102	127564.92566656652	0.00040201170148459819	110.0	127.0	124.0	83.0	103.0	106.0	0.032503493607991304	137.0	137
DLR00012733-2009-11-13_10-01-59	8	10	1505.0	1171.0	39634.346048341184	2418.9931468167565	102	53579.620994270364	0.00021746340872368303	96.0	115.0	116.0	83.0	103.0	106.0	0.0	137.0	137
DLR00012733-2009-11-13_10-01-59	8	11	1636.0	1171.0	265302.40386108379	23921.779014534415	102	75802.570251878918	0.00030428467002108987	103.0	120.0	119.0	83.0	103.0	105.0	0.0086434449562652043	137.0	137
DLR00012733-2009-11-13_10-01-59	8	12	1775.0	1167.0	890038.78344806167	98259.787965864874	102	146899.43571005962	0.00039290287128479939	109.0	126.0	123.0	83.0	103.0	105.0	0.038403809326639407	137.0	137
DLR00012733-2009-11-13_10-01-59	8	13	1916.0	1171.0	168693.68536825216	9759.0478563570014	102	59143.340776160076	0.00014290971584878258	90.0	109.0	110.0	83.0	103.0	106.0	0.0024843434604834118	137.0	137
DLR00012733-2009-11-13_10-01-59	8	14	2052.0	1171.0	1207113.5518347912	175434.46592591397	102	225189.96726297413	0.00053957169571883918	119.0	135.0	130.0	83.0	103.0	105.0	0.073443403550540867	137.0	137
DLR00012733-2009-11-13_10-01-59	8	15	2189.0	1171.0	929177.70017079858	119517.87828237285	102	169720.57594494321	0.000419672814547092	110.0	127.0	124.0	82.0	103.0	105.0	0.043424253403032971	137.0	137
DLR00012733-2009-11-13_10-01-59	8	16	2326.0	1171.0	1435506.4709383571	229664.90998003902	102	273474.76883508201	0.00064310829159786921	126.0	141.0	134.0	82.0	102.0	104.0	0.079395476424615696	137.0	137
DLR00012733-2009-11-13_10-01-59	8	17	2463.0	1177.0	1505609.7205113606	230163.40774450835	102	271388.64129406947	0.0005802768848918742	121.0	137.0	130.0	81.0	102.0	104.0	0.074582060969929087	137.0	137
DLR00012733-2009-11-13_10-01-59	8	18	2600.0	1171.0	1032722.4292220899	138411.90321267603	102	188385.72610670319	0.00050139861090472992	114.0	131.0	127.0	81.0	102.0	104.0	0.055069613374048962	137.0	137
DLR00012733-2009-11-13_10-01-59	8	19	2738.0	1164.0	1810051.0410951814	306128.99496439664	102	352888.94616725243	0.00069255488982286075	128.0	143.0	136.0	81.0	103.0	106.0	0.087003778272346149	137.0	137
DLR00012733-2009-11-13_10-01-59	8	20	2874.0	1171.0	412692.62822835252	35395.750794749372	102	94207.900223505261	0.00029764015778437547	98.0	118.0	119.0	80.0	102.0	106.0	0.011541845660162517	137.0	137
DLR00012733-2009-11-13_10-01-59	8	21	3011.0	1171.0	1136514.8729361834	154279.11266647783	102	210318.39106028454	0.00050249690499195676	112.0	129.0	127.0	79.0	101.0	106.0	0.046477925573210496	137.0	137
DLR00012733-2009-11-13_10-01-59	8	22	3145.0	1171.0	1267803.6442213138	179066.17187052322	102	232378.48404214784	0.00051723202310759912	111.0	127.0	125.0	78.0	99.0	103.0	0.058019771233373013	137.0	137
DLR00012733-2009-11-13_10-01-59	8	23	3281.0	1168.0	3193289.718182289	840834.44843411376	102	862343.42007438955	0.0012752797176790087	162.0	169.0	149.0	75.0	95.0	99.0	0.045028725221261841	137.0	137
DLR00012733-2009-11-13_10-01-59	8	24	3422.0	1170.0	1393394.9782619949	196685.56165629998	102	243601.6750408755	0.00046889932609307133	102.0	117.0	115.0	74.0	93.0	97.0	0.073132860617980439	137.0	137
DLR00012733-2009-11-13_10-01-59	9	1	286.0	1314.0	1876686.2853889551	294651.02921866073	102	335921.38687639794	0.00060457175025199078	120.0	134.0	130.0	81.0	100.0	104.0	0.076393561409864918	137.0	137
DLR00012733-2009-11-13_10-01-59	9	2	414.0	1310.0	362406.5516795197	30678.036560670265	102	90346.02745485316	0.000286364150566662	97.0	115.0	117.0	80.0	100.0	105.0	0.017390404223383883	137.0	137
DLR00012733-2009-11-13_10-01-59	9	3	562.0	1296.0	92645.283887997517	3437.1419375386463	102	51226.403100037591	0.00010203698980078544	86.0	105.0	110.0	80.0	101.0	107.0	5.1757155426737743e-05	137.0	137
DLR00012733-2009-11-13_10-01-59	9	4	683.0	1308.0	1091678.5189689973	164704.87819745092	102	209565.49906824401	0.00053281464975355136	119.0	134.0	131.0	81.0	103.0	107.0	0.058485585632213656	137.0	137
DLR00012733-2009-11-13_10-01-59	9	5	820.0	1308.0	1271271.6495005435	183209.63929680065	102	230835.78767710229	0.00054555435950304622	120.0	136.0	132.0	82.0	104.0	107.0	0.072615289063713062	137.0	137
DLR00012733-2009-11-13_10-01-59	9	6	961.0	1312.0	3836604.6974794264	1143039.8581776456	102	1156334.1936438428	0.0012913332154356407	180.0	185.0	155.0	83.0	103.0	105.0	0.033435122405672583	137.0	137
DLR00012733-2009-11-13_10-01-59	9	7	1102.0	1306.0	1042383.3010713732	141513.5209705125	102	187391.97767172978	0.00050610984701313718	117.0	133.0	128.0	82.0	103.0	105.0	0.062988458154339844	137.0	137
DLR00012733-2009-11-13_10-01-59	9	8	1228.0	1313.0	1358467.2108068939	210801.02034421667	102	256025.69538294201	0.00060050845731351662	124.0	139.0	133.0	83.0	103.0	105.0	0.07887790487034832	137.0	137
DLR00012733-2009-11-13_10-01-59	9	9	1368.0	1308.0	1509325.4404533929	217789.70049132541	102	261279.29294988009	0.00054455624497796356	120.0	136.0	130.0	83.0	103.0	105.0	0.071269603022617881	137.0	137
DLR00012733-2009-11-13_10-01-59	9	10	1505.0	1308.0	1117440.8439004195	160980.60360868092	102	205469.01349165259	0.00053781073896042031	120.0	135.0	129.0	83.0	103.0	105.0	0.07282231768542001	137.0	137
DLR00012733-2009-11-13_10-01-59	9	11	1646.0	1305.0	3875495.8995393612	1211284.0856177919	102	1220745.6869683994	0.0013428279142522379	183.0	187.0	157.0	83.0	103.0	102.0	0.045753325397236165	137.0	137
DLR00012733-2009-11-13_10-01-59	9	12	1779.0	1308.0	2497211.5157082966	610209.93343023804	102	632595.82885472884	0.0010780700055462299	161.0	169.0	150.0	82.0	102.0	103.0	0.062315615133792246	137.0	137
DLR00012733-2009-11-13_10-01-59	9	13	1916.0	1308.0	1832097.6460845713	361327.09546205914	102	397937.18630096212	0.00084664825238400809	142.0	154.0	143.0	82.0	102.0	104.0	0.10439418249573003	137.0	137
DLR00012733-2009-11-13_10-01-59	9	14	2054.0	1308.0	59699.233735313908	3277.7392994903757	102	59039.026489155236	0.00019010113774196188	92.0	112.0	113.0	82.0	102.0	105.0	0.00015527146628021324	137.0	137
DLR00012733-2009-11-13_10-01-59	9	15	2189.0	1308.0	540017.96490864863	56375.788265613977	102	111412.4446892518	0.00034908752875553235	104.0	121.0	119.0	82.0	102.0	105.0	0.030847264634335698	137.0	137
DLR00012733-2009-11-13_10-01-59	9	16	2326.0	1308.0	1040153.8691061538	141677.31963100866	102	192534.75080865939	0.0004674888215584395	112.0	129.0	125.0	81.0	102.0	104.0	0.053982713110087469	137.0	137
DLR00012733-2009-11-13_10-01-59	9	17	2464.0	1307.0	1547225.7838621188	232858.93875696842	102	274353.59471518244	0.00059215100202042003	121.0	136.0	130.0	81.0	101.0	104.0	0.076755861497852074	137.0	137
DLR00012733-2009-11-13_10-01-59	9	18	2600.0	1308.0	2803634.5535945348	797350.59165459836	102	822228.37939755304	0.0012483953833572442	172.0	177.0	152.0	80.0	101.0	103.0	0.045649811086382691	137.0	137
DLR00012733-2009-11-13_10-01-59	9	19	2737.0	1308.0	1277216.8014077949	187404.01582033074	102	239299.59816184171	0.00054532172010446974	116.0	133.0	129.0	80.0	102.0	105.0	0.065214015837689557	137.0	137
DLR00012733-2009-11-13_10-01-59	9	20	2874.0	1307.0	67130.673619377878	3346.3426982074034	102	59287.745921935006	0.00020083921616262444	90.0	111.0	114.0	79.0	101.0	106.0	0.0	137.0	137
DLR00012733-2009-11-13_10-01-59	9	21	3009.0	1308.0	2780101.6606283318	641261.51337267633	102	669689.89121656457	0.0010482248535605648	153.0	163.0	147.0	79.0	100.0	104.0	0.03881786657005331	137.0	137
DLR00012733-2009-11-13_10-01-59	9	22	3148.0	1307.0	1414946.1539257802	234400.64253936705	102	285706.89992122602	0.00064472013415641817	119.0	135.0	130.0	77.0	98.0	103.0	0.060607629004709902	137.0	137
DLR00012733-2009-11-13_10-01-59	9	23	3285.0	1307.0	384205.44200610736	34727.939843813117	102	92795.926206530261	0.00027292297928623971	90.0	108.0	110.0	75.0	95.0	100.0	0.013042803167537913	137.0	137
DLR00012733-2009-11-13_10-01-59	9	24	3416.0	1309.0	1567290.6715490916	232936.07741737543	102	276346.99838488107	0.00051921348496644757	105.0	119.0	116.0	74.0	93.0	97.0	0.07613477563273123	137.0	137
DLR00012733-2009-11-13_10-01-59	10	1	281.0	1449.0	732739.97256870754	83482.367059312426	102	133724.56618015573	0.00038917190805522184	104.0	119.0	120.0	80.0	99.0	104.0	0.030899021789762435	137.0	137
DLR00012733-2009-11-13_10-01-59	10	2	413.0	1447.0	1422873.0231354486	228060.25174909274	102	270526.18185591971	0.00061812816533539686	122.0	136.0	130.0	79.0	100.0	104.0	0.070286217069509854	137.0	137
DLR00012733-2009-11-13_10-01-59	10	3	552.0	1441.0	3101883.0076083019	932490.24881450878	102	952850.51584816864	0.0013545912242329638	181.0	185.0	158.0	81.0	100.0	104.0	0.046788468505770925	137.0	137
DLR00012733-2009-11-13_10-01-59	10	4	683.0	1446.0	1115706.8412608041	159851.36556293006	102	204005.41006751798	0.00054923018499241185	120.0	135.0	130.0	81.0	102.0	106.0	0.060348843227576214	137.0	137
DLR00012733-2009-11-13_10-01-59	10	5	823.0	1447.0	2403575.3731690901	494089.81169965706	102	523710.02779728925	0.0009157541378309917	149.0	160.0	146.0	82.0	103.0	106.0	0.039853009678588062	137.0	137
DLR00012733-2009-11-13_10-01-59	10	6	957.0	1445.0	906140.23653020023	134543.62732062064	102	180840.85966482092	0.00055561821552192671	121.0	137.0	131.0	82.0	103.0	106.0	0.055173127684902436	137.0	137
DLR00012733-2009-11-13_10-01-59	10	7	1094.0	1445.0	995317.51513896801	148063.15602709845	102	196159.41529121916	0.00054610730410469812	119.0	135.0	131.0	82.0	103.0	106.0	0.064075358418301337	137.0	137
DLR00012733-2009-11-13_10-01-59	10	8	1229.0	1446.0	1229655.5861497852	181360.64244653564	102	226325.15183227017	0.00055809307871237609	120.0	136.0	130.0	82.0	102.0	105.0	0.065628073081103466	137.0	137
DLR00012733-2009-11-13_10-01-59	10	9	1368.0	1445.0	2175925.5980539308	468062.42453219247	102	502283.71765726083	0.0009701961463373526	151.0	162.0	148.0	83.0	102.0	104.0	0.095957766161171784	137.0	137
DLR00012733-2009-11-13_10-01-59	10	10	1510.0	1442.0	1365898.6506909581	236365.70518096225	102	279459.11087704846	0.00067484401871723172	129.0	143.0	135.0	82.0	102.0	104.0	0.071683660266031776	137.0	137
DLR00012733-2009-11-13_10-01-59	10	11	1642.0	1445.0	1237087.026033849	175111.36651156491	102	218652.24050553265	0.00055071158516112328	119.0	135.0	129.0	82.0	102.0	104.0	0.070596760002070283	137.0	137
DLR00012733-2009-11-13_10-01-59	10	12	1779.0	1445.0	1332209.456549868	224468.8759558585	102	267614.24260524439	0.00065491875492437051	127.0	141.5	134.0	82.0	102.0	104.0	0.076755861497852074	137.0	137
DLR00012733-2009-11-13_10-01-59	10	13	1918.0	1448.0	773117.46260545519	93098.469288666747	102	143748.82040255552	0.00043662643828375783	111.0	127.0	124.0	82.0	102.0	104.0	0.037886237772372031	137.0	137
DLR00012733-2009-11-13_10-01-59	10	14	2043.0	1440.0	1430304.4630195124	226192.25214856418	102	273207.42328176432	0.00060022272874492245	122.0	137.0	131.0	82.0	102.0	104.0	0.074375032348222139	137.0	137
DLR00012733-2009-11-13_10-01-59	10	15	2192.0	1449.0	1382000.1037730966	220430.64373708284	102	270828.58053607604	0.00060824543224405716	122.0	137.0	131.0	81.0	102.0	104.0	0.079033176336628541	137.0	137
DLR00012733-2009-11-13_10-01-59	10	16	2318.0	1442.0	974757.19812639104	137776.61453622952	102	191090.82316570976	0.0005104110255630494	115.0	131.0	126.0	81.0	101.0	104.0	0.0547073132860618	137.0	137
DLR00012733-2009-11-13_10-01-59	10	17	2460.0	1446.0	2898756.9841105537	770986.22519928729	102	797157.008824758	0.0011775282403624697	165.0	172.0	151.0	81.0	101.0	103.0	0.050100926453082138	137.0	137
DLR00012733-2009-11-13_10-01-59	10	18	2600.0	1444.0	1056998.4661766989	140922.30815084587	102	196220.05295151606	0.00048023168824480546	111.0	128.0	124.0	80.0	101.0	104.0	0.047150768593758087	137.0	137
DLR00012733-2009-11-13_10-01-59	10	19	2732.0	1442.0	1407266.999378914	199325.49685142201	102	250532.51953339449	0.00052517182069888781	114.0	131.0	127.0	80.0	101.0	105.0	0.061435743491537707	137.0	137
DLR00012733-2009-11-13_10-01-59	10	20	2866.0	1443.0	1310162.8515604781	193167.33361681484	102	245355.60691234734	0.00055565497983211263	116.0	133.0	128.0	80.0	101.0	105.0	0.061642772113244655	137.0	137
DLR00012733-2009-11-13_10-01-59	10	21	3004.0	1444.0	987142.93126649759	119083.57981563146	102	170358.8835403978	0.00043940688326520456	107.0	124.0	122.0	79.0	99.0	103.0	0.046167382640650068	137.0	137
DLR00012733-2009-11-13_10-01-59	10	22	3146.0	1441.0	3389975.1604471817	1069887.7944204574	102	1089845.8666496058	0.0014155043797472403	176.0	181.0	155.0	77.0	97.0	100.0	0.046012111174369853	137.0	137
DLR00012733-2009-11-13_10-01-59	10	23	3283.0	1445.0	1616585.8894467158	245463.57591419038	102	295405.76993300027	0.00055620461136375121	109.0	124.0	120.0	75.0	94.0	99.0	0.085192277832410332	137.0	137
DLR00012733-2009-11-13_10-01-59	10	24	3413.0	1443.0	1641109.6410641267	248067.74820786272	102	291012.54271840467	0.00053595995982186144	106.0	119.0	116.0	74.0	92.0	96.0	0.082656177216500176	137.0	137
DLR00012733-2009-11-13_10-01-59	11	1	272.0	1582.0	1106789.1133999277	148730.78761032125	102	192386.78668067444	0.0004940091890996589	111.0	125.0	124.0	82.0	100.0	103.0	0.053620413022100306	137.0	137
DLR00012733-2009-11-13_10-01-59	11	2	412.0	1582.0	2747403.3251384511	687239.03582631308	102	712157.44523850025	0.0011563939775843792	162.0	168.0	149.0	79.0	98.0	102.0	0.043993582112727088	137.0	137
DLR00012733-2009-11-13_10-01-59	11	3	558.0	1582.0	2658969.1905180896	654393.17447018856	102	677376.67168835271	0.0011097190518639425	161.0	168.0	149.0	80.0	100.0	103.0	0.036178251643289687	137.0	137
DLR00012733-2009-11-13_10-01-59	11	4	687.0	1580.0	1517747.7389886649	248822.58451906336	102	288037.4749801766	0.00065771327415749703	128.0	141.0	134.0	81.0	101.0	105.0	0.060969929092697064	137.0	137
DLR00012733-2009-11-13_10-01-59	11	5	829.0	1587.0	2814038.5694322237	827686.44258109084	102	852412.74084659165	0.0012801223910874151	178.0	183.0	157.0	82.0	102.0	104.0	0.041612752963097147	137.0	137
DLR00012733-2009-11-13_10-01-59	11	6	957.0	1582.0	402784.0417162673	39806.01514239447	102	86522.008167366803	0.00034309390929549355	104.0	122.0	122.0	81.0	102.0	106.0	0.018891361730759278	137.0	137
DLR00012733-2009-11-13_10-01-59	11	7	1101.0	1583.0	2812304.5667926092	784020.19571515569	102	809474.15749728971	0.0012252012395955519	173.0	178.0	153.0	82.0	102.0	104.0	0.050566740851922781	137.0	137
DLR00012733-2009-11-13_10-01-59	11	8	1235.0	1585.0	1470681.95305626	233638.17656640508	102	273525.50570514228	0.00063824891682400116	125.0	140.0	133.0	81.0	101.0	104.0	0.080844676776564359	137.0	137
DLR00012733-2009-11-13_10-01-59	11	9	1381.0	1583.0	2490275.5051498371	648018.14393478783	102	675899.92161668662	0.001151577793481661	164.0	173.0	152.0	81.0	101.0	104.0	0.043217224781326016	137.0	137
DLR00012733-2009-11-13_10-01-59	11	10	1509.0	1573.0	868239.89312147396	123779.69653498832	102	174056.06124390825	0.00050207885812292925	114.0	131.0	127.0	81.0	102.0	104.0	0.064334144195435025	137.0	137
DLR00012733-2009-11-13_10-01-59	11	11	1653.0	1587.0	1002996.6696858341	146930.11953093807	102	201932.77312292124	0.00054713918027997127	117.0	134.0	129.0	81.0	102.0	104.0	0.062574400910925934	137.0	137
DLR00012733-2009-11-13_10-01-59	11	12	1778.0	1585.0	39634.346048341184	2339.4469451609511	102	55544.206607910244	0.00022062379387605623	93.0	112.0	113.0	81.0	101.0	104.0	0.0	137.0	137
DLR00012733-2009-11-13_10-01-59	11	13	1916.0	1582.0	1506600.579162569	270175.64610638522	102	314451.76974066277	0.00072676271351371051	131.0	145.0	136.0	81.0	101.0	104.0	0.076600590031571866	137.0	137
DLR00012733-2009-11-13_10-01-59	11	14	2053.0	1582.0	1363916.933388541	248708.28643058956	102	295073.38457144174	0.00069971022624668359	128.0	142.0	134.0	81.0	101.0	103.0	0.070959060090057452	137.0	137
DLR00012733-2009-11-13_10-01-59	11	15	2189.0	1581.0	1504618.8618601521	241992.82340402933	102	287215.3292759051	0.00062571760213337769	122.0	137.0	130.0	80.0	101.0	103.0	0.078826147714921593	137.0	137
DLR00012733-2009-11-13_10-01-59	11	16	2326.0	1581.0	888800.21013405104	127936.86587813335	102	181705.52348141128	0.00051406961037766608	114.0	130.0	125.0	80.0	100.0	103.0	0.055949485016303507	137.0	137
DLR00012733-2009-11-13_10-01-59	11	17	2463.0	1581.0	1112981.9799699809	153631.61006798592	102	205968.86703063449	0.0005073588966450674	112.0	128.0	125.0	80.0	100.0	103.0	0.058226799855079968	137.0	137
DLR00012733-2009-11-13_10-01-59	11	18	2600.0	1581.0	1163020.3418560114	174902.86143698249	102	228675.41606268776	0.00055672583570943296	115.0	132.0	127.0	79.0	100.0	104.0	0.058071528388799754	137.0	137
DLR00012733-2009-11-13_10-01-59	11	19	2737.0	1581.0	742153.12975518859	89019.533661463647	102	141633.58048534713	0.00044455189563827861	107.5	125.0	122.0	79.0	100.0	103.0	0.030174421613788107	137.0	137
DLR00012733-2009-11-13_10-01-59	11	20	2870.0	1581.0	3063239.520211169	937380.10473660112	102	960640.25348703144	0.0013388164296392188	176.0	181.0	154.0	79.0	99.0	102.0	0.043165467625899283	137.0	137
DLR00012733-2009-11-13_10-01-59	11	21	3011.0	1583.0	2703062.4004968689	725035.97534348024	102	753632.42095000506	0.0012015487182672241	163.0	171.0	150.0	78.0	98.0	102.0	0.055276641995755917	137.0	137
DLR00012733-2009-11-13_10-01-59	11	22	3147.0	1581.0	1206865.837171989	179023.28571426778	102	231486.4705732271	0.00055836452853317382	112.0	128.0	124.0	76.0	97.0	101.0	0.060348843227576214	137.0	137
DLR00012733-2009-11-13_10-01-59	11	23	3283.0	1585.0	1297529.4037575696	170017.85822841703	102	227652.26056751548	0.00041279962818117699	99.0	114.0	113.0	74.0	94.0	99.0	0.059158428652761247	137.0	137
DLR00012733-2009-11-13_10-01-59	11	24	3410.0	1583.0	1785279.574814968	299085.62476843403	102	339305.89640099817	0.00059979905697344293	109.0	122.0	118.0	73.0	91.0	95.0	0.0996842813518969	137.0	137
DLR00012733-2009-11-13_10-01-59	12	1	272.0	1719.0	1077558.7831892758	148106.23024975864	102	191560.27019147744	0.00050411549103319638	111.0	125.0	123.0	81.0	99.0	103.0	0.058330314165933442	137.0	137
DLR00012733-2009-11-13_10-01-59	12	2	411.0	1723.0	3438279.5196935982	1054528.9798635594	102	1075160.7407980608	0.0013790883855029821	177.0	181.0	154.0	79.0	97.0	100.0	0.051084312406190158	137.0	137
DLR00012733-2009-11-13_10-01-59	12	3	546.0	1719.0	1243032.1779411004	182287.42997813641	102	224526.58851177851	0.00058139358510511359	119.0	133.0	128.0	79.0	99.0	102.0	0.055483670617462864	137.0	137
DLR00012733-2009-11-13_10-01-59	12	4	686.0	1717.0	896479.36468091712	121439.5800782333	102	159104.59733626511	0.00049210050391353555	114.0	130.0	127.0	80.0	100.0	104.0	0.052171212670151651	137.0	137
DLR00012733-2009-11-13_10-01-59	12	5	823.0	1721.0	864771.88784224424	118407.04938937942	102	164148.54491085917	0.00051089590599267631	116.0	132.0	129.0	81.0	102.0	106.0	0.057243413901971948	137.0	137
DLR00012733-2009-11-13_10-01-59	12	6	961.0	1725.0	1031483.8559080793	146682.80012845315	102	194219.48077521435	0.00052868120540072424	117.0	134.0	129.0	81.0	102.0	106.0	0.051550126805030794	137.0	137
DLR00012733-2009-11-13_10-01-59	12	7	1101.0	1721.0	2797441.6870244811	820462.26755787421	102	846107.00995956908	0.0012862442503774698	176.0	181.0	154.0	81.0	102.0	104.0	0.04761658299259873	137.0	137
DLR00012733-2009-11-13_10-01-59	12	8	1233.0	1717.0	932397.99078722636	127743.67238831875	102	175407.92091794533	0.00050047993845150245	114.0	130.0	126.0	81.0	101.0	104.0	0.057243413901971948	137.0	137
DLR00012733-2009-11-13_10-01-59	12	9	1368.0	1719.0	754786.57755809743	88111.740068296291	102	139619.08622910385	0.00042539288586735345	108.0	125.0	123.0	80.0	101.0	104.0	0.033590393871952798	137.0	137
DLR00012733-2009-11-13_10-01-59	12	10	1499.0	1718.0	1247243.3272087364	204952.55361529998	102	255114.73910030909	0.00061987509036163819	122.0	137.0	131.0	81.0	101.0	104.0	0.067750116453599712	137.0	137
DLR00012733-2009-11-13_10-01-59	12	11	1636.0	1719.0	1182589.80021738	163906.43531913889	102	216903.42959098477	0.00050837823257385566	114.0	130.0	125.0	81.0	101.0	104.0	0.071890688887738724	137.0	137
DLR00012733-2009-11-13_10-01-59	12	12	1779.0	1722.0	1113972.8386211894	175344.86254744849	102	226319.28086848208	0.00059437477476729952	120.0	135.0	129.0	80.0	100.0	103.0	0.062781429532632882	137.0	137
DLR00012733-2009-11-13_10-01-59	12	13	1916.0	1718.0	1138496.5902386005	185730.09123453216	102	235984.66819244955	0.0005805278816815888	118.0	134.0	128.0	80.0	100.0	103.0	0.055742456394596553	137.0	137
DLR00012733-2009-11-13_10-01-59	12	14	2050.0	1717.0	1013152.9708607214	143480.4117745636	102	190895.19261294408	0.00051352494179009666	113.0	129.0	124.0	80.0	99.0	102.0	0.063971844107447856	137.0	137
DLR00012733-2009-11-13_10-01-59	12	15	2185.0	1718.0	1481829.1128823559	269842.65009719814	102	305646.76340488519	0.00073360782546165362	129.0	142.5	134.0	79.0	99.0	101.0	0.083484291703327981	137.0	137
DLR00012733-2009-11-13_10-01-59	12	16	2326.0	1718.0	2876958.0937839658	843384.14587896946	102	866772.04867176083	0.0012771497815899405	171.0	176.0	150.0	79.0	99.0	100.0	0.051343098183323846	137.0	137
DLR00012733-2009-11-13_10-01-59	12	17	2461.0	1716.0	1246747.8978831321	199949.97800241108	102	246660.82653043559	0.00059846794581985157	118.0	134.0	128.0	79.0	99.0	102.0	0.054189741731794423	137.0	137
DLR00012733-2009-11-13_10-01-59	12	18	2600.0	1718.0	1128092.5744009109	172394.94041983472	102	222036.20900966384	0.00059420860909966148	117.0	133.0	128.0	78.0	99.0	102.0	0.05698462812483826	137.0	137
DLR00012733-2009-11-13_10-01-59	12	19	2736.0	1718.0	2667886.9183789655	667216.90343715157	102	695926.51742025034	0.0011314076571366603	157.0	166.0	147.0	78.0	99.0	102.0	0.053413384400393352	137.0	137
DLR00012733-2009-11-13_10-01-59	12	20	2874.0	1718.0	1202654.6879043528	173859.07128987479	102	223052.12783910526	0.00054860040490465071	114.0	130.0	126.0	78.0	98.0	103.0	0.062315615133792246	137.0	137
DLR00012733-2009-11-13_10-01-59	12	21	3011.0	1718.0	180088.55985715025	28691.174443055632	102	77313.801768083751	0.00056335434928028358	113.0	129.0	126.0	76.0	97.0	103.0	0.0073495160705967597	137.0	137
DLR00012733-2009-11-13_10-01-59	12	22	3140.0	1713.0	1163515.7711816158	167141.84487715198	102	220678.74910598074	0.00049142838875938202	107.0	122.0	120.0	76.0	96.0	101.0	0.065369287303969778	137.0	137
DLR00012733-2009-11-13_10-01-59	12	23	3285.0	1717.0	1738213.7888825629	267118.05291418656	102	315136.91070101497	0.00054960399523182291	106.0	120.0	117.0	73.0	92.0	97.0	0.078049790383520515	137.0	137
DLR00012733-2009-11-13_10-01-59	12	24	3408.0	1715.0	1853648.8217483568	327284.08682700305	102	366488.05306416692	0.00062981389127170228	111.0	123.0	118.0	73.0	90.0	94.0	0.090160964753377149	137.0	137
DLR00012733-2009-11-13_10-01-59	13	1	295.0	1858.0	1080035.9298172973	151064.37441965329	102	197889.17473923325	0.00052650608333306087	112.0	126.0	123.0	79.0	97.0	101.0	0.056518813725997617	137.0	137
DLR00012733-2009-11-13_10-01-59	13	2	418.0	1865.0	1006464.6749650639	151980.17948611159	102	194707.33775758039	0.00056698539782607817	115.0	128.0	124.0	77.0	96.0	101.0	0.065421044459396518	137.0	137
DLR00012733-2009-11-13_10-01-59	13	3	554.0	1860.0	3635212.6766212927	1126373.4747603829	102	1140421.6493085192	0.0013726016994078482	177.0	181.0	154.0	78.0	97.0	100.0	0.032814036540551733	137.0	137
DLR00012733-2009-11-13_10-01-59	13	4	688.0	1862.0	2916840.1544951089	840522.49619646033	102	864141.96468993288	0.0012994529466076857	175.0	179.0	154.0	80.0	99.0	101.0	0.042492624605351692	137.0	137
DLR00012733-2009-11-13_10-01-59	13	5	837.0	1860.0	1126606.2864240981	162755.72218186158	102	203710.30768243066	0.00055132739748484387	118.0	134.0	130.0	80.0	100.0	105.0	0.051032555250763417	137.0	137
DLR00012733-2009-11-13_10-01-59	13	6	963.0	1862.0	1271271.6495005435	198235.64312618543	102	244034.95275071199	0.00063214885624783416	124.0	139.0	132.0	80.0	101.0	105.0	0.048289426013146321	137.0	137
DLR00012733-2009-11-13_10-01-59	13	7	1108.0	1864.0	1227673.8688473683	187449.83151972995	102	233094.13664370676	0.00059119332171076659	120.0	135.0	130.0	80.0	100.0	104.0	0.062781429532632882	137.0	137
DLR00012733-2009-11-13_10-01-59	13	8	1231.0	1856.0	1089696.8016665804	147584.99275075784	102	195431.64733028141	0.00050148551354455408	113.0	129.0	125.0	80.0	100.0	103.0	0.065886858858237154	137.0	137
DLR00012733-2009-11-13_10-01-59	13	9	1377.0	1857.0	1179121.7949381503	189744.95928075744	102	232326.71203999725	0.00062233077751238383	121.0	136.0	129.0	79.0	99.0	102.0	0.067801873609026453	137.0	137
DLR00012733-2009-11-13_10-01-59	13	10	1514.0	1850.0	64653.526991356557	3371.935493697963	102	50143.673836129848	0.00018609261099354691	89.0	108.0	111.0	78.0	99.0	103.0	0.0	137.0	137
DLR00012733-2009-11-13_10-01-59	13	11	1642.0	1855.0	1476874.8196263134	268477.53262277547	102	311655.38378525415	0.00073272510954677393	129.0	142.0	134.0	79.0	99.0	102.0	0.088608250090575019	137.0	137
DLR00012733-2009-11-13_10-01-59	13	12	1779.0	1855.0	886818.49283163389	127664.04384797595	102	175429.22243257245	0.0004990329928361379	111.0	127.0	123.0	79.0	99.0	102.0	0.060090057450442526	137.0	137
DLR00012733-2009-11-13_10-01-59	13	13	1916.0	1855.0	2441228.0019150143	703123.6318960645	102	726493.73809187952	0.001254568910182795	168.0	174.0	150.0	78.0	98.0	100.0	0.05921018580818798	137.0	137
DLR00012733-2009-11-13_10-01-59	13	14	2053.0	1855.0	3350093.0997360381	1046235.0559379461	102	1059245.3622255316	0.0013491110973362606	175.0	179.0	149.0	78.0	97.0	98.0	0.045080482376688574	137.0	137
DLR00012733-2009-11-13_10-01-59	13	15	2190.0	1855.0	1336668.3204803062	234802.17055348284	102	272550.09360764234	0.00070041217567820449	125.0	138.5	130.0	77.0	97.0	100.0	0.071580145955178309	137.0	137
DLR00012733-2009-11-13_10-01-59	13	16	2326.0	1855.0	682453.89601987472	90538.325838124918	102	135903.26006462294	0.00047827323542210009	108.0	124.0	121.0	77.0	97.0	100.0	0.04430412504528751	137.0	137
DLR00012733-2009-11-13_10-01-59	13	17	2468.0	1858.0	2676804.6462398423	725092.20181096101	102	752454.69222209323	0.0011843686739677777	160.0	168.0	147.0	77.0	97.0	100.0	0.042285595983644737	137.0	137
DLR00012733-2009-11-13_10-01-59	13	18	2597.0	1857.0	891772.78608767653	124298.14716033221	102	168534.00974735568	0.00050899257151601496	110.0	126.0	122.5	77.0	97.0	101.0	0.0492210548108276	137.0	137
DLR00012733-2009-11-13_10-01-59	13	19	2744.0	1854.0	3288412.1486983076	1008108.1510168868	102	1027788.9151216082	0.0013517048277722312	174.0	178.0	150.0	77.0	97.0	100.0	0.037782723461518557	137.0	137
DLR00012733-2009-11-13_10-01-59	13	20	2874.0	1855.0	1288611.6758966928	196813.37417353067	102	247972.77554857492	0.00059235998828563474	115.0	131.0	126.0	77.0	97.0	102.0	0.068060659386160141	137.0	137
DLR00012733-2009-11-13_10-01-59	13	21	3011.0	1855.0	1514775.1630350396	252813.07052656185	102	303253.52519578766	0.00063957428351773908	117.0	132.0	128.0	76.0	97.0	102.0	0.065938616013663895	137.0	137
DLR00012733-2009-11-13_10-01-59	13	22	3141.0	1857.0	984913.49930127827	134022.66996592484	102	187742.83965690556	0.00049550459734450786	104.0	120.0	119.0	74.0	94.0	99.0	0.045235753842968789	137.0	137
DLR00012733-2009-11-13_10-01-59	13	23	3285.0	1855.0	2854416.0594689716	787196.05431992339	102	812344.24947290635	0.0013060994180844651	154.0	160.0	141.0	71.0	90.0	94.0	0.042440867449924952	137.0	137
DLR00012733-2009-11-13_10-01-59	13	24	3422.0	1855.0	1842501.6619222609	297277.337320967	102	335201.5060783152	0.00058120519019103057	106.0	118.0	115.0	74.0	90.0	93.0	0.084208891879302319	137.0	137
DLR00012733-2009-11-13_10-01-59	14	1	297.0	1995.0	1319823.7234097612	198584.51904418008	102	246366.910255011	0.00054366958901084128	113.0	126.0	123.0	79.0	96.0	101.0	0.054500284664354845	137.0	137
DLR00012733-2009-11-13_10-01-59	14	2	424.0	1996.0	1130074.291703328	174944.04493341295	102	225654.36922785017	0.00056317081864448368	112.0	125.0	122.0	76.0	95.0	100.0	0.080068319445163294	137.0	137
DLR00012733-2009-11-13_10-01-59	14	3	546.0	1993.0	120637.04078463848	13428.722804301829	102	56809.366860651404	0.0002836195909874926	96.0	111.0	113.0	76.0	96.0	101.0	0.0061073443403550538	137.0	137
DLR00012733-2009-11-13_10-01-59	14	4	688.0	1997.0	2465504.038869624	612192.33338496916	102	640703.7473002203	0.0011380707529382241	160.0	167.0	149.0	79.0	98.0	103.0	0.072718803374566529	137.0	137
DLR00012733-2009-11-13_10-01-59	14	5	830.0	1992.0	1150882.3233787068	176969.54075049917	102	224398.15307701845	0.00053829062654882885	115.0	130.0	127.0	79.0	99.0	104.0	0.05858909994306713	137.0	137
DLR00012733-2009-11-13_10-01-59	14	6	965.0	1995.0	2952511.0659386162	858201.8197122172	102	884167.60844430956	0.0012684008531205634	171.0	176.0	151.0	80.0	100.0	102.0	0.051757155426737748	137.0	137
DLR00012733-2009-11-13_10-01-59	14	7	1103.0	1988.0	787732.62771078106	116912.45166420061	102	165277.87740634842	0.00053540436824619012	114.0	129.0	126.0	78.0	99.0	103.0	0.053361627244966618	137.0	137
DLR00012733-2009-11-13_10-01-59	14	8	1231.0	1992.0	3159600.5240411987	1008787.423661017	102	1029820.3834666681	0.0013853901070576189	177.0	181.0	153.0	79.0	98.0	101.0	0.058382071321360175	137.0	137
DLR00012733-2009-11-13_10-01-59	14	9	1372.0	1997.0	3150435.0815175199	1001963.2177173541	102	1018952.4185398965	0.0013783720323433807	176.0	180.0	150.0	78.0	97.0	98.0	0.049169297655400859	137.0	137
DLR00012733-2009-11-13_10-01-59	14	10	1513.0	1992.0	620525.23031934176	73409.380863368511	102	121234.55467238159	0.00040847584993904801	103.0	120.0	118.0	77.0	97.0	100.0	0.03726515190725118	137.0	137
DLR00012733-2009-11-13_10-01-59	14	11	1642.0	1992.0	2438007.7112985877	680843.49211140268	102	711818.21762080223	0.00123934852330097	163.0	170.0	149.0	78.0	97.0	99.0	0.06247088660007246	137.0	137
DLR00012733-2009-11-13_10-01-59	14	12	1779.0	1992.0	2207385.3602298014	533374.02582360117	102	565786.17656768253	0.0010700359802297238	150.0	160.0	143.0	77.0	97.0	99.0	0.073650432172247815	137.0	137
DLR00012733-2009-11-13_10-01-59	14	13	1916.0	1992.0	109242.16629574038	7757.4789004870918	102	54266.70286332965	0.0002514554466753705	91.0	110.0	109.0	76.0	96.0	100.0	0.00087987164225454171	137.0	137
DLR00012733-2009-11-13_10-01-59	14	14	2051.0	1996.0	1299015.691734382	221921.89082048129	102	268309.79865664238	0.00064685454176205014	118.0	133.0	126.0	76.0	96.0	99.0	0.075306661145903425	137.0	137
DLR00012733-2009-11-13_10-01-59	14	15	2190.0	1992.0	1270033.0761865329	201196.72538792581	102	251598.85001532859	0.00059606011111175818	114.0	129.0	123.0	76.0	96.0	99.0	0.074219760881941932	137.0	137
DLR00012733-2009-11-13_10-01-59	14	16	2326.0	1994.0	1237334.7406966512	206503.6919091056	102	255384.1767434564	0.00064871385421648464	117.0	132.0	125.0	76.0	96.0	99.0	0.081206976864551528	137.0	137
DLR00012733-2009-11-13_10-01-59	14	17	2462.0	1994.0	1745892.9434294291	309789.09146000544	102	354580.39456430083	0.00069374652584198939	121.0	135.0	127.0	76.0	96.0	100.0	0.089695150354536513	137.0	137
DLR00012733-2009-11-13_10-01-59	14	18	2607.0	1991.0	1723846.3384400392	301536.10601155122	102	345487.17310255551	0.00067826681092760953	120.0	134.0	127.0	76.0	96.0	100.0	0.078670876248641372	137.0	137
DLR00012733-2009-11-13_10-01-59	14	19	2738.0	1984.0	1372586.9465866154	278117.96317106945	102	324896.40582391544	0.00076362262765367528	126.0	139.0	131.0	76.0	96.0	100.0	0.06086641478184359	137.0	137
DLR00012733-2009-11-13_10-01-59	14	20	2865.0	1992.0	819935.53387505817	108636.02081047975	102	166810.26775903814	0.0004665736596445661	105.0	121.0	119.0	76.0	96.0	100.0	0.046943739972051139	137.0	137
DLR00012733-2009-11-13_10-01-59	14	21	3011.0	1992.0	790457.4890016045	215560.8145290071	102	259597.85339444983	0.0012299800387891623	158.0	166.0	146.0	74.0	94.0	99.0	0.020030019150147509	137.0	137
DLR00012733-2009-11-13_10-01-59	14	22	3142.0	1992.0	1396367.5542156203	204640.22720620825	102	249001.21244002375	0.00051898799441635823	105.0	120.0	117.0	73.0	92.0	97.0	0.069716888359815751	137.0	137
DLR00012733-2009-11-13_10-01-59	14	23	3281.0	1987.0	2704796.4031364839	736852.56870176631	102	761800.5934959416	0.0012764958784570791	149.0	156.0	137.0	69.0	87.0	92.0	0.050980798095336677	137.0	137
DLR00012733-2009-11-13_10-01-59	14	24	3408.0	1993.0	1702295.1627762537	289844.33516891027	102	335742.01885360124	0.00059076943077560713	105.0	117.0	112.0	72.0	88.0	92.0	0.09807980953366803	137.0	137
DLR00012733-2009-11-13_10-01-59	15	1	301.0	2119.0	1373082.3759122198	220867.61970425938	102	265691.07267467061	0.00053010737619914143	113.0	125.0	122.0	80.0	96.0	101.0	0.045908596863516379	137.0	137
DLR00012733-2009-11-13_10-01-59	15	2	421.0	2129.0	1248977.3298483514	175785.74819252692	102	230582.8399324425	0.00047885759721751596	107.0	120.0	119.0	77.0	95.0	101.0	0.077428704518399671	137.0	137
DLR00012733-2009-11-13_10-01-59	15	3	551.0	2128.0	1299263.4063971844	225574.47728963674	102	272709.687020629	0.00058418284565542322	116.0	129.0	125.0	77.0	97.0	103.0	0.055587184928316338	137.0	137
DLR00012733-2009-11-13_10-01-59	15	4	692.0	2130.0	1563574.9516070595	266062.06762754952	102	315931.92779684433	0.00067015069874461479	124.0	137.0	133.0	79.0	99.0	105.0	0.07727343305211945	137.0	137
DLR00012733-2009-11-13_10-01-59	15	5	836.0	2126.0	1192746.1013922675	185737.09927183503	102	244108.58319758662	0.00057254290577039174	116.0	131.0	128.0	79.0	99.0	105.0	0.068681745251280985	137.0	137
DLR00012733-2009-11-13_10-01-59	15	6	966.0	2133.0	1476874.8196263134	268973.78898848343	102	322315.67939335905	0.00073561418515753643	126.0	140.0	133.0	78.0	99.0	104.0	0.076445318565291645	137.0	137
DLR00012733-2009-11-13_10-01-59	15	7	1110.0	2121.0	1113725.1239583872	183994.63025246983	102	243089.42828084953	0.00062470162989938577	118.0	133.0	128.5	78.0	98.0	103.0	0.066093887479944102	137.0	137
DLR00012733-2009-11-13_10-01-59	15	8	1231.0	2129.0	1378036.6691682627	231406.26549483059	102	287119.17814848508	0.00064769956260426402	119.0	133.0	129.0	77.0	98.0	103.0	0.088504735779721552	137.0	137
DLR00012733-2009-11-13_10-01-59	15	9	1382.0	2129.0	1224701.2928937424	188788.47211625375	102	247976.06043026361	0.00056810969564794291	111.0	127.0	124.0	76.0	97.0	101.0	0.086330935251798566	137.0	137
DLR00012733-2009-11-13_10-01-59	15	10	1509.0	2126.0	1840519.9446198437	366340.52681213728	102	414919.36134257185	0.0008345934410301704	129.0	142.0	134.0	76.0	96.0	100.0	0.10925935510584338	137.0	137
DLR00012733-2009-11-13_10-01-59	15	11	1642.0	2129.0	955187.73976502253	149328.90464672481	102	215629.37291600127	0.00053734943145111551	108.0	123.0	120.0	75.0	95.0	100.0	0.067439573521039284	137.0	137
DLR00012733-2009-11-13_10-01-59	15	12	1779.0	2129.0	1676285.1231820299	318518.90646962891	102	372511.18402800563	0.00073389020398351385	121.0	135.0	128.0	75.0	96.0	100.0	0.10480823973914394	137.0	137
DLR00012733-2009-11-13_10-01-59	15	13	1916.0	2129.0	1343108.9017131617	226623.3411640288	102	284059.30748572695	0.00062528932853622645	113.0	128.0	124.0	75.0	95.0	99.0	0.093939237099529005	137.0	137
DLR00012733-2009-11-13_10-01-59	15	14	2053.0	2129.0	1408010.1433673203	255751.15781408595	102	305925.14487361989	0.00068535408531126012	117.0	131.5	125.0	75.0	94.0	98.0	0.091610165105325811	137.0	137
DLR00012733-2009-11-13_10-01-59	15	15	2196.0	2128.0	3437288.6610423895	1142117.9366847039	102	1158613.0983659539	0.0014462929971298724	173.0	176.0	147.0	75.0	94.0	96.0	0.054345013198074631	137.0	137
DLR00012733-2009-11-13_10-01-59	15	16	2330.0	2129.0	1344099.7603643704	240692.53201931829	102	289571.60098132049	0.00069479900267784944	119.0	132.0	126.0	75.0	94.0	98.0	0.081621034107965423	137.0	137
DLR00012733-2009-11-13_10-01-59	15	17	2470.0	2124.0	1470186.5237306557	267246.66335670796	102	321199.48964552674	0.00070015138425854825	119.0	133.0	127.0	75.0	95.0	100.0	0.089125821644842396	137.0	137
DLR00012733-2009-11-13_10-01-59	15	18	2600.0	2129.0	429041.79597329331	55080.987299112763	102	119491.47996287425	0.00041426239940194098	99.0	116.0	116.0	75.0	95.0	100.0	0.028052378241291857	137.0	137
DLR00012733-2009-11-13_10-01-59	15	19	2737.0	2129.0	1312144.568862895	195831.74614507632	102	252367.31313783568	0.00053985606036284787	108.0	123.0	120.0	75.0	95.0	100.0	0.065731587391956933	137.0	137
DLR00012733-2009-11-13_10-01-59	15	20	2866.0	2122.0	1734250.3542777288	328369.13214626443	102	373498.55892909144	0.00072331327470438506	121.0	134.0	128.0	75.0	94.0	99.0	0.090057450442523682	137.0	137
DLR00012733-2009-11-13_10-01-59	15	21	3009.0	2120.0	2736008.4506495525	787534.94521624804	102	814951.27571897348	0.0013275713762591075	163.0	168.0	147.0	74.0	93.0	98.0	0.068267688007867089	137.0	137
DLR00012733-2009-11-13_10-01-59	15	22	3142.0	2122.0	1869502.5601676931	352203.85834985366	102	394032.18725164729	0.00072877042109921876	118.0	130.0	124.0	73.0	92.0	97.0	0.090212721908803889	137.0	137
DLR00012733-2009-11-13_10-01-59	15	23	3282.0	2124.0	1929944.9378914135	356548.36763237091	102	397034.81707321358	0.00070162855278937388	112.0	123.0	118.0	70.0	88.0	93.0	0.10382485378603593	137.0	137
DLR00012733-2009-11-13_10-01-59	15	24	3408.0	2122.0	2134804.9640287766	432789.199615983	102	467990.60552294221	0.00084474400114407347	122.0	132.0	124.0	74.0	89.0	93.0	0.086693235339785721	137.0	137
DLR00012733-2009-11-13_10-01-59	16	1	272.0	2267.0	1279941.6626986181	146034.83122595731	102	130595.40415229248	0.00040618913828120913	129.0	140.0	136.0	90.0	103.0	106.0	0.0066249158946224311	137.0	137
DLR00012733-2009-11-13_10-01-59	16	2	414.0	2268.0	1489260.5527664199	165040.26133653845	102	149325.0618355489	0.00033456066315589692	136.0	148.0	145.0	89.0	104.0	108.0	0.0083846591791315143	137.0	137
DLR00012733-2009-11-13_10-01-59	16	3	546.0	2266.0	1709478.8879975155	190110.1464917578	102	201866.63988853642	0.00037183649050651291	136.0	148.0	145.0	91.0	107.0	110.0	0.026706692200196676	137.0	137
DLR00012733-2009-11-13_10-01-59	16	4	690.0	2272.0	1577942.4020495832	191469.11810115451	102	205260.39974875262	0.00045453979117402355	138.0	149.5	145.0	94.0	112.0	116.0	0.021789762434656593	137.0	137
DLR00012733-2009-11-13_10-01-59	16	5	820.0	2266.0	1129826.5770405259	157891.31695684529	102	165042.55197312566	0.00054098057105369179	139.0	151.0	145.0	95.0	113.0	116.0	0.018684333109052327	137.0	137
DLR00012733-2009-11-13_10-01-59	16	6	957.0	2266.0	1166983.7764608457	158114.67654119269	102	174311.93591043877	0.00051146348357308411	140.0	152.0	145.0	96.0	111.0	113.0	0.01749391853423736	137.0	137
DLR00012733-2009-11-13_10-01-59	16	7	1094.0	2266.0	860065.30924900377	108393.73153950548	102	129781.26578528162	0.00046886766936332571	134.0	147.0	141.0	92.0	109.0	111.0	0.013508617566378552	137.0	137
DLR00012733-2009-11-13_10-01-59	16	8	1231.0	2266.0	1206122.6931835825	160527.05512958829	102	178611.24477094066	0.00050662161880560242	131.0	145.0	139.0	91.0	108.0	110.0	0.020909890792402051	137.0	137
DLR00012733-2009-11-13_10-01-59	16	9	1372.0	2253.0	1492480.8433828475	239302.33506526035	102	266334.14793007675	0.00063632948269070364	135.0	147.0	140.0	83.0	102.0	106.0	0.026965477977330368	137.0	137
DLR00012733-2009-11-13_10-01-59	16	10	1505.0	2266.0	1139487.448889809	156217.25446303346	102	175320.59322624461	0.00050052419512563117	123.0	137.0	132.0	88.0	105.0	107.0	0.043061953315045802	137.0	137
DLR00012733-2009-11-13_10-01-59	16	11	1642.0	2266.0	1442442.4814968167	227525.03191922486	102	236685.80523529346	0.00059002176800754323	127.0	140.0	134.0	88.0	105.0	107.0	0.042285595983644737	137.0	137
DLR00012733-2009-11-13_10-01-59	16	12	1779.0	2266.0	1553914.0797577763	239693.65065317982	102	249886.99582483043	0.00058687903493138765	130.0	143.0	136.0	86.0	104.0	106.0	0.043424253403032971	137.0	137
DLR00012733-2009-11-13_10-01-59	16	13	1916.0	2266.0	1339145.4671083279	192084.78110038629	102	199678.12980509514	0.00054099419804186865	129.0	142.0	136.0	85.0	103.0	105.0	0.042130324517364523	137.0	137
DLR00012733-2009-11-13_10-01-59	16	14	2053.0	2266.0	1513288.8750582268	241297.29514906323	102	248548.53270478459	0.00060210326334356266	139.0	151.0	141.0	88.0	105.0	106.0	0.034314994047927129	137.0	137
DLR00012733-2009-11-13_10-01-59	16	15	2190.0	2266.0	1390422.4023083691	214123.66431587006	102	214295.58679211236	0.00059644681809197745	141.0	153.0	142.0	89.0	107.0	108.0	0.01811500439935821	137.0	137
DLR00012733-2009-11-13_10-01-59	16	16	2327.0	2266.0	1250959.0471507686	153557.80464180693	102	179465.1063641622	0.00043721164947116208	124.0	138.0	134.0	89.0	108.0	111.0	0.021116919414109002	137.0	137
DLR00012733-2009-11-13_10-01-59	16	17	2464.0	2264.0	1866282.2695512655	239718.29944155857	102	267052.4487786832	0.00044626731772938135	131.0	144.0	141.0	87.0	106.0	108.0	0.035350137156461882	137.0	137
DLR00012733-2009-11-13_10-01-59	16	18	2600.0	2266.0	1842006.2325966565	260710.02555691134	102	242370.92168492047	0.00055160958010759813	136.0	148.0	142.0	88.0	105.0	107.0	0.011645359971015993	137.0	137
DLR00012733-2009-11-13_10-01-59	16	19	2734.0	2255.0	1219746.9996376999	152059.35007641889	102	156592.29467193811	0.00041321053053615316	126.0	139.0	135.0	85.0	103.0	105.0	0.019357176129599918	137.0	137
DLR00012733-2009-11-13_10-01-59	16	20	2874.0	2266.0	1420891.3058330314	160902.83670767987	102	143771.66904266924	0.000384781725117601	143.0	155.0	147.0	85.0	103.0	106.0	0.029553335748667253	137.0	137
DLR00012733-2009-11-13_10-01-59	16	21	3009.0	2255.0	1469691.0944050516	210835.98152119122	102	190123.83014615774	0.00047721874947062132	149.0	159.0	148.0	83.0	100.0	104.0	0.031830650587443714	137.0	137
DLR00012733-2009-11-13_10-01-59	16	22	3145.0	2252.0	1254427.0524299985	175954.29936554554	102	157089.207127712	0.00046650360585099172	141.0	151.0	143.0	80.0	98.0	102.0	0.034056208270793434	137.0	137
DLR00012733-2009-11-13_10-01-59	16	23	3278.0	2250.0	1241298.1753014855	187682.8758472554	102	163666.00307113776	0.00055944438625793436	144.0	153.0	143.0	79.0	95.0	99.0	0.032503493607991304	137.0	137
DLR00012733-2009-11-13_10-01-59	16	24	3416.0	2255.0	1413707.5806117696	186603.10451383152	102	160124.60183948718	0.00043502770865928603	137.0	147.0	138.0	80.0	95.0	98.0	0.034832565602194505	137.0	137
