DLR00012733-2009-11-12_11-11-48	1	1	272.0	217.0	791696.06231561524	51337.762980300082	102	13036.083674969266	0.00018438336974381517	106.0	117.0	116.0	89.0	101.0	102.0	0.023911805807152839	137.0	137
DLR00012733-2009-11-12_11-11-48	1	2	409.0	212.0	740171.41245277156	33596.031947243144	102	28558.141881154475	0.00015141835467405389	95.0	110.0	112.0	85.0	100.0	104.0	0.0048134154546866101	137.0	137
DLR00012733-2009-11-12_11-11-48	1	3	552.0	228.0	951719.73448579269	62405.874600888434	102	56630.194546262763	0.00022976956405872291	103.0	118.0	119.0	84.0	102.0	107.0	0.014492003519486568	137.0	137
DLR00012733-2009-11-12_11-11-48	1	4	683.0	212.0	1225939.8662077531	86341.762663416681	102	86295.767381438636	0.00022935109524044954	105.0	120.0	122.0	89.0	106.0	111.0	0.020340562082707934	137.0	137
DLR00012733-2009-11-12_11-11-48	1	5	831.0	224.0	875175.90367993375	54765.22836790482	102	58646.691596203382	0.00022029563810592481	104.0	121.0	122.0	86.0	106.0	111.0	0.010558459707054501	137.0	137
DLR00012733-2009-11-12_11-11-48	1	6	956.0	229.0	1152864.0406811242	78727.877290432312	102	82110.357626371406	0.00022378424244585006	103.0	121.0	122.0	85.0	106.0	111.0	0.017959732933077999	137.0	137
DLR00012733-2009-11-12_11-11-48	1	7	1098.0	217.0	927443.69753118372	58354.43560532308	102	58203.946674022802	0.00021301641658449819	103.0	121.0	123.0	86.0	106.0	112.0	0.012576988768697273	137.0	137
DLR00012733-2009-11-12_11-11-48	1	8	1231.0	212.0	1097128.2415506444	72585.564197487096	102	75900.404600179158	0.00022182368231328222	103.0	121.0	122.0	88.0	108.0	112.0	0.016717561202836292	137.0	137
DLR00012733-2009-11-12_11-11-48	1	9	1368.0	212.0	1235848.4527198384	90509.087940951038	102	96429.812593231793	0.0002524783430024416	106.0	124.0	124.0	87.0	107.0	111.0	0.024377620205993478	137.0	137
DLR00012733-2009-11-12_11-11-48	1	10	1505.0	212.0	2036957.6722219347	140511.68389961059	102	139858.20456259407	0.00017255542303864504	99.0	117.0	117.0	86.0	107.0	111.0	0.043165467625899283	137.0	137
DLR00012733-2009-11-12_11-11-48	1	11	1641.0	212.0	1111000.2626675637	83023.719345024321	102	87821.146029062875	0.00025933811105828823	106.0	124.0	124.0	86.0	106.0	110.0	0.019357176129599918	137.0	137
DLR00012733-2009-11-12_11-11-48	1	12	1775.0	224.0	1432038.4656591273	110626.58456080662	102	113022.88837069327	0.00025937196179071716	108.0	126.0	125.0	86.0	106.0	110.0	0.023031934164898297	137.0	137
DLR00012733-2009-11-12_11-11-48	1	13	1926.0	213.0	1326264.3046426168	95156.518836547446	102	105114.53565320508	0.00025463614924937266	111.0	128.0	126.0	88.0	109.0	112.0	0.01537187516174111	137.0	137
DLR00012733-2009-11-12_11-11-48	1	14	2056.0	217.0	1496444.277987682	116208.13457517425	102	120679.33250638664	0.00026287982788736211	109.0	126.0	125.0	87.0	107.0	110.5	0.024429377361420215	137.0	137
DLR00012733-2009-11-12_11-11-48	1	15	2189.0	212.0	1311649.1395372909	89497.982737035491	102	97805.669619061038	0.00022797345422637013	106.0	124.0	123.0	87.0	107.0	111.0	0.015268360850887635	137.0	137
DLR00012733-2009-11-12_11-11-48	1	16	2321.0	222.0	1330475.4539102532	86409.200992393278	102	88721.823519095255	0.00019332246525135594	102.0	120.0	120.0	85.0	106.0	110.0	0.023653020030019151	137.0	137
DLR00012733-2009-11-12_11-11-48	1	17	2463.0	212.0	1190516.6694270482	79063.261531992859	102	87614.954901206205	0.00021910495005449836	105.0	123.0	123.0	88.0	108.0	112.0	0.016769318358263029	137.0	137
DLR00012733-2009-11-12_11-11-48	1	18	2600.0	212.0	1407266.999378914	104139.18108694784	102	109798.68095369947	0.00024057864329483922	106.0	123.0	123.0	89.0	108.0	112.0	0.021220433724962476	137.0	137
DLR00012733-2009-11-12_11-11-48	1	19	2737.0	212.0	1191259.8134154549	89377.515566489979	102	96297.553854544414	0.00026492220696528671	108.0	125.0	125.0	88.0	107.0	111.0	0.016665804047409555	137.0	137
DLR00012733-2009-11-12_11-11-48	1	20	2874.0	212.0	1182342.0855545779	83768.864382937056	102	92297.003931545609	0.00022591352478933919	106.0	122.0	122.0	88.0	107.0	111.0	0.016769318358263029	137.0	137
DLR00012733-2009-11-12_11-11-48	1	21	3013.0	217.0	1084494.7937477357	65366.342597719035	102	69653.999231195834	0.00020558854062527036	102.0	118.0	119.0	86.0	104.0	108.0	0.0059003157186481034	137.0	137
DLR00012733-2009-11-12_11-11-48	1	22	3144.0	225.0	1026034.1333264323	65113.889607801888	102	65499.581294368974	0.00021738132475344316	100.0	115.0	115.0	83.0	100.0	104.0	0.003933543812432069	137.0	137
DLR00012733-2009-11-12_11-11-48	1	23	3285.0	217.0	877405.33564515295	53188.01947082128	102	53401.138373894195	0.00021564397064974554	98.0	111.0	112.0	82.0	97.0	101.0	0.0026913720821903626	137.0	137
DLR00012733-2009-11-12_11-11-48	1	24	3422.0	212.0	841982.13886444806	42605.375990784174	102	11294.752662325733	0.00019511650963488386	102.0	114.0	114.0	84.0	97.0	99.0	0.0046063868329796597	137.0	137
DLR00012733-2009-11-12_11-11-48	2	1	272.0	349.0	1148157.4620878838	67384.630879243123	102	68169.230763910688	0.0002074031552768221	92.0	107.0	108.0	80.0	95.0	99.0	0.012059417214429895	137.0	137
DLR00012733-2009-11-12_11-11-48	2	2	411.0	352.0	4157890.6151337922	975313.15682542173	102	976552.37064287893	0.0012394624605957549	168.0	173.0	153.0	77.0	95.0	100.0	0.068940531028414673	137.0	137
DLR00012733-2009-11-12_11-11-48	2	3	546.0	349.0	1520224.8856166867	93659.222330455261	102	98234.349530060572	0.00012618580667448731	90.0	106.0	108.0	80.0	99.0	104.0	0.047357797215465035	137.0	137
DLR00012733-2009-11-12_11-11-48	2	4	694.0	349.0	1468452.5210910409	80198.251672896629	102	85172.634214940568	9.4252450684494625e-05	89.0	107.0	110.0	81.0	101.0	107.0	0.042854924693338854	137.0	137
DLR00012733-2009-11-12_11-11-48	2	5	820.0	362.0	2069656.0077118163	175932.86256891818	102	177663.61828329696	0.00023048155837388849	100.0	117.0	117.0	81.0	101.0	107.0	0.073391646395114127	137.0	137
DLR00012733-2009-11-12_11-11-48	2	6	958.0	358.0	1734002.6396149269	134908.0001412039	102	140609.22846965308	0.00022906629871806818	99.0	117.0	118.0	82.0	103.0	108.0	0.056777599503131305	137.0	137
DLR00012733-2009-11-12_11-11-48	2	7	1096.0	350.0	1356485.493504477	85928.864899675624	102	92260.672325448715	0.00016626755809478493	95.0	114.0	115.0	82.0	103.0	108.0	0.034729051291341025	137.0	137
DLR00012733-2009-11-12_11-11-48	2	8	1231.0	349.0	50533.791211635005	2008.0118781100566	102	4672.1647184417343	0.00013835681748214859	92.0	112.0	116.0	81.0	103.0	108.0	0.00010351431085347549	137.0	137
DLR00012733-2009-11-12_11-11-48	2	9	1368.0	350.0	1368375.7973189792	101950.88587737082	102	110043.29055442166	0.00021292873157200291	98.0	117.0	117.0	81.0	103.0	107.0	0.042596138916205166	137.0	137
DLR00012733-2009-11-12_11-11-48	2	10	1505.0	349.0	2111767.5003881785	196681.5872804122	102	202045.36479610889	0.0002502178303579546	100.0	118.0	117.0	81.0	102.0	106.0	0.055742456394596553	137.0	137
DLR00012733-2009-11-12_11-11-48	2	11	1644.0	353.0	1588594.1325500752	134280.60859021984	102	143293.93075459384	0.00027673243075643981	101.0	120.0	119.0	81.0	102.0	106.0	0.054603798975208326	137.0	137
DLR00012733-2009-11-12_11-11-48	2	12	1778.0	349.0	1172928.9283680967	89705.77871201573	102	96891.288559775552	0.00025949309153362103	101.0	120.0	119.0	81.0	103.0	106.0	0.03498783706847472	137.0	137
DLR00012733-2009-11-12_11-11-48	2	13	1918.0	353.0	3242089.5067543089	555477.39725450042	102	556700.15925965505	0.00081539838476898073	144.0	157.0	145.0	81.0	103.0	106.0	0.084053620413022098	137.0	137
DLR00012733-2009-11-12_11-11-48	2	14	2052.0	349.0	1018107.2641167641	72465.26968940506	102	81412.114523328579	0.00024408585158877872	99.0	118.0	118.0	81.0	102.0	106.0	0.028569949795559237	137.0	137
DLR00012733-2009-11-12_11-11-48	2	15	2188.0	353.0	2718172.9949277989	368580.5536745211	102	370901.87347874476	0.00059520720475070624	126.0	141.0	134.0	81.0	102.0	106.0	0.055794213550023293	137.0	137
DLR00012733-2009-11-12_11-11-48	2	16	2326.0	349.0	751566.28694166965	49039.459840912779	102	60446.914454410864	0.00022328763312808299	98.0	117.0	118.0	81.0	103.0	107.0	0.013612131877232028	137.0	137
DLR00012733-2009-11-12_11-11-48	2	17	2463.0	349.0	495181.61094146268	22364.154363308779	102	32525.40936589488	0.00015261782945796064	93.0	112.0	115.0	81.0	103.0	107.0	0.0041923295895657572	137.0	137
DLR00012733-2009-11-12_11-11-48	2	18	2594.0	349.0	3582944.8827700433	781812.89443060709	102	784638.35598069045	0.0011253607610240406	169.0	177.0	157.0	81.0	102.0	107.0	0.066973759122198648	137.0	137
DLR00012733-2009-11-12_11-11-48	2	19	2737.0	349.0	1284152.8119662544	95350.60468152081	102	107595.45546568614	0.00023233765749178543	98.0	117.0	117.0	81.0	102.0	107.0	0.033849179649086486	137.0	137
DLR00012733-2009-11-12_11-11-48	2	20	2874.0	349.0	3166288.8199368566	601875.95860869065	102	606790.1677747264	0.0009853910681676232	156.0	165.0	152.0	81.0	101.0	106.0	0.063920086952021116	137.0	137
DLR00012733-2009-11-12_11-11-48	2	21	3011.0	349.0	953949.1664510119	56289.494665188678	102	66640.80424590841	0.0001290373758686628	89.0	107.0	110.0	79.0	100.0	105.0	0.02184151959008333	137.0	137
DLR00012733-2009-11-12_11-11-48	2	22	3148.0	349.0	1372091.5172610113	107227.14957763281	102	120815.26825448738	0.00023081354719070796	94.0	110.0	111.0	77.0	96.0	102.0	0.046115625485223334	137.0	137
DLR00012733-2009-11-12_11-11-48	2	23	3279.0	350.0	1899476.0343667513	175178.94415831575	102	182547.93855755686	0.00027190273802262519	94.0	109.0	109.0	75.0	93.0	99.0	0.077480461673826412	137.0	137
DLR00012733-2009-11-12_11-11-48	2	24	3418.0	347.0	1104064.2521091041	75298.056735944221	102	78850.639925573458	0.00022784581915749629	92.0	106.0	107.0	77.0	93.0	96.0	0.015423632317167849	137.0	137
DLR00012733-2009-11-12_11-11-48	3	1	272.0	486.0	802347.7928161067	57649.745672263234	102	59298.318162887255	0.00024754967554580415	94.0	110.0	111.0	78.0	95.0	100.0	0.021634490968376378	137.0	137
DLR00012733-2009-11-12_11-11-48	3	2	409.0	486.0	808292.94472335791	50469.258879956229	102	54232.752992666072	0.00018503953344376357	92.0	108.0	110.0	77.0	96.0	102.0	0.028155892552145335	137.0	137
DLR00012733-2009-11-12_11-11-48	3	3	561.0	486.0	1185066.9468454013	84779.446126056821	102	86126.71827082042	0.00018642817597091705	94.0	111.0	112.0	79.0	99.0	104.0	0.044873453754981626	137.0	137
DLR00012733-2009-11-12_11-11-48	3	4	691.0	490.0	1127101.7157497024	74641.433735459752	102	79421.596364960293	0.00019178272305300797	95.0	113.0	115.0	81.0	101.0	107.0	0.03234822214171109	137.0	137
DLR00012733-2009-11-12_11-11-48	3	5	820.0	486.0	703014.21303245169	39691.470509067971	102	45447.426379715274	0.00017361296487742681	94.0	113.0	115.0	81.0	102.0	107.0	0.017235132757103668	137.0	137
DLR00012733-2009-11-12_11-11-48	3	6	953.0	491.0	1699322.5868226285	95479.318613605385	102	99522.003181701075	0.00012307664174170926	92.0	110.0	112.0	81.0	102.0	108.0	0.039231923813467212	137.0	137
DLR00012733-2009-11-12_11-11-48	3	7	1094.0	486.0	1478608.8222659281	87977.826942930827	102	92428.554964206123	0.00013500486053177522	92.0	111.0	113.0	81.0	103.0	108.0	0.034832565602194505	137.0	137
DLR00012733-2009-11-12_11-11-48	3	8	1231.0	486.0	92645.283887997517	2811.6167115444759	102	8395.5401842626452	0.00010629747728261143	89.5	109.0	113.0	81.0	103.0	107.0	5.1757155426737743e-05	137.0	137
DLR00012733-2009-11-12_11-11-48	3	9	1368.0	486.0	902919.94591377256	67827.124525131687	102	80888.454471701829	0.0002591541414721473	101.0	120.0	119.0	82.0	103.0	107.0	0.025516277625381709	137.0	137
DLR00012733-2009-11-12_11-11-48	3	10	1504.0	488.0	3311697.3270017081	674013.04533306009	102	674478.78784673626	0.0010248017209842203	161.0	170.0	152.0	81.0	102.0	105.0	0.083691320325034943	137.0	137
DLR00012733-2009-11-12_11-11-48	3	11	1642.0	486.0	1741434.0794989907	176258.92131321321	102	178911.9484313711	0.00033503261571000503	107.0	124.0	121.0	81.0	102.0	105.0	0.073391646395114127	137.0	137
DLR00012733-2009-11-12_11-11-48	3	12	1778.0	487.0	3626790.3780860207	861467.06976485078	102	860089.44076749065	0.0011726137652735668	174.0	180.0	156.0	81.0	102.0	104.0	0.064178872729154804	137.0	137
DLR00012733-2009-11-12_11-11-48	3	13	1920.0	491.0	1365403.221365354	118126.47406519856	102	124215.38301892199	0.00027617813152246325	102.0	121.0	119.0	81.0	102.0	105.0	0.054500284664354845	137.0	137
DLR00012733-2009-11-12_11-11-48	3	14	2052.0	486.0	202878.30883494642	4388.4276782157121	102	7315.7047559185994	1.8414046669750282e-05	82.0	104.0	108.0	80.0	102.0	106.0	0.00056932870969411524	137.0	137
DLR00012733-2009-11-12_11-11-48	3	15	2199.0	492.0	114691.8888773873	5256.0863358646639	102	13101.541856316022	0.00015360260439614435	91.0	112.0	115.0	80.0	102.0	106.0	0.0016044718182288702	137.0	137
DLR00012733-2009-11-12_11-11-48	3	16	2326.0	486.0	1250711.3324879664	90698.320940434452	102	100767.08465428399	0.0002166714372174471	98.0	116.0	116.0	81.0	102.0	107.0	0.040422338388282179	137.0	137
DLR00012733-2009-11-12_11-11-48	3	17	2463.0	486.0	1545739.4958853063	134136.1222164295	102	141132.91331904911	0.0002834111426232155	103.0	121.0	120.0	81.0	102.0	107.0	0.054862584752342014	137.0	137
DLR00012733-2009-11-12_11-11-48	3	18	2602.0	489.0	1303474.5556648208	94933.975329068082	102	103697.08466687782	0.00021168485509328528	97.0	115.0	116.0	81.0	102.0	106.0	0.040163552611148491	137.0	137
DLR00012733-2009-11-12_11-11-48	3	19	2737.0	486.0	2731797.3013819163	420114.58069567877	102	423938.72063516022	0.00072716046936800738	136.0	149.0	140.0	80.0	102.0	106.0	0.063661301174887427	137.0	137
DLR00012733-2009-11-12_11-11-48	3	20	2874.0	486.0	1422129.8791470421	116144.47465746375	102	127159.9893586126	0.00026695380862115843	100.0	118.0	118.0	80.0	101.0	106.0	0.040215309766575232	137.0	137
DLR00012733-2009-11-12_11-11-48	3	21	3011.0	486.0	456785.83820713218	14140.161388101975	102	17494.856320914216	0.00011591336525625719	88.0	105.0	106.0	78.0	99.0	105.0	0.0026913720821903626	137.0	137
DLR00012733-2009-11-12_11-11-48	3	22	3142.0	486.0	3931727.1279954454	960438.72063374973	102	963491.7064937856	0.001244518449999957	167.0	174.0	155.0	76.0	96.0	101.0	0.072304746131152633	137.0	137
DLR00012733-2009-11-12_11-11-48	3	23	3285.0	486.0	2723127.2881838423	260498.98854909863	102	261977.18107373908	0.00017603251956832774	88.0	103.0	103.0	73.0	92.0	98.0	0.09802805237824129	137.0	137
DLR00012733-2009-11-12_11-11-48	3	24	3422.0	486.0	1209095.2691372081	94047.372350630365	102	92368.895909341896	0.00016837182549387039	85.0	100.0	101.0	74.0	91.0	95.0	0.049428083432534548	137.0	137
DLR00012733-2009-11-12_11-11-48	4	1	272.0	623.0	596744.62269033701	26242.164675531854	102	26865.494057929391	0.00013974628664206615	87.0	104.0	107.0	78.0	96.0	101.0	0.0049169297655400858	137.0	137
DLR00012733-2009-11-12_11-11-48	4	2	411.0	617.0	1105302.8254231149	76711.214007659073	102	81854.971212505465	0.00020188029559879356	93.0	109.0	111.0	78.0	97.0	103.0	0.044252367889860776	137.0	137
DLR00012733-2009-11-12_11-11-48	4	3	546.0	623.0	889295.63945965539	59128.801200094924	102	61176.750670113623	0.00021118393727080322	95.0	113.0	115.0	79.0	99.0	105.0	0.027690078153304695	137.0	137
DLR00012733-2009-11-12_11-11-48	4	4	692.0	620.0	1540537.4879664613	125317.30992952305	102	128549.54917726952	0.00022590388619943887	99.0	116.0	117.0	80.0	101.0	107.0	0.051136069561616891	137.0	137
DLR00012733-2009-11-12_11-11-48	4	5	821.0	623.0	1213306.4184048444	70709.614913743237	102	76472.871791225713	0.00015365529742728074	93.0	112.0	114.0	81.0	102.0	107.0	0.03172713627659024	137.0	137
DLR00012733-2009-11-12_11-11-48	4	6	957.0	623.0	1002501.2403602299	66077.841370439986	102	77034.318373529924	0.00021000291075098359	97.0	116.0	117.0	81.0	103.0	108.0	0.028880492728119662	137.0	137
DLR00012733-2009-11-12_11-11-48	4	7	1094.0	623.0	1316355.7181305315	81979.446495666605	102	90974.517753607273	0.00017399765145239735	95.0	114.0	115.0	81.0	103.0	108.0	0.035919465866155999	137.0	137
DLR00012733-2009-11-12_11-11-48	4	8	1231.0	623.0	1153854.8993323329	137734.67526200687	102	138492.02044863076	8.1243394377270202e-05	89.0	107.0	109.0	81.0	102.0	107.0	0.022773148387764609	137.0	137
DLR00012733-2009-11-12_11-11-48	4	9	1371.0	620.0	1341127.1844107448	102522.94167613753	102	111759.48893067837	0.00024149703313271174	100.0	118.0	117.0	82.0	103.0	107.0	0.041975053051084316	137.0	137
DLR00012733-2009-11-12_11-11-48	4	10	1499.0	633.0	1193489.245380674	90648.687662922894	102	96819.930818260662	0.00024729494388981809	101.0	118.0	117.0	82.0	102.0	105.0	0.046477925573210496	137.0	137
DLR00012733-2009-11-12_11-11-48	4	11	1640.0	618.0	3185362.84897262	738497.68496262084	102	737870.57546731294	0.0011515038103421047	171.0	178.0	156.0	81.0	101.0	104.0	0.067077273433052115	137.0	137
DLR00012733-2009-11-12_11-11-48	4	12	1773.0	629.0	1264831.0682676882	108152.12522132092	102	116468.04317222937	0.00028322029188155082	103.0	120.0	119.0	81.0	102.0	105.0	0.042596138916205166	137.0	137
DLR00012733-2009-11-12_11-11-48	4	13	1915.0	623.0	2788771.6738264062	502648.62613582722	102	504740.17767861503	0.00086845427035146458	147.0	159.0	146.0	81.0	102.0	105.0	0.088245950002587864	137.0	137
DLR00012733-2009-11-12_11-11-48	4	14	2052.0	623.0	1364164.6480513432	115176.69383092312	102	124702.30958810722	0.00027247241938182891	102.0	120.0	119.0	81.0	102.0	106.0	0.054345013198074631	137.0	137
DLR00012733-2009-11-12_11-11-48	4	15	2189.0	623.0	219227.47657988718	5017.8897990415453	102	12082.944034408647	5.0948523768075793e-05	85.0	105.0	109.0	81.0	102.0	106.0	0.00031054293256042647	137.0	137
DLR00012733-2009-11-12_11-11-48	4	16	2326.0	623.0	1290345.6785363078	95482.371878050573	102	108496.23716701001	0.00024279819228939493	99.0	117.0	117.0	81.0	102.0	107.0	0.038507323637492881	137.0	137
DLR00012733-2009-11-12_11-11-48	4	17	2464.0	625.0	9413.1571864810321	401.07145149613848	102	5394.5849991268469	0.00015811594658578281	93.0	111.5	115.0	81.0	102.0	107.0	0.0	137.0	137
DLR00012733-2009-11-12_11-11-48	4	18	2600.0	623.0	1515270.5923606439	129416.97104863261	102	143213.43089003637	0.0002835093690636898	102.0	120.0	120.0	81.0	102.0	107.0	0.046322654106930282	137.0	137
DLR00012733-2009-11-12_11-11-48	4	19	2737.0	623.0	1350292.6269344238	102847.36390804626	102	114582.59064969732	0.000240041399479006	98.0	117.0	117.0	80.0	102.0	107.0	0.033693908182806272	137.0	137
DLR00012733-2009-11-12_11-11-48	4	20	2874.0	623.0	1629219.3372496248	140353.89462178267	102	149598.00008823641	0.0002565683846517732	99.0	117.0	118.0	79.0	101.0	107.0	0.055173127684902436	137.0	137
DLR00012733-2009-11-12_11-11-48	4	21	3008.0	618.0	964353.18228870141	70560.183526908906	102	82591.343844188115	0.00025020602938963162	97.0	115.0	117.0	79.0	99.0	105.0	0.027017235132757104	137.0	137
DLR00012733-2009-11-12_11-11-48	4	22	3148.0	623.0	1692138.8616013667	141413.45544861417	102	150649.25689758011	0.00023955865493734561	94.0	111.0	112.0	77.0	96.0	102.0	0.057450442523678896	137.0	137
DLR00012733-2009-11-12_11-11-48	4	23	3282.0	626.0	2966383.0870555351	425067.87175516639	102	427695.4807497689	0.00052475796219603513	111.0	124.0	121.0	74.0	92.0	98.0	0.080016562289736554	137.0	137
DLR00012733-2009-11-12_11-11-48	4	24	3415.0	626.0	1094403.380259821	80967.022443358597	102	84181.207356473999	0.00022854616890622851	88.0	104.0	105.0	73.0	91.0	96.0	0.034729051291341025	137.0	137
DLR00012733-2009-11-12_11-11-48	5	1	272.0	760.0	1549950.6451529425	119717.87620116207	102	118739.60708387448	0.00024931457591311379	95.0	111.0	112.0	79.0	97.0	102.0	0.052119455514724911	137.0	137
DLR00012733-2009-11-12_11-11-48	5	2	409.0	765.0	3679305.8866000725	829748.71175492404	102	830954.68974371487	0.0012036747612651029	167.0	173.0	156.0	77.0	97.0	102.0	0.076755861497852074	137.0	137
DLR00012733-2009-11-12_11-11-48	5	3	556.0	762.0	700289.35174162837	41508.332063056041	102	44175.004715314142	0.00017960160758394896	93.0	111.0	114.0	79.0	99.0	105.0	0.021065162258682261	137.0	137
DLR00012733-2009-11-12_11-11-48	5	4	692.0	765.0	2216550.8027534806	150047.05084768214	102	150440.73099071303	9.6407929947421871e-05	89.0	107.0	110.0	80.0	101.0	107.0	0.064437658506288492	137.0	137
DLR00012733-2009-11-12_11-11-48	5	5	825.0	769.0	514503.35464002902	36681.977260774183	102	44120.383897799526	0.00023342254948862859	98.0	117.0	120.0	81.0	102.0	108.0	0.01858081879819885	137.0	137
DLR00012733-2009-11-12_11-11-48	5	6	956.0	766.0	946517.72656694788	59359.128469896008	102	68399.856929155299	0.0001782272027253677	95.0	114.0	116.0	81.0	102.0	108.0	0.023653020030019151	137.0	137
DLR00012733-2009-11-12_11-11-48	5	7	1096.0	769.0	1895512.599761917	143853.17684683923	102	150718.50050338375	0.00019285183022764321	96.0	115.0	115.0	81.0	102.0	107.0	0.057760985456239325	137.0	137
DLR00012733-2009-11-12_11-11-48	5	8	1231.0	760.0	1788499.8654313958	140911.12810192068	102	147015.9807717553	0.0002051686391764715	97.0	116.0	115.0	81.0	102.0	107.0	0.060038300295015785	137.0	137
DLR00012733-2009-11-12_11-11-48	5	9	1371.0	761.0	1752333.5246622844	134834.91339881779	102	140854.98900661929	0.00021849200989667401	99.0	116.0	116.0	81.0	102.0	107.0	0.05206769835929817	137.0	137
DLR00012733-2009-11-12_11-11-48	5	10	1508.0	768.0	1126606.2864240981	71066.18795655838	102	76112.50000312418	0.00017876804836055324	95.0	114.0	114.0	81.0	102.0	106.0	0.035143108534754927	137.0	137
DLR00012733-2009-11-12_11-11-48	5	11	1647.0	768.0	1264831.0682676882	104954.44536852707	102	111767.54557128293	0.00026903475584098504	102.0	119.0	118.0	81.0	102.0	105.0	0.050618498007349515	137.0	137
DLR00012733-2009-11-12_11-11-48	5	12	1779.0	760.0	642571.83530873142	64034.701313321275	102	68672.276521145468	6.7975981985028474e-05	86.0	105.0	108.0	81.0	101.0	106.0	0.018839604575332541	137.0	137
DLR00012733-2009-11-12_11-11-48	5	13	1915.0	760.0	1246500.1832203304	105996.585735011	102	114686.78392587474	0.00027805738930714198	102.0	119.0	119.0	81.0	102.0	106.0	0.04104342425340303	137.0	137
DLR00012733-2009-11-12_11-11-48	5	14	2061.0	770.0	982188.63801045495	69238.064331514499	102	78764.479918050274	0.00021252585512996573	97.0	115.0	115.0	81.0	101.0	106.0	0.035660680089022311	137.0	137
DLR00012733-2009-11-12_11-11-48	5	15	2189.0	760.0	1486783.4061383987	106603.13901310813	102	114438.3795209403	0.00016972804988768522	94.0	112.0	113.0	81.0	102.0	106.0	0.045805082552662905	137.0	137
DLR00012733-2009-11-12_11-11-48	5	16	2326.0	760.0	1280189.3773614201	108931.69636298115	102	121080.94771321322	0.00026848644116879314	101.0	119.0	118.0	81.0	102.0	106.0	0.049272811966254333	137.0	137
DLR00012733-2009-11-12_11-11-48	5	17	2458.0	758.0	1498425.9952900987	135801.06850762398	102	147898.94088239103	0.0002672422243434228	101.0	118.0	118.0	81.0	102.0	106.0	0.050877283784483203	137.0	137
DLR00012733-2009-11-12_11-11-48	5	18	2593.0	763.0	1196214.1066714972	89448.474953475627	102	103254.57586248845	0.00023561618274205561	97.0	116.0	117.0	80.0	102.0	107.0	0.029139278505253351	137.0	137
DLR00012733-2009-11-12_11-11-48	5	19	2740.0	760.0	372067.42352880293	18815.471470041841	102	28043.635626772691	0.00015174985222472415	91.0	110.0	114.0	79.0	101.0	107.0	0.0077118161585839244	137.0	137
DLR00012733-2009-11-12_11-11-48	5	20	2874.0	760.0	504099.33880233939	30041.86117844328	102	45875.870295330977	0.00021142715416711178	94.0	114.0	117.0	79.0	101.0	106.0	0.0069872159826095959	137.0	137
DLR00012733-2009-11-12_11-11-48	5	21	3011.0	760.0	2268075.4526163246	228858.41510903733	102	235039.56831750105	0.00032285667905609445	102.0	119.0	119.0	78.0	99.0	105.0	0.069768645515242478	137.0	137
DLR00012733-2009-11-12_11-11-48	5	22	3145.0	759.0	1386706.6823663372	116967.15185957382	102	124597.70244261925	0.00024960447680446148	94.0	112.0	114.0	76.0	97.0	103.0	0.054293256042647897	137.0	137
DLR00012733-2009-11-12_11-11-48	5	23	3288.0	763.0	1335429.7471662955	118090.16560565494	102	127863.82283037952	0.00030054773624669075	95.0	111.0	112.0	74.0	93.0	99.0	0.04818591170229284	137.0	137
DLR00012733-2009-11-12_11-11-48	5	24	3411.0	761.0	1206865.837171989	95878.746538074891	102	99256.261877330515	0.00025984074594641657	90.0	106.0	107.0	72.0	91.0	96.0	0.038196780704932459	137.0	137
DLR00012733-2009-11-12_11-11-48	6	1	272.0	897.0	1076567.9245380673	73776.684145333711	102	77208.900292533042	0.00023117133124187663	94.0	110.0	113.0	78.0	97.0	102.0	0.031468350499456552	137.0	137
DLR00012733-2009-11-12_11-11-48	6	2	411.0	898.0	3194528.2914962992	437053.04862511944	102	437267.99114657805	0.00057607853877101722	120.0	134.0	129.0	77.0	97.0	103.0	0.074944361057916256	137.0	137
DLR00012733-2009-11-12_11-11-48	6	3	557.0	903.0	1223215.0049169296	99760.372531235436	102	106895.8926604187	0.00023430687956414213	97.0	114.0	116.0	79.0	99.0	106.0	0.052429998447285339	137.0	137
DLR00012733-2009-11-12_11-11-48	6	4	683.0	897.0	35175.482117902793	925.01174353305987	102	342.20242309308014	8.5456912601522498e-05	86.0	106.0	111.0	80.0	101.0	107.0	0.00010351431085347549	137.0	137
DLR00012733-2009-11-12_11-11-48	6	5	823.0	895.0	174391.12261270121	7500.7480535548502	102	10366.635171283751	9.5194028525294645e-05	88.0	108.0	112.0	80.0	102.0	108.0	0.0036747580352983799	137.0	137
DLR00012733-2009-11-12_11-11-48	6	6	956.0	895.0	1328989.1659334402	107274.68545773138	102	117567.77011029662	0.00024089084875713606	99.0	117.0	118.0	81.0	102.0	108.0	0.050256197919362353	137.0	137
DLR00012733-2009-11-12_11-11-48	6	7	1096.0	893.0	1480342.8249055431	111072.06454438114	102	119623.76501530658	0.00017629584260999277	94.0	113.0	114.0	81.0	102.0	107.0	0.050100926453082138	137.0	137
DLR00012733-2009-11-12_11-11-48	6	8	1237.0	896.0	1189525.8107758395	89726.369554942838	102	100555.48041598219	0.00022890645745016685	98.0	117.0	117.0	81.0	102.0	107.0	0.046012111174369853	137.0	137
DLR00012733-2009-11-12_11-11-48	6	9	1373.0	897.0	692857.91185756435	43790.841889971351	102	54994.364195482747	0.00021235955578405917	97.0	116.0	116.0	81.0	102.0	106.0	0.01749391853423736	137.0	137
DLR00012733-2009-11-12_11-11-48	6	10	1505.0	897.0	1585869.2712592517	121106.31853318747	102	127790.97422049569	0.00023232512273424385	99.0	117.0	116.0	81.0	102.0	106.0	0.05367217017752704	137.0	137
DLR00012733-2009-11-12_11-11-48	6	11	1642.0	897.0	1170699.4964028776	116754.63317684943	102	123221.81696155328	0.00028140664137959391	103.0	120.0	118.0	81.0	101.0	105.0	0.047047254282904613	137.0	137
DLR00012733-2009-11-12_11-11-48	6	12	1779.0	897.0	1230646.4448009939	90681.967586540821	102	99580.533266500614	0.00024876670821350882	99.0	117.0	117.0	81.0	101.0	105.0	0.039801252523161329	137.0	137
DLR00012733-2009-11-12_11-11-48	6	13	1907.0	891.0	1174167.5016821073	104481.12770026938	102	112338.382859484	0.00024254720060112503	99.0	117.0	117.0	81.0	101.0	105.0	0.037472180528958128	137.0	137
DLR00012733-2009-11-12_11-11-48	6	14	2049.0	899.0	436968.6651829615	13559.700977382001	102	21576.899072059896	4.7442951299862591e-05	84.0	104.0	107.0	80.0	101.0	105.0	0.0058485585632213656	137.0	137
DLR00012733-2009-11-12_11-11-48	6	15	2189.0	899.0	1773884.7003260702	153121.12960782435	102	161391.42415104026	0.00023385440321835823	98.0	116.0	115.0	81.0	101.0	105.0	0.067180787743905596	137.0	137
DLR00012733-2009-11-12_11-11-48	6	16	2326.0	897.0	2019865.3604885873	181100.73708655612	102	187835.17973172449	0.00026144870275719202	100.0	117.0	116.0	80.0	101.0	105.0	0.071114331556337659	137.0	137
DLR00012733-2009-11-12_11-11-48	6	17	2463.0	897.0	1170699.4964028776	83626.508447965462	102	98868.237555789499	0.00021767852341241295	96.0	115.0	115.0	80.0	101.0	105.0	0.033072822317685421	137.0	137
DLR00012733-2009-11-12_11-11-48	6	18	2600.0	897.0	1759764.9645463487	178195.78097433553	102	188958.02828891031	0.00033160164894522985	104.0	122.0	121.0	80.0	101.0	106.0	0.068837016717561206	137.0	137
DLR00012733-2009-11-12_11-11-48	6	19	2737.0	897.0	261586.68391905181	10917.526372440616	102	18534.125916650904	0.00012135251961132523	90.0	107.0	108.0	79.0	100.0	106.0	0.0050722012318202992	137.0	137
DLR00012733-2009-11-12_11-11-48	6	20	2870.0	893.0	3774428.317116091	924380.42522315506	102	927697.73888739385	0.0012555945387301894	175.0	181.0	159.0	79.0	100.0	105.0	0.068940531028414673	137.0	137
DLR00012733-2009-11-12_11-11-48	6	21	3011.0	897.0	1413707.5806117696	127777.02914751435	102	140492.73576949572	0.00030747290660879974	100.0	118.0	119.0	78.0	99.0	105.0	0.041819781584804101	137.0	137
DLR00012733-2009-11-12_11-11-48	6	22	3143.0	893.0	1077311.0685264736	70614.487058640821	102	83945.980873649256	0.00020944524587530709	91.0	109.0	113.0	76.0	97.0	104.0	0.024015320118006313	137.0	137
DLR00012733-2009-11-12_11-11-48	6	23	3289.0	905.0	376278.57279643905	21098.43227106972	102	20967.425839143554	7.7773299618266547e-05	79.0	98.0	102.0	73.0	93.0	100.0	0.011127788416748616	137.0	137
DLR00012733-2009-11-12_11-11-48	6	24	3415.0	898.0	960389.74768386735	68852.713890959829	102	74889.156480797275	0.00023765472243787101	88.0	104.0	106.0	72.0	91.0	96.0	0.028155892552145335	137.0	137
DLR00012733-2009-11-12_11-11-48	7	1	272.0	1034.0	1036438.1491641219	73161.151756559382	102	75601.125529210403	0.00023369737277436438	94.0	111.0	113.0	78.0	97.0	103.0	0.025153977537394547	137.0	137
DLR00012733-2009-11-12_11-11-48	7	2	409.0	1034.0	1005473.8163138554	71226.542252468615	102	78794.909747579295	0.00021932587329879193	94.0	111.0	114.0	77.0	98.0	104.0	0.040060038300295017	137.0	137
DLR00012733-2009-11-12_11-11-48	7	3	554.0	1037.0	1763232.9698255784	130928.48471159139	102	135075.67031072272	0.00017223117898007413	93.0	110.0	112.0	79.0	99.0	106.0	0.061798043579524869	137.0	137
DLR00012733-2009-11-12_11-11-48	7	4	685.0	1037.0	1404294.4234252884	129197.21782261325	102	142419.56564860969	0.00029997588692126539	103.0	120.0	121.0	80.0	101.0	107.0	0.063195486776046791	137.0	137
DLR00012733-2009-11-12_11-11-48	7	5	826.0	1034.0	2947804.4873453756	310525.03128006851	102	314054.71039312647	0.00024177363179295053	100.0	117.0	116.0	80.0	102.0	107.0	0.099114952642202783	137.0	137
DLR00012733-2009-11-12_11-11-48	7	6	957.0	1034.0	866010.46115625487	62951.355705593218	102	76074.230602733907	0.00022189917356705961	97.0	116.0	117.0	80.0	102.0	107.0	0.03120956472232286	137.0	137
DLR00012733-2009-11-12_11-11-48	7	7	1101.0	1035.0	352993.39449303865	20616.227293351672	102	35237.549501162699	0.00020546079877699981	95.0	115.0	117.0	80.0	102.0	107.0	0.0097821023756534346	137.0	137
DLR00012733-2009-11-12_11-11-48	7	8	1231.0	1034.0	1849933.1018063247	150725.5876190681	102	159621.16625349707	0.00020699625541583519	97.0	115.0	114.0	81.0	102.0	106.0	0.069820402670669218	137.0	137
DLR00012733-2009-11-12_11-11-48	7	9	1378.0	1041.0	1415937.0125769889	106887.00696297552	102	112517.42947086698	0.00020000978880955621	96.0	114.0	114.0	81.0	101.0	106.0	0.049583354898814762	137.0	137
DLR00012733-2009-11-12_11-11-48	7	10	1505.0	1034.0	740419.12711557362	45823.531789680303	102	54962.092779684375	0.00018058586633349676	94.0	113.0	113.0	81.0	101.0	105.0	0.019667719062160343	137.0	137
DLR00012733-2009-11-12_11-11-48	7	11	1641.0	1046.0	60442.377723720303	1916.7334187230194	102	10705.646908313756	9.4695927809278368e-05	88.0	107.0	110.0	81.0	101.0	105.0	0.00010351431085347549	137.0	137
DLR00012733-2009-11-12_11-11-48	7	12	1777.0	1028.0	1265574.2122560942	111610.78318607339	102	116167.00593837134	0.0002476857523403745	99.0	117.0	116.0	81.0	101.0	104.0	0.044873453754981626	137.0	137
DLR00012733-2009-11-12_11-11-48	7	13	1925.0	1026.0	853129.29869054398	59165.737354374083	102	68770.747043605064	0.00022520407059520265	97.0	115.0	115.0	81.0	101.0	105.0	0.028984007038973136	137.0	137
DLR00012733-2009-11-12_11-11-48	7	14	2063.0	1041.0	1178130.9362869416	88148.695099961173	102	96554.148213063949	0.00022391257925046684	97.0	115.0	114.0	80.0	100.0	104.0	0.041560995807670413	137.0	137
DLR00012733-2009-11-12_11-11-48	7	15	2189.0	1034.0	1492728.5580456499	131101.33853200625	102	140738.39049141703	0.00029293699896945142	102.0	119.0	118.0	80.0	100.0	104.0	0.052274726981005125	137.0	137
DLR00012733-2009-11-12_11-11-48	7	16	2323.0	1034.0	2330747.2623052634	396303.00047009671	102	398790.58563619951	0.0007791178222194225	137.0	151.0	140.0	80.0	100.0	104.0	0.096527094870865901	137.0	137
DLR00012733-2009-11-12_11-11-48	7	17	2468.0	1032.0	3669149.5854251846	903749.08854391356	102	904943.85455783433	0.0012399878852290523	174.0	180.0	156.0	80.0	100.0	103.0	0.065835101702810414	137.0	137
DLR00012733-2009-11-12_11-11-48	7	18	2601.0	1036.0	3357276.8249573	768727.54425537912	102	771838.61869328725	0.0011627778654870913	167.0	175.0	154.0	79.0	100.0	104.0	0.063764815485740908	137.0	137
DLR00012733-2009-11-12_11-11-48	7	19	2737.0	1034.0	1514775.1630350396	151579.53225320377	102	164626.25842946186	0.00034313585709401485	104.0	122.0	121.0	79.0	100.0	105.0	0.061487500646964441	137.0	137
DLR00012733-2009-11-12_11-11-48	7	20	2869.0	1036.0	1751342.666011076	188205.87503830472	102	196093.21913546653	0.00034481014013828241	103.0	121.0	120.0	78.0	99.0	105.0	0.061901557890378343	137.0	137
DLR00012733-2009-11-12_11-11-48	7	21	3011.0	1034.0	1690900.2882873556	154141.31694925108	102	167518.23487773037	0.00027804258559048695	97.0	116.0	116.0	77.0	99.0	105.0	0.05305108431240619	137.0	137
DLR00012733-2009-11-12_11-11-48	7	22	3145.0	1031.0	3034752.333988924	461367.10194316495	102	466213.46876123827	0.00064474736463357072	121.0	136.0	131.0	75.0	96.0	103.0	0.058951400031054292	137.0	137
DLR00012733-2009-11-12_11-11-48	7	23	3285.0	1034.0	491961.3203250349	29118.070628449233	102	42651.889133594188	0.00019619135081362172	86.0	105.0	108.0	73.0	93.0	100.0	0.0094715594430930077	137.0	137
DLR00012733-2009-11-12_11-11-48	7	24	3410.0	1030.0	1538060.3413384401	103179.28711075976	102	107789.18007027385	0.00017892344579336397	84.0	101.0	102.0	72.0	91.0	96.0	0.040422338388282179	137.0	137
DLR00012733-2009-11-12_11-11-48	8	1	272.0	1171.0	1332704.8858754723	90492.021262282957	102	88702.461333778687	0.00020691818450748779	92.0	109.0	111.0	77.0	97.0	103.0	0.031313079033176337	137.0	137
DLR00012733-2009-11-12_11-11-48	8	2	409.0	1171.0	1176396.9336473267	92380.340775729273	102	101712.11339308669	0.00024467339469829504	95.0	113.0	114.0	77.0	97.0	104.0	0.05310284146783293	137.0	137
DLR00012733-2009-11-12_11-11-48	8	3	546.0	1167.0	838266.41892241593	55787.419229539679	102	66030.842396300635	0.0002294911475719557	95.0	113.0	116.0	79.0	99.0	105.0	0.027741835308731432	137.0	137
DLR00012733-2009-11-12_11-11-48	8	4	681.0	1173.0	2279470.3271052218	197422.66836006162	102	200476.01309968653	0.00016801145678501387	93.0	111.0	112.0	79.0	100.0	106.0	0.084364163345582527	137.0	137
DLR00012733-2009-11-12_11-11-48	8	5	820.0	1171.0	575936.59101495775	40844.795913390459	102	53366.369035943011	0.00022567222670856745	96.0	115.0	118.0	80.0	101.0	107.0	0.021634490968376378	137.0	137
DLR00012733-2009-11-12_11-11-48	8	6	957.0	1171.0	878396.19429636141	68820.780121313859	102	84422.842671152903	0.00026762387078369118	99.0	118.0	119.0	80.0	102.0	107.0	0.026706692200196676	137.0	137
DLR00012733-2009-11-12_11-11-48	8	7	1093.0	1172.0	1031731.5705708815	79692.467524238571	102	92765.512018003428	0.00025061648985763845	98.0	117.0	117.0	80.0	101.0	106.0	0.043010196159619069	137.0	137
DLR00012733-2009-11-12_11-11-48	8	8	1231.0	1171.0	3591367.1813053153	839323.11911686999	102	840631.02671108313	0.0011894931157514013	171.0	178.0	157.0	80.0	101.0	105.0	0.077376947362972931	137.0	137
DLR00012733-2009-11-12_11-11-48	8	9	1371.0	1166.0	722335.95673101803	48368.49048477249	102	55534.354019576931	0.00023981512403168276	98.0	116.0	116.0	80.0	101.0	105.0	0.016458775425702604	137.0	137
DLR00012733-2009-11-12_11-11-48	8	10	1505.0	1171.0	39634.346048341184	1375.7752002731504	102	5901.0125168666755	0.00011958099400655772	89.0	108.0	111.0	80.0	101.0	105.0	0.0	137.0	137
DLR00012733-2009-11-12_11-11-48	8	11	1636.0	1171.0	265302.40386108379	12699.745893202848	102	19838.061145169475	0.0001510509971869266	92.0	110.0	111.0	80.0	101.0	104.0	0.0025878577713368874	137.0	137
DLR00012733-2009-11-12_11-11-48	8	12	1775.0	1167.0	890038.78344806167	59065.573581788085	102	69508.412859337492	0.00024221469585649036	98.0	116.0	116.0	80.0	100.0	104.0	0.016044718182288701	137.0	137
DLR00012733-2009-11-12_11-11-48	8	13	1916.0	1171.0	168693.68536825216	1720.1369769079263	102	2560.4912700438767	1.5515685099722529e-06	80.0	100.0	104.0	80.0	100.0	104.0	0.0011386574193882305	137.0	137
DLR00012733-2009-11-12_11-11-48	8	14	2052.0	1171.0	1207113.5518347912	94415.857063347721	102	103619.80246133612	0.00026680391521074034	99.0	117.0	116.0	80.0	100.0	104.0	0.035660680089022311	137.0	137
DLR00012733-2009-11-12_11-11-48	8	15	2189.0	1171.0	929177.70017079858	64458.982708510441	102	74079.891642404807	0.0002045533438277491	95.0	113.0	113.0	79.0	100.0	104.0	0.024274105895140004	137.0	137
DLR00012733-2009-11-12_11-11-48	8	16	2326.0	1171.0	1435506.4709383571	125836.30616749068	102	134089.94072937904	0.00027407905648077599	100.0	117.0	116.0	79.0	100.0	104.0	0.059986543139589045	137.0	137
DLR00012733-2009-11-12_11-11-48	8	17	2463.0	1177.0	1505609.7205113606	135673.14853587147	102	144631.91437176467	0.00029435325203712264	100.0	118.0	117.0	79.0	99.0	103.0	0.061125200558977279	137.0	137
DLR00012733-2009-11-12_11-11-48	8	18	2600.0	1171.0	1032722.4292220899	79789.466263613969	102	94342.196222338083	0.00025439179775143877	96.0	115.0	115.0	79.0	100.0	104.0	0.035194865690181668	137.0	137
DLR00012733-2009-11-12_11-11-48	8	19	2738.0	1164.0	1810051.0410951814	138443.02625827788	102	149000.94368283381	0.00012487378979629993	88.0	107.0	108.0	78.0	100.0	105.0	0.072356503286579374	137.0	137
DLR00012733-2009-11-12_11-11-48	8	20	2874.0	1171.0	412692.62822835252	22623.685141098969	102	37979.0694015505	0.00019246316424887311	91.0	111.0	114.0	77.0	99.0	105.0	0.0078670876248641379	137.0	137
DLR00012733-2009-11-12_11-11-48	8	21	3011.0	1171.0	1136514.8729361834	96224.819922614202	102	112107.83885590897	0.00028361500416528159	97.0	116.0	117.0	77.0	98.0	104.0	0.032917550851405207	137.0	137
DLR00012733-2009-11-12_11-11-48	8	22	3145.0	1171.0	1267803.6442213138	105772.58008514701	102	121356.29058915023	0.00027488056583962583	94.0	112.0	114.0	75.0	96.0	102.0	0.040267066922001965	137.0	137
DLR00012733-2009-11-12_11-11-48	8	23	3281.0	1168.0	3193289.718182289	493092.35187011637	102	495171.46511816542	0.00068919557761821365	120.0	134.0	128.0	72.0	92.0	98.0	0.050411469385642567	137.0	137
DLR00012733-2009-11-12_11-11-48	8	24	3422.0	1170.0	1393394.9782619949	109511.15090930785	102	113962.5794334674	0.00022561069345106719	86.0	103.0	104.0	71.0	90.0	95.0	0.046063868329796594	137.0	137
DLR00012733-2009-11-12_11-11-48	9	1	286.0	1314.0	1876686.2853889551	162216.50097659731	102	163139.28276100219	0.00028572674485360998	97.0	113.0	114.0	77.0	97.0	102.0	0.049479840587961288	137.0	137
DLR00012733-2009-11-12_11-11-48	9	2	414.0	1310.0	362406.5516795197	19629.507853647599	102	28719.139703611549	0.00018675928636675601	90.0	109.0	113.0	77.0	97.0	103.0	0.012784017390404223	137.0	137
DLR00012733-2009-11-12_11-11-48	9	3	562.0	1296.0	92645.283887997517	27.306053301309866	102	-1497.0466773221192	-2.2443799414956003e-06	78.0	99.0	105.0	77.0	98.0	105.0	0.0	137.0	137
DLR00012733-2009-11-12_11-11-48	9	4	683.0	1308.0	1091678.5189689973	105073.37743103305	102	111060.48373940687	0.00030502235200145951	102.0	120.0	120.0	79.0	100.0	106.0	0.047927125925159152	137.0	137
DLR00012733-2009-11-12_11-11-48	9	5	820.0	1308.0	1271271.6495005435	104656.99226117508	102	116190.95479141467	0.00025956321195242993	99.0	117.0	118.0	80.0	101.0	106.0	0.05532839915118265	137.0	137
DLR00012733-2009-11-12_11-11-48	9	6	961.0	1312.0	3836604.6974794264	898550.90427105455	102	900557.28222277225	0.0011765003396799101	169.0	177.0	157.0	80.0	101.0	105.0	0.074996118213342997	137.0	137
DLR00012733-2009-11-12_11-11-48	9	7	1102.0	1306.0	1042383.3010713732	86280.405686179976	102	95489.000669292422	0.00028104673687880067	100.0	118.0	118.0	80.0	100.0	105.0	0.048548211790280009	137.0	137
DLR00012733-2009-11-12_11-11-48	9	8	1228.0	1313.0	1358467.2108068939	132828.43483657757	102	143971.61884584973	0.00032586013871239219	104.0	121.0	120.0	80.0	100.0	105.0	0.069147559650121634	137.0	137
DLR00012733-2009-11-12_11-11-48	9	9	1368.0	1308.0	1509325.4404533929	112447.69574400717	102	121289.17176595835	0.00022335878716899494	97.0	115.0	114.0	80.0	100.0	105.0	0.045598053930955958	137.0	137
DLR00012733-2009-11-12_11-11-48	9	10	1505.0	1308.0	1117440.8439004195	96816.809999010744	102	106441.29681598877	0.00028540536563959084	101.0	119.0	117.0	80.0	100.0	104.0	0.053568655866673566	137.0	137
DLR00012733-2009-11-12_11-11-48	9	11	1646.0	1305.0	3875495.8995393612	937039.21502961323	102	937155.38519497518	0.0012299184973577463	173.0	179.0	157.0	80.0	100.0	103.0	0.07287407484084675	137.0	137
DLR00012733-2009-11-12_11-11-48	9	12	1779.0	1308.0	2497211.5157082966	304130.58453014848	102	304200.72584966745	0.00039160739312418423	109.0	125.0	120.0	79.0	99.0	103.0	0.096682366337146108	137.0	137
DLR00012733-2009-11-12_11-11-48	9	13	1916.0	1308.0	1832097.6460845713	182361.69551716783	102	186252.53374262722	0.00031956593840375705	103.0	120.0	118.0	79.0	100.0	103.0	0.091713679416179292	137.0	137
DLR00012733-2009-11-12_11-11-48	9	14	2054.0	1308.0	59699.233735313908	1396.0143579350092	102	8366.5737183613965	8.2361366444794965e-05	85.0	105.0	108.0	79.0	99.0	103.0	0.0	137.0	137
DLR00012733-2009-11-12_11-11-48	9	15	2189.0	1308.0	540017.96490864863	31434.277338092274	102	40415.828288527788	0.00016977456957973847	91.0	110.0	111.0	79.0	99.0	103.0	0.01423321774235288	137.0	137
DLR00012733-2009-11-12_11-11-48	9	16	2326.0	1308.0	1040153.8691061538	80216.211366143907	102	91512.791525841487	0.00023764808600401264	96.0	114.0	114.0	79.0	99.0	103.0	0.036851094663837278	137.0	137
DLR00012733-2009-11-12_11-11-48	9	17	2464.0	1307.0	1547225.7838621188	130848.8753445482	102	140600.38715568098	0.00027141607148521257	98.0	116.0	115.0	78.0	99.0	103.0	0.059417214429894935	137.0	137
DLR00012733-2009-11-12_11-11-48	9	18	2600.0	1308.0	2803634.5535945348	626950.80583073769	102	632020.37098913791	0.001080049645768681	157.0	167.0	151.0	78.0	99.0	103.0	0.070700274312923764	137.0	137
DLR00012733-2009-11-12_11-11-48	9	19	2737.0	1308.0	1277216.8014077949	115722.81054214883	102	130472.92372151988	0.00030344409695109298	99.0	118.0	117.0	77.0	99.0	104.0	0.054137984576367683	137.0	137
DLR00012733-2009-11-12_11-11-48	9	20	2874.0	1307.0	67130.673619377878	2357.5518078715163	102	12630.349859362801	0.00013990368570387742	86.0	107.0	112.0	76.0	98.0	104.0	0.0	137.0	137
DLR00012733-2009-11-12_11-11-48	9	21	3009.0	1308.0	2780101.6606283318	419361.69047718932	102	424746.66522747691	0.00063960711506024946	122.0	137.0	132.0	76.0	97.0	103.0	0.070493245691216816	137.0	137
DLR00012733-2009-11-12_11-11-48	9	22	3148.0	1307.0	1414946.1539257802	141260.91376704082	102	153437.96740243497	0.00031901517158897363	97.0	114.0	115.0	74.0	95.0	102.0	0.053982713110087469	137.0	137
DLR00012733-2009-11-12_11-11-48	9	23	3285.0	1307.0	384205.44200610736	22281.105870133902	102	32211.195455932517	0.00017875056469333076	84.0	102.0	106.0	72.0	92.0	98.0	0.0087987164225454169	137.0	137
DLR00012733-2009-11-12_11-11-48	9	24	3416.0	1309.0	1567290.6715490916	132261.69416250259	102	134647.91096314599	0.00026488211380010441	89.0	104.0	105.0	71.0	90.0	95.0	0.052326484136431858	137.0	137
DLR00012733-2009-11-12_11-11-48	10	1	281.0	1449.0	732739.97256870754	51725.482135528066	102	54718.264170947077	0.00024953534745482273	94.0	111.0	113.5	77.0	96.0	102.0	0.019046633197039489	137.0	137
DLR00012733-2009-11-12_11-11-48	10	2	413.0	1447.0	1422873.0231354486	123060.03476424261	102	128971.33999178717	0.00025542402279652094	96.0	113.0	113.0	77.0	97.0	103.0	0.057346928212825422	137.0	137
DLR00012733-2009-11-12_11-11-48	10	3	552.0	1441.0	3101883.0076083019	731560.46566412062	102	733767.0332771414	0.0012140098531154123	169.0	175.0	156.0	78.0	98.0	103.0	0.069872159826095959	137.0	137
DLR00012733-2009-11-12_11-11-48	10	4	683.0	1446.0	1115706.8412608041	96370.235967915025	102	104694.56410567508	0.0002767608700768982	99.0	118.0	118.0	79.0	100.0	105.0	0.050566740851922781	137.0	137
DLR00012733-2009-11-12_11-11-48	10	5	823.0	1447.0	2403575.3731690901	317355.96200948756	102	323559.48349357047	0.00053414167581793939	119.0	135.0	130.0	80.0	101.0	106.0	0.083691320325034943	137.0	137
DLR00012733-2009-11-12_11-11-48	10	6	957.0	1445.0	906140.23653020023	74265.097261238392	102	85327.082733245712	0.00024394785799020734	97.0	116.0	116.0	79.0	101.0	105.0	0.04756482583717199	137.0	137
DLR00012733-2009-11-12_11-11-48	10	7	1094.0	1445.0	995317.51513896801	85372.823436766557	102	98276.238514651719	0.0002564861755195139	98.0	117.0	116.0	79.0	101.0	105.0	0.050618498007349515	137.0	137
DLR00012733-2009-11-12_11-11-48	10	8	1229.0	1446.0	1229655.5861497852	109019.03473479667	102	120925.11341745027	0.00029088356293802169	100.0	118.0	117.0	79.0	100.0	104.0	0.048962269033693911	137.0	137
DLR00012733-2009-11-12_11-11-48	10	9	1368.0	1445.0	2175925.5980539308	266449.20865461713	102	274105.98132267402	0.00039645749886148138	109.0	125.0	122.0	80.0	100.0	104.0	0.11412452771595673	137.0	137
DLR00012733-2009-11-12_11-11-48	10	10	1510.0	1442.0	1365898.6506909581	132684.01151604569	102	140697.78197256647	0.00032501926170729143	104.0	120.0	118.0	79.0	100.0	104.0	0.065472801614823245	137.0	137
DLR00012733-2009-11-12_11-11-48	10	11	1642.0	1445.0	1237087.026033849	94945.230529186025	102	103321.00806801161	0.00026222319374056121	98.0	116.0	115.0	79.0	99.0	103.0	0.049945654986801924	137.0	137
DLR00012733-2009-11-12_11-11-48	10	12	1779.0	1445.0	1332209.456549868	115535.55710446268	102	122753.06552859418	0.00027911786947134427	100.0	117.0	116.0	79.0	100.0	103.0	0.056518813725997617	137.0	137
DLR00012733-2009-11-12_11-11-48	10	13	1918.0	1448.0	773117.46260545519	55142.334287542646	102	64492.230589957682	0.00024838544251338222	97.0	115.0	115.0	79.0	99.0	103.0	0.022876662698618083	137.0	137
DLR00012733-2009-11-12_11-11-48	10	14	2043.0	1440.0	1430304.4630195124	112002.66060453394	102	120188.95383553153	0.00023326775555025292	96.0	114.0	113.0	79.0	99.0	103.0	0.04984214067594845	137.0	137
DLR00012733-2009-11-12_11-11-48	10	15	2192.0	1449.0	1382000.1037730966	122259.22675653061	102	134361.09819817482	0.00028080286159710331	99.0	116.0	115.0	79.0	99.0	103.0	0.055276641995755917	137.0	137
DLR00012733-2009-11-12_11-11-48	10	16	2318.0	1442.0	974757.19812639104	82588.133675115809	102	98496.317478270867	0.00028981548894234431	99.0	116.0	116.0	78.0	99.0	103.0	0.035350137156461882	137.0	137
DLR00012733-2009-11-12_11-11-48	10	17	2460.0	1446.0	2898756.9841105537	518905.40218147793	102	524650.454416811	0.00085880538282549822	140.0	152.0	141.0	78.0	98.0	102.0	0.078774390559494853	137.0	137
DLR00012733-2009-11-12_11-11-48	10	18	2600.0	1444.0	1056998.4661766989	93286.366679375686	102	113042.40937108683	0.00029797572807417703	98.0	116.0	116.0	78.0	98.0	103.0	0.035815951555302518	137.0	137
DLR00012733-2009-11-12_11-11-48	10	19	2732.0	1442.0	1407266.999378914	130616.92497895918	102	146191.27392508957	0.00031694392878756658	99.0	118.0	118.0	77.0	98.0	104.0	0.04761658299259873	137.0	137
DLR00012733-2009-11-12_11-11-48	10	20	2866.0	1443.0	1310162.8515604781	120181.72276654426	102	135578.32352603332	0.00030898333266573359	99.0	117.0	117.0	77.0	98.0	104.0	0.052481755602712073	137.0	137
DLR00012733-2009-11-12_11-11-48	10	21	3004.0	1444.0	987142.93126649759	80341.128219964143	102	95668.741416181292	0.00028351777911205808	96.0	114.0	115.0	76.0	97.0	103.0	0.034159722581646915	137.0	137
DLR00012733-2009-11-12_11-11-48	10	22	3146.0	1441.0	3389975.1604471817	859386.56541425514	102	863339.81344856694	0.0012814085491320917	165.0	172.0	154.0	74.0	94.0	100.0	0.071321360178044621	137.0	137
DLR00012733-2009-11-12_11-11-48	10	23	3283.0	1445.0	1616585.8894467158	150076.04825895405	102	160671.13682533591	0.000306085372488856	93.0	109.0	110.0	72.0	92.0	97.0	0.059676000207028623	137.0	137
DLR00012733-2009-11-12_11-11-48	10	24	3413.0	1443.0	1641109.6410641267	137560.55668349014	102	139001.5959307701	0.00024893508874104895	88.0	103.0	103.0	71.0	89.0	94.0	0.051394855338750579	137.0	137
DLR00012733-2009-11-12_11-11-48	11	1	272.0	1582.0	1106789.1133999277	86150.272576023708	102	86010.698296803093	0.0002708944789854129	96.0	112.0	113.0	78.0	96.0	101.0	0.035453651467315356	137.0	137
DLR00012733-2009-11-12_11-11-48	11	2	412.0	1582.0	2747403.3251384511	419390.39981766162	102	421064.54448561044	0.00066787774030032624	125.0	138.0	131.0	76.0	96.0	101.0	0.082500905750219969	137.0	137
DLR00012733-2009-11-12_11-11-48	11	3	558.0	1582.0	2658969.1905180896	471364.93397208187	102	473989.47238510399	0.0008351816609022864	139.0	151.0	140.5	77.0	98.0	103.0	0.070700274312923764	137.0	137
DLR00012733-2009-11-12_11-11-48	11	4	687.0	1580.0	1517747.7389886649	157763.84427409171	102	165536.24583217682	0.00033918497709380265	104.0	121.0	119.0	79.0	99.0	104.0	0.069095802494694894	137.0	137
DLR00012733-2009-11-12_11-11-48	11	5	829.0	1587.0	2814038.5694322237	702192.77767048287	102	707924.75486936071	0.001182825084811917	169.0	176.0	157.0	79.0	100.0	104.0	0.070700274312923764	137.0	137
DLR00012733-2009-11-12_11-11-48	11	6	957.0	1582.0	402784.0417162673	26059.487612766374	102	37109.967677635046	0.00022535471363694282	95.0	115.0	116.0	79.0	100.0	105.0	0.015268360850887635	137.0	137
DLR00012733-2009-11-12_11-11-48	11	7	1101.0	1583.0	2812304.5667926092	635038.01899064588	102	640541.05572276888	0.0010897091759956479	161.0	169.0	153.0	79.0	100.0	104.0	0.07768749029553336	137.0	137
DLR00012733-2009-11-12_11-11-48	11	8	1235.0	1585.0	1470681.95305626	148021.39214903815	102	157036.7106363787	0.00034419290852514926	104.0	121.0	119.0	79.0	99.0	104.0	0.074219760881941932	137.0	137
DLR00012733-2009-11-12_11-11-48	11	9	1381.0	1583.0	2490275.5051498371	395739.26057031873	102	400387.94059523789	0.00072233427049017045	131.0	145.0	137.0	79.0	99.0	103.0	0.068785259562134465	137.0	137
DLR00012733-2009-11-12_11-11-48	11	10	1509.0	1573.0	868239.89312147396	75132.402168877568	102	86454.38642455684	0.00028777693431362658	99.0	117.0	116.0	79.0	99.0	103.0	0.040732881320842608	137.0	137
DLR00012733-2009-11-12_11-11-48	11	11	1653.0	1587.0	1002996.6696858341	83889.169544772856	102	97128.4974478847	0.00027707643426231932	98.0	116.0	115.0	78.0	99.0	103.0	0.043734796335593393	137.0	137
DLR00012733-2009-11-12_11-11-48	11	12	1778.0	1585.0	39634.346048341184	1408.3634805897609	102	10033.259206851933	0.00013044113717998267	87.0	107.0	109.0	78.0	98.0	103.0	0.0	137.0	137
DLR00012733-2009-11-12_11-11-48	11	13	1916.0	1582.0	1506600.579162569	155999.92700833731	102	163684.31995117338	0.00034984613624550035	104.0	120.0	118.0	78.0	99.0	102.0	0.058123285544226487	137.0	137
DLR00012733-2009-11-12_11-11-48	11	14	2053.0	1582.0	1363916.933388541	138102.01955043653	102	147172.29629819826	0.00031590691627259856	101.0	118.0	116.0	78.0	98.0	102.0	0.059158428652761247	137.0	137
DLR00012733-2009-11-12_11-11-48	11	15	2189.0	1581.0	1504618.8618601521	124823.20150713027	102	135303.58312793405	0.00024406969403091149	95.0	113.0	112.0	77.0	98.0	102.0	0.059468971585321669	137.0	137
DLR00012733-2009-11-12_11-11-48	11	16	2326.0	1581.0	888800.21013405104	75694.479395635892	102	90867.929295867085	0.00026494957684210788	96.0	114.0	113.0	77.0	98.0	102.0	0.039749495367734589	137.0	137
DLR00012733-2009-11-12_11-11-48	11	17	2463.0	1581.0	1112981.9799699809	94258.856126469444	102	110238.99716446213	0.00027961336706784276	96.0	114.0	114.0	77.0	97.0	102.0	0.044407639356140984	137.0	137
DLR00012733-2009-11-12_11-11-48	11	18	2600.0	1581.0	1163020.3418560114	110999.78951239858	102	126417.76676715758	0.00031219908993725668	98.0	116.0	116.0	77.0	97.0	103.0	0.047978883080585892	137.0	137
DLR00012733-2009-11-12_11-11-48	11	19	2737.0	1581.0	742153.12975518859	58233.609600028038	102	72744.676522816502	0.00027725323843554874	96.0	114.0	115.0	76.0	97.0	102.0	0.020547590704414885	137.0	137
DLR00012733-2009-11-12_11-11-48	11	20	2870.0	1581.0	3063239.520211169	793051.23121815524	102	798343.75130185229	0.001245341080210685	168.0	174.0	154.0	76.0	97.0	101.0	0.067284302054759076	137.0	137
DLR00012733-2009-11-12_11-11-48	11	21	3011.0	1583.0	2703062.4004968689	534992.88780892862	102	540755.74771844258	0.00095159672726208636	143.0	155.0	143.0	75.0	96.0	101.0	0.084726463433569696	137.0	137
DLR00012733-2009-11-12_11-11-48	11	22	3147.0	1581.0	1206865.837171989	107832.2863500152	102	118278.2133804389	0.00028871421849451645	94.0	111.0	112.0	73.0	94.0	100.0	0.047513068681745249	137.0	137
DLR00012733-2009-11-12_11-11-48	11	23	3283.0	1585.0	1297529.4037575696	91098.972376009173	102	102839.61521894883	0.00018678754564955481	84.0	101.0	103.0	71.0	91.0	96.0	0.035971223021582732	137.0	137
DLR00012733-2009-11-12_11-11-48	11	24	3410.0	1583.0	1785279.574814968	156474.66681328331	102	156976.42573713808	0.00022643558564590065	86.0	100.0	101.0	70.0	88.0	93.0	0.071424874488898088	137.0	137
DLR00012733-2009-11-12_11-11-48	12	1	272.0	1719.0	1077558.7831892758	89303.966118390468	102	89101.503629887156	0.00028835159426688646	96.0	112.0	113.0	78.0	96.0	101.0	0.038507323637492881	137.0	137
DLR00012733-2009-11-12_11-11-48	12	2	411.0	1723.0	3438279.5196935982	843578.47666834097	102	848143.30733528675	0.0012502631014943504	167.0	172.0	153.0	75.0	95.0	100.0	0.074685575280782568	137.0	137
DLR00012733-2009-11-12_11-11-48	12	3	546.0	1719.0	1243032.1779411004	124265.21249479646	102	132031.82866207216	0.00035162082114168538	103.0	119.0	118.0	77.0	97.0	102.0	0.066663216189638219	137.0	137
DLR00012733-2009-11-12_11-11-48	12	4	686.0	1717.0	896479.36468091712	82955.324630570976	102	87306.718876614294	0.00030202789193116522	100.0	117.0	118.0	77.0	98.0	104.0	0.046736711350344184	137.0	137
DLR00012733-2009-11-12_11-11-48	12	5	823.0	1721.0	864771.88784224424	83653.869960063545	102	93790.674389615306	0.00034247627923639039	104.0	121.0	121.0	79.0	99.0	105.0	0.053982713110087469	137.0	137
DLR00012733-2009-11-12_11-11-48	12	6	961.0	1725.0	1031483.8559080793	104325.64257668331	102	117523.17224913412	0.0003531179667992443	104.0	122.0	121.0	79.0	100.0	105.0	0.050049169297655398	137.0	137
DLR00012733-2009-11-12_11-11-48	12	7	1101.0	1721.0	2797441.6870244811	688309.94244991313	102	694325.99323508714	0.0011758301726334333	166.0	174.0	154.0	79.0	99.0	103.0	0.081051705398271306	137.0	137
DLR00012733-2009-11-12_11-11-48	12	8	1233.0	1717.0	932397.99078722636	80537.575119857109	102	91599.902432799732	0.00030003674951309612	99.5	117.0	117.0	78.0	99.0	103.0	0.04823766885771958	137.0	137
DLR00012733-2009-11-12_11-11-48	12	9	1368.0	1719.0	754786.57755809743	58891.486983566727	102	71185.523247794583	0.00027850925539706903	98.0	116.0	116.0	78.0	98.0	103.0	0.025412763314528235	137.0	137
DLR00012733-2009-11-12_11-11-48	12	10	1499.0	1718.0	1247243.3272087364	118776.01826137053	102	129021.67966126552	0.00030360310822083545	100.0	117.0	116.0	78.0	98.0	103.0	0.057812742611666065	137.0	137
DLR00012733-2009-11-12_11-11-48	12	11	1636.0	1719.0	1182589.80021738	97141.252873771809	102	109106.09979624972	0.00027082880627276505	97.0	114.0	114.0	78.0	98.0	102.0	0.048392940323999795	137.0	137
DLR00012733-2009-11-12_11-11-48	12	12	1779.0	1722.0	1113972.8386211894	94818.331902299004	102	103120.59105264167	0.00026201107460664452	96.0	114.0	113.0	77.0	98.0	102.0	0.046167382640650068	137.0	137
DLR00012733-2009-11-12_11-11-48	12	13	1916.0	1718.0	1138496.5902386005	106488.92495562362	102	118465.68526049722	0.00029833642160134044	98.0	116.0	115.0	77.0	97.0	102.0	0.045080482376688574	137.0	137
DLR00012733-2009-11-12_11-11-48	12	14	2050.0	1717.0	1013152.9708607214	86573.875104558931	102	97674.636580256381	0.00029073548770728664	97.0	115.0	114.0	77.0	97.0	101.0	0.044097096423580562	137.0	137
DLR00012733-2009-11-12_11-11-48	12	15	2185.0	1718.0	1481829.1128823559	151789.43217332804	102	155417.69885279468	0.00032158499381127321	100.0	117.0	115.0	76.0	96.0	101.0	0.074944361057916256	137.0	137
DLR00012733-2009-11-12_11-11-48	12	16	2326.0	1718.0	2876958.0937839658	674758.78880213748	102	677815.87723523867	0.0011404674640144502	159.0	167.0	150.0	76.0	96.0	100.0	0.073184617773407179	137.0	137
DLR00012733-2009-11-12_11-11-48	12	17	2461.0	1716.0	1246747.8978831321	135797.0961779416	102	149690.98806889923	0.00037404973742898501	102.0	119.0	118.0	76.0	97.0	101.0	0.05310284146783293	137.0	137
DLR00012733-2009-11-12_11-11-48	12	18	2600.0	1718.0	1128092.5744009109	105403.51428978835	102	119021.6729371118	0.00031603681388943996	97.0	115.0	115.0	75.0	96.0	101.0	0.049169297655400859	137.0	137
DLR00012733-2009-11-12_11-11-48	12	19	2736.0	1718.0	2667886.9183789655	479129.499393493	102	486501.85247273045	0.0008218609189873619	133.0	147.0	137.0	75.0	96.0	101.0	0.084312406190155786	137.0	137
DLR00012733-2009-11-12_11-11-48	12	20	2874.0	1718.0	1202654.6879043528	111340.70839032897	102	123703.94676813764	0.00031735390266021657	98.0	115.0	115.0	75.0	96.0	102.0	0.054914341907768748	137.0	137
DLR00012733-2009-11-12_11-11-48	12	21	3011.0	1718.0	180088.55985715025	8829.3116436342025	102	7850.4300016670777	6.3316040152332334e-05	79.0	98.0	103.0	74.0	94.0	101.0	0.0046063868329796597	137.0	137
DLR00012733-2009-11-12_11-11-48	12	22	3140.0	1713.0	1163515.7711816158	91485.826311203302	102	100772.66797497981	0.00023213677413642004	89.0	106.0	109.0	73.0	93.0	99.0	0.047409554370891775	137.0	137
DLR00012733-2009-11-12_11-11-48	12	23	3285.0	1717.0	1738213.7888825629	159714.97322225929	102	167260.19743039334	0.00026805981226678456	88.0	104.0	105.0	70.0	89.0	95.0	0.059261942963614721	137.0	137
DLR00012733-2009-11-12_11-11-48	12	24	3408.0	1715.0	1853648.8217483568	177266.02370530256	102	178812.02536589242	0.00026750167838624015	88.0	102.0	102.0	69.0	87.0	93.0	0.074219760881941932	137.0	137
DLR00012733-2009-11-12_11-11-48	13	1	295.0	1858.0	1080035.9298172973	92372.712366150954	102	93770.083361927493	0.00030620347354928237	97.0	112.0	113.0	75.0	94.0	99.0	0.03623000879871642	137.0	137
DLR00012733-2009-11-12_11-11-48	13	2	418.0	1865.0	1006464.6749650639	95320.586709710187	102	97344.208830340809	0.00032794632868503082	98.0	113.0	113.0	74.0	93.0	99.0	0.056260027948863929	137.0	137
DLR00012733-2009-11-12_11-11-48	13	3	554.0	1860.0	3635212.6766212927	924039.8338613346	102	925519.68301139993	0.0012718646793955361	169.0	174.0	154.0	75.0	95.0	100.0	0.069975674136949439	137.0	137
DLR00012733-2009-11-12_11-11-48	13	4	688.0	1862.0	2916840.1544951089	718534.79325233691	102	722199.96462937607	0.0012099773850211626	168.0	173.0	154.0	77.0	97.0	101.0	0.070389731380363335	137.0	137
DLR00012733-2009-11-12_11-11-48	13	5	837.0	1860.0	1126606.2864240981	113189.60867688431	102	120370.07116764053	0.00035851639091306567	104.0	121.0	121.0	78.0	98.0	104.0	0.05149836964960406	137.0	137
DLR00012733-2009-11-12_11-11-48	13	6	963.0	1862.0	1271271.6495005435	141125.77170333752	102	152789.55731767381	0.00040404874904399947	107.0	124.0	122.0	78.0	99.0	104.0	0.059261942963614721	137.0	137
DLR00012733-2009-11-12_11-11-48	13	7	1108.0	1864.0	1227673.8688473683	130743.63580928638	102	142973.30976603384	0.00037575960470889768	104.0	122.0	120.0	77.0	98.0	103.0	0.06345427255318048	137.0	137
DLR00012733-2009-11-12_11-11-48	13	8	1231.0	1856.0	1089696.8016665804	93452.681165424292	102	106588.89558427359	0.00029297889793165942	98.0	115.0	115.0	77.0	98.0	102.0	0.047823611614305678	137.0	137
DLR00012733-2009-11-12_11-11-48	13	9	1377.0	1857.0	1179121.7949381503	120667.66699285983	102	127670.39729840547	0.00034087854545911144	101.0	118.0	116.0	76.0	97.0	101.0	0.062263857978365512	137.0	137
DLR00012733-2009-11-12_11-11-48	13	10	1514.0	1850.0	64653.526991356557	1172.7166838881883	102	2650.6468481078223	4.1112491901304197e-05	79.0	99.0	104.0	76.0	97.0	102.0	0.0	137.0	137
DLR00012733-2009-11-12_11-11-48	13	11	1642.0	1855.0	1476874.8196263134	146100.71778710693	102	153803.66736513696	0.00028713208090463786	98.0	114.0	113.0	76.0	97.0	101.0	0.07727343305211945	137.0	137
DLR00012733-2009-11-12_11-11-48	13	12	1779.0	1855.0	886818.49283163389	84641.229144325393	102	95094.381649086572	0.00029923499669458017	98.0	115.0	114.0	76.0	96.0	101.0	0.048341183168573054	137.0	137
DLR00012733-2009-11-12_11-11-48	13	13	1916.0	1855.0	2441228.0019150143	515859.80244406208	102	516960.0532664014	0.0010024134495060938	148.0	158.0	144.0	76.0	96.0	99.0	0.10511878267170437	137.0	137
DLR00012733-2009-11-12_11-11-48	13	14	2053.0	1855.0	3350093.0997360381	853192.61511447059	102	853046.17112190183	0.0012656538958299916	168.0	174.0	151.0	75.0	95.0	98.0	0.077998033228093788	137.0	137
DLR00012733-2009-11-12_11-11-48	13	15	2190.0	1855.0	1336668.3204803062	158722.50533549846	102	165522.50735864526	0.00042673746077208667	105.0	121.0	118.0	75.0	95.0	99.0	0.074271518037368672	137.0	137
DLR00012733-2009-11-12_11-11-48	13	16	2326.0	1855.0	682453.89601987472	56765.887853996923	102	66988.599188705004	0.00028329659590764635	95.0	113.0	112.0	75.0	95.0	100.0	0.031934164898297188	137.0	137
DLR00012733-2009-11-12_11-11-48	13	17	2468.0	1858.0	2676804.6462398423	535051.75550277205	102	540878.6343044329	0.00092389879775781546	140.0	152.0	140.0	75.0	95.0	100.0	0.06624915894622431	137.0	137
DLR00012733-2009-11-12_11-11-48	13	18	2597.0	1857.0	891772.78608767653	82081.25138157433	102	92255.936616986728	0.00032115146313089891	97.0	114.0	114.0	74.0	95.0	100.0	0.044148853579007295	137.0	137
DLR00012733-2009-11-12_11-11-48	13	19	2744.0	1854.0	3288412.1486983076	850065.47273865039	102	853706.34676818713	0.0012708524409717691	166.0	173.0	152.0	75.0	95.0	99.0	0.073184617773407179	137.0	137
DLR00012733-2009-11-12_11-11-48	13	20	2874.0	1855.0	1288611.6758966928	129684.64144531051	102	143681.4878387514	0.00035665431543979096	99.0	116.0	116.0	74.0	95.0	100.0	0.060918171937270331	137.0	137
DLR00012733-2009-11-12_11-11-48	13	21	3011.0	1855.0	1514775.1630350396	166606.92846349682	102	177195.59362847227	0.00037012411157628954	99.0	115.0	115.0	73.0	94.0	100.0	0.062315615133792246	137.0	137
DLR00012733-2009-11-12_11-11-48	13	22	3141.0	1857.0	984913.49930127827	83558.581298201228	102	93299.414509917187	0.00028712542022896843	91.0	108.0	110.0	71.0	91.0	98.0	0.032451736452564564	137.0	137
DLR00012733-2009-11-12_11-11-48	13	23	3285.0	1855.0	2854416.0594689716	533272.86909851024	102	535661.24839830969	0.00088564726140510734	125.0	137.0	128.0	68.0	87.0	93.0	0.071321360178044621	137.0	137
DLR00012733-2009-11-12_11-11-48	13	24	3422.0	1855.0	1842501.6619222609	171175.24548150157	102	174176.00016565225	0.00029466359487155861	88.0	102.0	102.0	71.0	87.0	92.0	0.064903472905129128	137.0	137
DLR00012733-2009-11-12_11-11-48	14	1	297.0	1995.0	1319823.7234097612	107357.49830410622	102	108838.08261330352	0.00024692926995584273	93.0	107.0	108.0	75.0	93.0	98.0	0.04269965322705864	137.0	137
DLR00012733-2009-11-12_11-11-48	14	2	424.0	1996.0	1130074.291703328	104230.67974970926	102	109087.87497547563	0.00029111708517506299	94.0	109.0	109.0	73.0	92.0	98.0	0.064023601262874597	137.0	137
DLR00012733-2009-11-12_11-11-48	14	3	546.0	1993.0	120637.04078463848	2056.0710196511955	102	-473.33914082660095	2.1116259070874809e-05	77.0	96.0	101.0	74.0	93.0	100.0	0.00056932870969411524	137.0	137
DLR00012733-2009-11-12_11-11-48	14	4	688.0	1997.0	2465504.038869624	428844.79787966731	102	431875.2533175518	0.00077384680674855134	132.0	144.0	136.0	76.0	96.0	102.0	0.12095647223228612	137.0	137
DLR00012733-2009-11-12_11-11-48	14	5	830.0	1992.0	1150882.3233787068	116673.65368115155	102	127790.4003356301	0.00030434901481230989	99.0	115.0	116.0	77.0	97.0	103.0	0.059106671497334506	137.0	137
DLR00012733-2009-11-12_11-11-48	14	6	965.0	1995.0	2952511.0659386162	722393.66148211597	102	728763.6410439281	0.001148955466968266	161.0	168.0	151.0	77.0	97.0	102.0	0.079084933492055282	137.0	137
DLR00012733-2009-11-12_11-11-48	14	7	1103.0	1988.0	787732.62771078106	76713.120758167133	102	87131.737496498085	0.00031646299845949959	99.0	116.0	116.0	76.0	97.0	102.0	0.047409554370891775	137.0	137
DLR00012733-2009-11-12_11-11-48	14	8	1231.0	1992.0	3159600.5240411987	871609.53141192673	102	873861.16428162844	0.0013049660229834362	171.0	176.0	154.0	76.0	96.0	100.0	0.085916878008384656	137.0	137
DLR00012733-2009-11-12_11-11-48	14	9	1372.0	1997.0	3150435.0815175199	824197.96978397446	102	823449.03316148592	0.0012932243240364098	168.0	174.0	152.0	75.0	94.0	98.0	0.074737332436209308	137.0	137
DLR00012733-2009-11-12_11-11-48	14	10	1513.0	1992.0	620525.23031934176	47947.003808219612	102	57791.296838417009	0.00026340245739982161	93.0	111.0	111.0	75.0	95.0	99.0	0.02846643548470576	137.0	137
DLR00012733-2009-11-12_11-11-48	14	11	1642.0	1992.0	2438007.7112985877	452984.73022435006	102	458421.95125535427	0.00086384792977003521	135.0	147.0	137.0	75.0	95.0	99.0	0.085140520676983591	137.0	137
DLR00012733-2009-11-12_11-11-48	14	12	1779.0	1992.0	2207385.3602298014	314645.88997811161	102	320845.10344271397	0.00050793103080696005	111.0	125.0	120.0	75.0	94.0	99.0	0.10993219812639098	137.0	137
DLR00012733-2009-11-12_11-11-48	14	13	1916.0	1992.0	109242.16629574038	2029.9478144676218	102	7732.0533922990408	1.8758427950356073e-05	75.0	95.0	100.0	74.0	94.0	99.0	0.00041405724341390195	137.0	137
DLR00012733-2009-11-12_11-11-48	14	14	2051.0	1996.0	1299015.691734382	146102.06307719878	102	157616.74509733199	0.00036847190303796308	99.0	116.0	114.0	74.0	94.0	98.0	0.069251073960975101	137.0	137
DLR00012733-2009-11-12_11-11-48	14	15	2190.0	1992.0	1270033.0761865329	138780.44234308647	102	156005.48875504974	0.00038433882808958482	100.0	116.0	114.0	74.0	94.0	98.0	0.070803788623777231	137.0	137
DLR00012733-2009-11-12_11-11-48	14	16	2326.0	1994.0	1237334.7406966512	140439.86511918451	102	155793.55156510061	0.00039442947548220706	100.0	116.0	115.0	73.0	93.0	98.0	0.076031261321877749	137.0	137
DLR00012733-2009-11-12_11-11-48	14	17	2462.0	1994.0	1745892.9434294291	198159.49000201924	102	210925.78575547825	0.00036519717556909371	98.0	115.0	113.0	73.0	93.0	98.0	0.097717509445680861	137.0	137
DLR00012733-2009-11-12_11-11-48	14	18	2607.0	1991.0	1723846.3384400392	208271.78902711396	102	220033.44158687245	0.00042372543959096217	103.0	119.0	116.0	73.0	94.0	99.0	0.081931577040525852	137.0	137
DLR00012733-2009-11-12_11-11-48	14	19	2738.0	1984.0	1372586.9465866154	202831.83345869955	102	213403.32631438607	0.00046114357975258661	105.0	121.0	119.0	73.0	94.0	99.0	0.063868329796594375	137.0	137
DLR00012733-2009-11-12_11-11-48	14	20	2865.0	1992.0	819935.53387505817	73951.496151088882	102	89810.572292228811	0.00030617593289780588	94.0	111.0	112.0	73.0	93.0	99.0	0.039697738212307848	137.0	137
DLR00012733-2009-11-12_11-11-48	14	21	3011.0	1992.0	790457.4890016045	142488.1633697263	102	143651.07205889342	0.00050612768140688002	109.0	122.0	118.0	72.0	91.0	98.0	0.033072822317685421	137.0	137
DLR00012733-2009-11-12_11-11-48	14	22	3142.0	1992.0	1396367.5542156203	126311.93262577466	102	130146.81775787529	0.00028401724629771406	90.0	106.0	107.0	70.0	90.0	96.0	0.057295171057398682	137.0	137
DLR00012733-2009-11-12_11-11-48	14	23	3281.0	1987.0	2704796.4031364839	495875.27610182902	102	498194.05562032119	0.00081653857135538825	119.0	130.0	123.0	67.0	85.0	91.0	0.088918793023135448	137.0	137
DLR00012733-2009-11-12_11-11-48	14	24	3408.0	1993.0	1702295.1627762537	171635.52508296835	102	180909.43291751319	0.00029675293670864208	87.0	100.0	100.0	70.0	86.0	90.0	0.074116246571088451	137.0	137
DLR00012733-2009-11-12_11-11-48	15	1	301.0	2119.0	1373082.3759122198	103613.28886604769	102	103052.94814653278	0.00019258380380673981	91.0	105.0	106.0	76.0	93.0	98.0	0.034056208270793434	137.0	137
DLR00012733-2009-11-12_11-11-48	15	2	421.0	2129.0	1248977.3298483514	105483.75772771363	102	112219.4917251123	0.00025644570809163904	91.0	106.0	108.0	74.0	92.0	99.0	0.059572485896175149	137.0	137
DLR00012733-2009-11-12_11-11-48	15	3	551.0	2128.0	1299263.4063971844	75935.031290691302	102	76014.065633019229	5.3125324724181623e-05	78.0	97.0	103.0	74.0	93.0	101.0	0.046529682728637237	137.0	137
DLR00012733-2009-11-12_11-11-48	15	4	692.0	2130.0	1563574.9516070595	163704.72448582176	102	173627.52232551554	0.00032561631403279985	100.0	116.0	116.0	76.0	96.0	103.0	0.077169918741265983	137.0	137
DLR00012733-2009-11-12_11-11-48	15	5	836.0	2126.0	1192746.1013922675	121835.02533183766	102	138004.32509361336	0.00032967706050435132	99.0	116.0	116.0	76.0	96.0	103.0	0.065886858858237154	137.0	137
DLR00012733-2009-11-12_11-11-48	15	6	966.0	2133.0	1476874.8196263134	174696.80137067017	102	189169.54572299594	0.00039421150239373902	103.0	118.0	118.0	76.0	96.0	102.0	0.078256819005227476	137.0	137
DLR00012733-2009-11-12_11-11-48	15	7	1110.0	2121.0	1113725.1239583872	116367.28915591643	102	132850.3359425182	0.00034778833249812693	99.0	116.0	116.0	75.0	95.0	101.0	0.06024532891672274	137.0	137
DLR00012733-2009-11-12_11-11-48	15	8	1231.0	2129.0	1378036.6691682627	144323.44967352515	102	159858.56572744789	0.00034579236347356563	98.0	115.0	114.0	75.0	95.0	101.0	0.083898348946741891	137.0	137
DLR00012733-2009-11-12_11-11-48	15	9	1382.0	2129.0	1224701.2928937424	121259.19415230758	102	141589.40605308648	0.00032019799430046367	95.0	112.0	112.0	74.0	94.0	100.0	0.071683660266031776	137.0	137
DLR00012733-2009-11-12_11-11-48	15	10	1509.0	2126.0	1840519.9446198437	223823.38440047239	102	238627.0030586092	0.00037508356708567509	98.0	115.0	113.0	73.0	93.0	99.0	0.10755136897676104	137.0	137
DLR00012733-2009-11-12_11-11-48	15	11	1642.0	2129.0	955187.73976502253	94640.419162467049	102	117821.30377679	0.00030191453997534083	92.0	109.0	110.0	73.0	93.0	98.0	0.058485585632213656	137.0	137
DLR00012733-2009-11-12_11-11-48	15	12	1779.0	2129.0	1676285.1231820299	211182.76490247904	102	229927.64987738029	0.00041049953072145587	100.0	116.0	114.0	73.0	93.0	98.0	0.10553283991511826	137.0	137
DLR00012733-2009-11-12_11-11-48	15	13	1916.0	2129.0	1343108.9017131617	145554.49614733155	102	163189.6240683108	0.00034420664993546699	95.0	112.0	111.0	72.0	92.0	98.0	0.087883649914600695	137.0	137
DLR00012733-2009-11-12_11-11-48	15	14	2053.0	2129.0	1408010.1433673203	172032.55498792237	102	186365.2873090381	0.00039412159033369771	98.0	114.0	112.0	72.0	92.0	97.0	0.092645308213860564	137.0	137
DLR00012733-2009-11-12_11-11-48	15	15	2196.0	2128.0	3437288.6610423895	977641.08329818584	102	979182.87706759793	0.0013740814431151991	166.0	172.0	149.0	72.0	91.0	96.0	0.080275348066870242	137.0	137
DLR00012733-2009-11-12_11-11-48	15	16	2330.0	2129.0	1344099.7603643704	163612.65449265752	102	176728.80126565916	0.00041981650618096947	100.0	116.0	114.0	72.0	92.0	97.0	0.082707934371926917	137.0	137
DLR00012733-2009-11-12_11-11-48	15	17	2470.0	2124.0	1470186.5237306557	183571.00665315747	102	199153.05796520173	0.00042145929247816946	100.0	116.0	115.0	72.0	92.0	98.0	0.088349464313441331	137.0	137
DLR00012733-2009-11-12_11-11-48	15	18	2600.0	2129.0	429041.79597329331	29129.34139606608	102	42053.033658211512	0.00019137349378784107	84.0	103.0	106.0	72.0	92.0	98.0	0.01925366181874644	137.0	137
DLR00012733-2009-11-12_11-11-48	15	19	2737.0	2129.0	1312144.568862895	127493.2241495215	102	141788.05784963147	0.00032142509397396031	94.0	110.0	110.0	72.0	92.0	98.0	0.056001242171730241	137.0	137
DLR00012733-2009-11-12_11-11-48	15	20	2866.0	2122.0	1734250.3542777288	223596.61278818786	102	233388.2014173191	0.00041746140887181438	100.0	115.0	114.0	72.0	91.0	97.0	0.09637182340458568	137.0	137
DLR00012733-2009-11-12_11-11-48	15	21	3009.0	2120.0	2736008.4506495525	602186.12059554982	102	606993.98166107479	0.0010600607160904541	143.0	153.0	141.0	71.0	91.0	97.0	0.11707468557528078	137.0	137
DLR00012733-2009-11-12_11-11-48	15	22	3142.0	2122.0	1869502.5601676931	234425.44995850214	102	242747.8001779209	0.00040562114704961109	97.0	111.0	110.0	70.0	89.0	95.0	0.096682366337146108	137.0	137
DLR00012733-2009-11-12_11-11-48	15	23	3282.0	2124.0	1929944.9378914135	207905.53521883232	102	213333.6148570487	0.00027753797272960239	86.0	100.0	100.0	68.0	85.0	92.0	0.094198022876662693	137.0	137
DLR00012733-2009-11-12_11-11-48	15	24	3408.0	2122.0	2134804.9640287766	259173.33895044395	102	261658.25593565986	0.00040315105162645314	95.0	107.0	106.0	71.0	86.0	91.0	0.078567361937787905	137.0	137
DLR00012733-2009-11-12_11-11-48	16	1	272.0	2267.0	1279941.6626986181	73541.571421898057	102	17110.507594643259	0.00017981419774089745	113.0	125.0	124.0	87.0	100.0	103.0	0.0016044718182288702	137.0	137
DLR00012733-2009-11-12_11-11-48	16	2	414.0	2268.0	1489260.5527664199	94769.659671625544	102	41243.774341885008	0.00019435869732531739	125.0	137.0	136.0	85.0	101.0	106.0	0.0054345013198074631	137.0	137
DLR00012733-2009-11-12_11-11-48	16	3	546.0	2266.0	1709478.8879975155	116867.7127854088	102	96088.749426204828	0.00020000084638468427	126.0	139.0	138.0	87.0	103.0	108.0	0.028104135396718598	137.0	137
DLR00012733-2009-11-12_11-11-48	16	4	690.0	2272.0	1577942.4020495832	112586.26017896408	102	87306.479479342976	0.00022119977753362315	123.0	136.0	135.0	91.0	109.0	114.0	0.019667719062160343	137.0	137
DLR00012733-2009-11-12_11-11-48	16	5	820.0	2266.0	1129826.5770405259	97018.559296626889	102	63064.674717558737	0.00031145358831407438	119.0	132.0	131.0	92.0	109.0	113.0	0.023497748563738936	137.0	137
DLR00012733-2009-11-12_11-11-48	16	6	957.0	2266.0	1166983.7764608457	92986.407857163053	102	65869.458836731865	0.00027468515764357874	118.0	132.0	131.0	92.0	107.0	110.0	0.020961647947828788	137.0	137
DLR00012733-2009-11-12_11-11-48	16	7	1094.0	2266.0	860065.30924900377	65590.184051089134	102	41445.230065611962	0.00026895713947528333	115.0	129.0	128.0	88.0	105.0	109.0	0.018477304487345376	137.0	137
DLR00012733-2009-11-12_11-11-48	16	8	1231.0	2266.0	1206122.6931835825	98348.161259494227	102	72322.330250015875	0.00028239912377047501	113.0	128.0	127.0	87.0	105.0	108.0	0.023290719942031985	137.0	137
DLR00012733-2009-11-12_11-11-48	16	9	1372.0	2253.0	1492480.8433828475	150701.41393732585	102	138116.48961412217	0.00034135512507179119	112.0	127.0	125.0	79.0	98.0	104.0	0.032969308006831947	137.0	137
DLR00012733-2009-11-12_11-11-48	16	10	1505.0	2266.0	1139487.448889809	90891.289298014861	102	65168.59926488615	0.00026135726605868082	106.0	121.0	120.0	84.0	101.0	105.0	0.036333523109569901	137.0	137
DLR00012733-2009-11-12_11-11-48	16	11	1642.0	2266.0	1442442.4814968167	140314.00905255653	102	109393.48632718275	0.00029859006703961577	106.0	121.0	120.0	85.0	102.0	104.0	0.044407639356140984	137.0	137
DLR00012733-2009-11-12_11-11-48	16	12	1779.0	2266.0	1553914.0797577763	152311.71068498562	102	123897.05713227158	0.00031236838126837905	109.0	124.0	122.0	83.0	100.0	104.0	0.052326484136431858	137.0	137
DLR00012733-2009-11-12_11-11-48	16	13	1916.0	2266.0	1339145.4671083279	122921.2286147493	102	90473.232611313724	0.00031845787876796775	111.0	125.0	123.0	81.0	99.0	103.0	0.0492210548108276	137.0	137
DLR00012733-2009-11-12_11-11-48	16	14	2053.0	2266.0	1513288.8750582268	164135.40144858643	102	136852.05816362801	0.00038177927949124195	119.0	133.0	129.0	84.0	102.0	104.0	0.041457481496816932	137.0	137
DLR00012733-2009-11-12_11-11-48	16	15	2190.0	2266.0	1390422.4023083691	148877.39821178064	102	116432.00086998573	0.00040071648195729701	122.0	136.0	132.0	86.0	103.0	106.0	0.023601262874592414	137.0	137
DLR00012733-2009-11-12_11-11-48	16	16	2327.0	2266.0	1250959.0471507686	98041.454648925835	102	85356.477133349501	0.00025030222303368813	110.0	126.0	125.0	86.0	105.0	109.0	0.020392319238134671	137.0	137
DLR00012733-2009-11-12_11-11-48	16	17	2464.0	2264.0	1866282.2695512655	166144.53978177192	102	163303.34972744453	0.00023991494589275627	121.0	137.0	134.0	84.0	103.0	106.0	0.043320739092179497	137.0	137
DLR00012733-2009-11-12_11-11-48	16	18	2600.0	2266.0	1842006.2325966565	178334.97462339469	102	125724.35558230603	0.00024342993252481987	124.0	139.0	136.0	83.0	101.0	105.0	0.022928419854044823	137.0	137
DLR00012733-2009-11-12_11-11-48	16	19	2734.0	2255.0	1219746.9996376999	98853.173066593023	102	61025.466163432735	0.00022706094009406833	116.0	130.0	128.0	81.0	99.0	103.0	0.017700947155944308	137.0	137
DLR00012733-2009-11-12_11-11-48	16	20	2874.0	2266.0	1420891.3058330314	106903.69031909034	102	54920.81995036771	0.00026634837870496091	124.0	137.0	134.0	81.0	99.0	104.0	0.033124579473112155	137.0	137
DLR00012733-2009-11-12_11-11-48	16	21	3009.0	2255.0	1469691.0944050516	145110.49025386022	102	90787.317731833071	0.00031667392289091951	129.0	142.0	137.0	79.0	97.0	102.0	0.03721339475182444	137.0	137
DLR00012733-2009-11-12_11-11-48	16	22	3145.0	2252.0	1254427.0524299985	113109.1757557255	102	57224.48930788599	0.00031046935581436247	119.0	132.0	129.0	77.0	94.0	100.0	0.039387195279747426	137.0	137
DLR00012733-2009-11-12_11-11-48	16	23	3278.0	2250.0	1241298.1753014855	116517.46406173705	102	54325.380456446219	0.0003203161463884604	120.0	132.0	128.0	76.0	91.0	97.0	0.033849179649086486	137.0	137
DLR00012733-2009-11-12_11-11-48	16	24	3416.0	2255.0	1413707.5806117696	107493.72427471809	102	44407.326477104056	0.00027671831027455639	114.0	125.0	123.0	78.0	91.0	95.0	0.035401894311888615	137.0	137
