101.0	99.0	85.0	110.0	111.0	101.0	1	0.051601883960457534	0.00024095336192124826	DLR00012733-2009-11-11_10-20-57	195357.96409281492	1	107	272.0	217.0	144709.66654586882	1454580.4999741213	137.0	137
104.0	98.0	82.0	112.0	112.0	100.0	2	0.0083846591791315143	0.00024495173957347341	DLR00012733-2009-11-11_10-20-57	131335.12372786136	1	107	409.0	212.0	95270.867907647873	1537069.4826872319	137.0	137
106.0	100.0	81.0	113.0	111.0	96.0	3	0.0045546296775529219	0.00022606674416906163	DLR00012733-2009-11-11_10-20-57	132159.42325144666	1	107	552.0	228.0	86022.892441353237	1633430.486517261	137.0	137
109.0	103.0	84.0	117.0	114.0	98.0	4	0.012266445836136846	0.00027018816925947155	DLR00012733-2009-11-11_10-20-57	219092.48146000758	1	107	683.0	212.0	164714.87124935066	2505633.814243569	137.0	137
110.0	103.0	83.0	117.0	113.0	95.0	5	0.0031571864810310026	0.00024385986497896646	DLR00012733-2009-11-11_10-20-57	179602.99507824384	1	107	831.0	224.0	102007.09091112611	1722855.479788831	137.0	137
111.0	104.0	83.0	115.0	111.0	92.0	6	0.0046063868329796597	0.00020089179549397269	DLR00012733-2009-11-11_10-20-57	175215.54663519847	1	107	956.0	229.0	94715.744653497735	1781068.4255473318	137.0	137
111.0	104.0	83.0	117.0	113.0	94.0	7	0.0025878577713368874	0.00023909250536968156	DLR00012733-2009-11-11_10-20-57	191171.48555539595	1	107	1098.0	217.0	112540.9182327351	1917063.7754257026	137.0	137
111.0	105.0	83.0	116.0	113.0	94.0	8	0.004244086744992495	0.00024018437996418848	DLR00012733-2009-11-11_10-20-57	209598.91282299385	1	107	1231.0	212.0	134728.4081854996	2225963.9599399618	137.0	137
110.0	104.0	83.0	116.0	113.0	94.0	9	0.0055380156306609387	0.00024018437996418848	DLR00012733-2009-11-11_10-20-57	205507.63536433422	1	107	1368.0	212.0	137541.98004847468	2276745.4658143991	137.0	137
109.0	104.0	82.0	113.0	109.0	90.0	10	0.0042958439004192328	0.00018108399827505449	DLR00012733-2009-11-11_10-20-57	194029.14677851382	1	107	1505.0	212.0	145341.47512464973	2919069.5864603282	137.0	137
109.0	104.0	82.0	116.0	114.0	95.0	11	0.0038817866570053311	0.00025556308046399624	DLR00012733-2009-11-11_10-20-57	204104.33731662351	1	107	1641.0	212.0	139296.109880428	2194751.9124268931	137.0	137
109.0	104.0	82.0	116.0	113.0	94.0	12	0.0051757155426737748	0.00022923477618349119	DLR00012733-2009-11-11_10-20-57	210905.38532658175	1	107	1775.0	224.0	149442.81858221247	2401345.9412038713	137.0	137
110.0	105.0	83.0	118.0	116.0	98.0	13	0.005123958387247037	0.00028648967157378575	DLR00012733-2009-11-11_10-20-57	271225.49010328826	1	107	1926.0	213.0	215983.64328699544	2784065.0952331661	137.0	137
109.0	104.0	82.0	116.0	114.0	95.0	14	0.0037265151907251177	0.00025447120586948935	DLR00012733-2009-11-11_10-20-57	235188.86065223764	1	107	2056.0	217.0	181489.93910472901	2654510.3265876509	137.0	137
110.0	104.0	82.0	117.0	114.0	96.0	15	0.0020702862170695097	0.00025915397042368724	DLR00012733-2009-11-11_10-20-57	238354.17431032454	1	107	2189.0	212.0	181006.48302319419	2576232.4931421774	137.0	137
110.0	104.0	82.0	115.0	111.0	92.0	16	0.0026913720821903626	0.00020925778885439898	DLR00012733-2009-11-11_10-20-57	188148.95980431532	1	107	2321.0	222.0	119684.90067174441	2188311.331194038	137.0	137
111.0	104.0	83.0	117.0	114.0	96.0	17	0.0028466435484705761	0.00025556308046399624	DLR00012733-2009-11-11_10-20-57	228366.31338600622	1	107	2463.0	212.0	163856.75296397571	2465999.4681952279	137.0	137
111.0	104.0	83.0	116.0	113.0	95.0	18	0.0047099011438331354	0.00024702789699339599	DLR00012733-2009-11-11_10-20-57	230556.00313636052	1	107	2600.0	212.0	169021.32759649699	2593077.0902127218	137.0	137
110.0	104.0	83.0	117.0	114.0	97.0	19	0.0033642151027379534	0.00026743536872902654	DLR00012733-2009-11-11_10-20-57	226173.10166068605	1	107	2737.0	212.0	162105.48866030542	2363693.3124579471	137.0	137
109.0	103.0	83.0	116.0	113.0	97.0	20	0.0033642151027379534	0.00025556308046399624	DLR00012733-2009-11-11_10-20-57	212022.13332871176	1	107	2874.0	212.0	152556.29129280752	2330747.2623052634	137.0	137
108.0	101.0	82.0	114.0	111.0	96.0	21	0.00077635733140106618	0.00022606674416906163	DLR00012733-2009-11-11_10-20-57	157572.7450763449	1	107	3013.0	217.0	104627.22349145098	1842501.6619222609	137.0	137
104.0	99.0	80.0	109.0	106.0	89.0	22	0.0011386574193882305	0.00014698943381592219	DLR00012733-2009-11-11_10-20-57	75060.780703756347	1	107	3144.0	225.0	42950.306101803137	1177635.5069613373	137.0	137
101.0	97.0	81.0	107.0	105.0	90.0	23	0.0	0.0001228449373895177	DLR00012733-2009-11-11_10-20-57	54593.29625698609	1	107	3285.0	217.0	36434.65904260485	973766.33947518247	137.0	137
99.0	96.0	83.0	107.0	108.0	97.0	24	0.017856218622224522	0.00018737395154573162	DLR00012733-2009-11-11_10-20-57	95701.79392115341	1	107	3422.0	212.0	68653.975005465632	1077311.0685264736	137.0	137
100.0	95.0	78.0	102.0	98.0	82.0	1	0.00036230008798716424	2.4128961262547293e-05	DLR00012733-2009-11-11_10-20-57	-15428.262713146843	2	107	272.0	349.0	9874.3852054943181	894993.07670410431	137.0	137
102.0	95.0	76.0	104.0	100.0	82.0	2	0.093525179856115109	4.0261273466687534e-05	DLR00012733-2009-11-11_10-20-57	160082.93503033661	2	107	411.0	352.0	164745.57158397386	4093484.8028052379	137.0	137
105.0	98.0	78.0	106.0	99.0	80.0	3	0.0091092593551058438	2.9050140729278838e-05	DLR00012733-2009-11-11_10-20-57	32985.678003704968	2	107	546.0	349.0	24056.496994624638	1290097.9638735056	137.0	137
107.0	100.0	80.0	108.0	101.0	82.0	4	0.0065731587391956942	5.9807541728894374e-05	DLR00012733-2009-11-11_10-20-57	69364.944059888367	2	107	694.0	349.0	31799.795644697024	1240307.3166502768	137.0	137
108.0	101.0	80.0	109.0	103.0	83.0	5	0.015320118006314373	8.596677322939899e-05	DLR00012733-2009-11-11_10-20-57	103231.27402970841	2	107	820.0	362.0	67670.17458429822	1934156.0871590497	137.0	137
108.0	102.0	81.0	110.0	104.0	84.0	6	0.0088504735779721538	9.3240891995318342e-05	DLR00012733-2009-11-11_10-20-57	109349.54336619227	2	107	958.0	358.0	60030.145825729589	1633925.9158428654	137.0	137
108.0	102.0	80.0	110.0	104.0	84.0	7	0.0077118161585839244	0.00010068420087141167	DLR00012733-2009-11-11_10-20-57	106211.1342857173	2	107	1096.0	350.0	47634.303284089256	1304217.6996532271	137.0	137
108.0	102.0	80.0	114.0	108.0	87.0	8	0.0	0.00015458650388437545	DLR00012733-2009-11-11_10-20-57	79867.876382034985	2	107	1231.0	349.0	1816.1292484291012	44340.924641581689	137.0	137
108.0	102.0	80.0	110.0	105.0	84.0	9	0.0068319445163293824	0.00010861959249512611	DLR00012733-2009-11-11_10-20-57	107519.6964252289	2	107	1368.0	350.0	49670.843710668029	1298024.8330831737	137.0	137
107.0	102.0	80.0	108.0	103.0	82.0	10	0.0052792298535272505	7.7693001385336605e-05	DLR00012733-2009-11-11_10-20-57	97350.053087871551	2	107	1505.0	349.0	58736.470127673536	2005497.9100460638	137.0	137
107.0	102.0	79.0	109.0	105.0	84.0	11	0.0067801873609026446	0.00010134547372920675	DLR00012733-2009-11-11_10-20-57	96959.317732674623	2	107	1644.0	353.0	52018.079002403283	1442690.1961596191	137.0	137
107.0	103.0	80.0	110.0	106.0	84.0	12	0.0083846591791315143	0.00011630894274502999	DLR00012733-2009-11-11_10-20-57	103837.1225092574	2	107	1778.0	349.0	44337.462238833046	1124624.5691216812	137.0	137
107.0	103.0	80.0	108.0	104.0	82.0	13	0.0071942446043165471	7.7862191495510578e-05	DLR00012733-2009-11-11_10-20-57	123221.97217808568	2	107	1918.0	353.0	97295.097363212612	3191803.430205476	137.0	137
107.0	102.0	80.0	110.0	106.0	85.0	14	0.0042958439004192328	0.00012049199809032988	DLR00012733-2009-11-11_10-20-57	92678.374849010797	2	107	2052.0	349.0	36201.146364419888	942554.29196211381	137.0	137
107.0	102.0	79.0	108.0	103.0	82.0	15	0.0081776305574245648	7.7693001385336605e-05	DLR00012733-2009-11-11_10-20-57	110632.53734849617	2	107	2188.0	353.0	82062.030978030132	2605958.2526784334	137.0	137
108.0	102.0	80.0	111.0	107.0	85.0	16	0.0013974431965219191	0.00013587069859013765	DLR00012733-2009-11-11_10-20-57	92611.830467578548	2	107	2326.0	349.0	27906.141291531403	694344.19983437716	137.0	137
108.0	102.0	80.0	112.0	108.0	86.0	17	0.0019667719062160345	0.00015032659727543896	DLR00012733-2009-11-11_10-20-57	91879.452023339894	2	107	2463.0	349.0	18022.347859096284	437959.52383417002	137.0	137
108.0	102.0	80.0	110.0	105.0	85.0	18	0.051601883960457534	0.00010861959249512611	DLR00012733-2009-11-11_10-20-57	213696.23621676036	2	107	2594.0	349.0	195109.06923214579	3513337.0625226432	137.0	137
108.0	101.0	80.0	111.0	105.0	84.0	19	0.0033124579473112156	0.00010861959249512611	DLR00012733-2009-11-11_10-20-57	94564.934436905125	2	107	2737.0	349.0	44042.470734260613	1178378.6509497438	137.0	137
107.0	101.0	80.0	110.0	104.0	84.0	20	0.045856839708089646	9.3240891995318342e-05	DLR00012733-2009-11-11_10-20-57	171925.36275615939	2	107	2874.0	349.0	151767.2943491581	2996851.9905801974	137.0	137
106.0	99.0	79.0	107.0	100.0	80.0	21	0.0047099011438331354	3.1726089996087277e-05	DLR00012733-2009-11-11_10-20-57	38660.430379114056	2	107	3011.0	349.0	15126.382069138283	732492.25790590548	137.0	137
103.0	96.0	76.0	106.0	100.0	81.0	22	0.010558459707054501	3.9169398872180609e-05	DLR00012733-2009-11-11_10-20-57	-2000.7986838332283	2	107	3148.0	349.0	22132.269637414694	1065668.4793747736	137.0	137
99.0	93.0	74.0	102.0	96.0	79.0	23	0.013508617566378552	-6.9667026272426911e-06	DLR00012733-2009-11-11_10-20-57	-43619.696770526389	2	107	3279.0	350.0	15649.023016947727	1441947.0521712126	137.0	137
97.0	92.0	76.0	100.0	96.0	80.0	24	0.00072460017597432847	-1.5563367108752207e-05	DLR00012733-2009-11-11_10-20-57	-64911.062158527413	2	107	3418.0	347.0	3930.66095265183	844954.71481807344	137.0	137
100.0	94.0	77.0	105.0	100.0	83.0	1	0.0030019150147507891	5.5593804543226597e-05	DLR00012733-2009-11-11_10-20-57	-20779.514829779633	3	107	272.0	486.0	11556.661014000712	584111.17488742829	137.0	137
103.0	96.0	77.0	105.0	100.0	81.0	2	0.0061073443403550538	4.0261273466687534e-05	DLR00012733-2009-11-11_10-20-57	-3693.9234265740411	3	107	409.0	486.0	13100.117263415686	631672.39014543744	137.0	137
105.0	98.0	79.0	107.0	101.0	82.0	3	0.01009264530821386	5.8054394276592369e-05	DLR00012733-2009-11-11_10-20-57	42215.869669441257	3	107	561.0	486.0	26920.528390455758	1005226.1016510533	137.0	137
107.0	100.0	80.0	109.0	103.0	83.0	4	0.0064696444283422186	8.8811795276207898e-05	DLR00012733-2009-11-11_10-20-57	71629.690722507847	3	107	691.0	490.0	33040.41718353035	992592.65384814446	137.0	137
108.0	101.0	80.0	111.0	106.0	86.0	5	0.0058485585632213656	0.00013051880005652078	DLR00012733-2009-11-11_10-20-57	80535.651844891443	3	107	820.0	486.0	25204.437295836156	628699.81419181207	137.0	137
108.0	102.0	80.0	109.0	104.0	83.0	6	0.0059003157186481034	8.596677322939899e-05	DLR00012733-2009-11-11_10-20-57	96955.361774416961	3	107	953.0	491.0	49572.949990232322	1605686.4442834223	137.0	137
108.0	102.0	80.0	109.0	104.0	83.0	7	0.0074012732260234975	8.8811795276207898e-05	DLR00012733-2009-11-11_10-20-57	95892.793595014897	3	107	1094.0	486.0	44330.137890631268	1391413.2609595775	137.0	137
108.0	102.0	80.0	112.0	107.0	85.0	8	0.00015527146628021324	0.00013587069859013765	DLR00012733-2009-11-11_10-20-57	81343.338278176016	3	107	1231.0	486.0	3003.6377829431135	81002.694736297286	137.0	137
108.0	103.0	81.0	111.0	108.0	87.0	9	0.003933543812432069	0.00015032659727543896	DLR00012733-2009-11-11_10-20-57	105606.74060923394	3	107	1368.0	486.0	37978.562515121164	859817.59458620159	137.0	137
107.0	102.0	80.0	109.0	105.0	84.0	10	0.068837016717561206	0.00010419049577601566	DLR00012733-2009-11-11_10-20-57	191018.18350710536	3	107	1504.0	488.0	169235.00028121422	3264383.8264065008	137.0	137
107.0	102.0	80.0	108.0	103.0	82.0	11	0.0060038300295015782	7.7862191495510578e-05	DLR00012733-2009-11-11_10-20-57	94640.127111618887	3	107	1642.0	486.0	52189.546512453569	1680248.5577868642	137.0	137
107.0	102.0	79.0	109.0	106.0	86.0	12	0.074012732260234984	0.00012049199809032988	DLR00012733-2009-11-11_10-20-57	260288.15060043134	3	107	1778.0	487.0	243445.20605549531	3608954.9223642666	137.0	137
107.0	102.0	79.0	109.0	105.0	84.0	13	0.0094198022876662707	0.00010861959249512611	DLR00012733-2009-11-11_10-20-57	105296.40918938667	3	107	1920.0	491.0	51521.162041387332	1293318.2544899331	137.0	137
107.0	102.0	79.0	107.0	103.0	80.0	14	0.0	6.231430088552884e-05	DLR00012733-2009-11-11_10-20-57	69002.089789178382	3	107	2052.0	486.0	3954.5904061200672	183804.27979918223	137.0	137
107.0	102.0	80.0	112.0	108.0	87.0	15	0.00025878577713368871	0.00015158766198011985	DLR00012733-2009-11-11_10-20-57	67512.67415475499	3	107	2199.0	492.0	3889.8847094676735	91902.139899591115	137.0	137
107.0	102.0	80.0	109.0	105.0	84.0	16	0.0041405724341390194	0.00010419049577601566	DLR00012733-2009-11-11_10-20-57	94685.173037211585	3	107	2326.0	486.0	41165.676517157808	1150386.8940531029	137.0	137
107.0	102.0	80.0	110.0	105.0	84.0	17	0.0026396149267636252	0.00010511329759052211	DLR00012733-2009-11-11_10-20-57	101974.53133771475	3	107	2463.0	486.0	53521.815477018463	1442442.4814968167	137.0	137
108.0	101.0	80.0	109.0	104.0	83.0	18	0.0035194865690181668	9.3240891995318342e-05	DLR00012733-2009-11-11_10-20-57	89543.337536189458	3	107	2602.0	489.0	40679.514655699058	1191755.242741059	137.0	137
108.0	101.0	79.0	109.0	102.0	81.0	19	0.0049169297655400858	6.2975573743323914e-05	DLR00012733-2009-11-11_10-20-57	96204.1485620397	3	107	2737.0	486.0	69609.847985470609	2583663.9330262411	137.0	137
107.0	100.0	79.0	110.0	104.0	83.0	20	0.0082811448682780387	9.3240891995318342e-05	DLR00012733-2009-11-11_10-20-57	77724.822025896938	3	107	2874.0	486.0	43646.700252245733	1273253.3668029602	137.0	137
106.0	99.0	78.0	107.0	100.0	79.0	21	0.00010351431085347549	3.2218172743708385e-05	DLR00012733-2009-11-11_10-20-57	21853.029336435058	3	107	3011.0	486.0	4404.8541324632351	322276.77630557423	137.0	137
103.0	95.0	76.0	105.0	99.0	80.0	22	0.071838931732311997	2.4451971230167922e-05	DLR00012733-2009-11-11_10-20-57	117660.48924172189	3	107	3142.0	486.0	124434.47743786337	3806631.2232803688	137.0	137
99.0	92.0	73.0	100.0	93.0	74.0	23	0.0056415299415144143	-6.3222062269567756e-05	DLR00012733-2009-11-11_10-20-57	-67684.335272750133	3	107	3285.0	486.0	-17443.044138446337	2258166.8661042387	137.0	137
96.0	91.0	73.0	97.0	92.0	74.0	24	0.0050204440763935614	-8.0353910221677525e-05	DLR00012733-2009-11-11_10-20-57	-103914.10664727859	3	107	3422.0	486.0	-7811.9038485996643	876909.90631954873	137.0	137
102.0	95.0	77.0	104.0	98.0	80.0	1	0.00015527146628021324	1.3010167371675993e-05	DLR00012733-2009-11-11_10-20-57	-18712.213288891337	4	107	272.0	623.0	4829.2361924760362	411454.05491434195	137.0	137
103.0	96.0	77.0	106.0	100.0	81.0	2	0.0087469592671186799	4.2675693776784605e-05	DLR00012733-2009-11-11_10-20-57	7482.7753823020284	4	107	411.0	617.0	18725.495411528645	888304.78080844681	137.0	137
106.0	98.0	78.0	108.0	101.0	82.0	3	0.0044511153666994463	5.9807541728894374e-05	DLR00012733-2009-11-11_10-20-57	34606.192834103982	4	107	546.0	623.0	19293.499487943387	764447.44940738054	137.0	137
107.0	100.0	80.0	109.0	103.0	83.0	4	0.012473474457843798	8.596677322939899e-05	DLR00012733-2009-11-11_10-20-57	82694.803663801416	4	107	692.0	620.0	47777.547309643123	1374073.2345634284	137.0	137
108.0	101.0	80.0	109.0	103.0	82.0	5	0.0036747580352983799	7.7862191495510578e-05	DLR00012733-2009-11-11_10-20-57	81172.490775145736	4	107	821.0	623.0	34168.100828919989	1120908.8491796493	137.0	137
108.0	102.0	80.0	111.0	105.0	84.0	6	0.0064696444283422186	0.00011655498411884055	DLR00012733-2009-11-11_10-20-57	93096.018042845812	4	107	957.0	623.0	35597.065110825555	927443.69753118372	137.0	137
108.0	102.0	80.0	110.0	104.0	83.0	7	0.0058485585632213656	9.3240891995318342e-05	DLR00012733-2009-11-11_10-20-57	97859.73769291889	4	107	1094.0	623.0	42759.225447196935	1239316.4579990685	137.0	137
107.0	102.0	80.0	108.0	102.0	81.0	8	0.0062626158066352673	6.231430088552884e-05	DLR00012733-2009-11-11_10-20-57	81083.567068002769	4	107	1231.0	623.0	25106.465405564348	1111495.6919931681	137.0	137
107.0	102.0	81.0	109.0	105.0	84.0	9	0.0040888152787122824	0.00010620517218502903	DLR00012733-2009-11-11_10-20-57	107055.06665430484	4	107	1371.0	620.0	47720.523949660841	1254674.7670928007	137.0	137
107.0	102.0	81.0	109.0	105.0	84.0	10	0.0058485585632213656	0.00010511329759052211	DLR00012733-2009-11-11_10-20-57	99224.562139058893	4	107	1499.0	633.0	42615.59019324676	1116449.9852492106	137.0	137
107.0	102.0	80.0	109.0	105.0	84.0	11	0.053827441643807254	0.00010419049577601566	DLR00012733-2009-11-11_10-20-57	196854.68894682615	4	107	1640.0	618.0	173833.31778540477	3156627.9480875731	137.0	137
107.0	102.0	80.0	110.0	106.0	85.0	12	0.0056932870969411522	0.00011956919627582343	DLR00012733-2009-11-11_10-20-57	105029.76965036371	4	107	1773.0	629.0	47533.960628535191	1186800.9494850163	137.0	137
107.0	102.0	79.0	109.0	104.0	83.0	13	0.017338647067957146	8.9734597090714347e-05	DLR00012733-2009-11-11_10-20-57	139465.5122096554	4	107	1915.0	623.0	110447.46085057898	2739476.455928782	137.0	137
107.0	102.0	80.0	110.0	105.0	85.0	14	0.0072977589151700219	0.00010861959249512611	DLR00012733-2009-11-11_10-20-57	101855.53466957925	4	107	2052.0	623.0	49383.349137359502	1255665.6257440089	137.0	137
107.0	102.0	80.0	108.0	103.0	81.0	15	0.0	7.3433094776400134e-05	DLR00012733-2009-11-11_10-20-57	68776.899575162941	4	107	2189.0	623.0	4631.9806729845232	194951.4396252782	137.0	137
107.0	102.0	80.0	110.0	106.0	85.0	16	0.0068319445163293824	0.00011956919627582343	DLR00012733-2009-11-11_10-20-57	95458.858307025555	4	107	2326.0	623.0	44629.797091842069	1153111.7553439261	137.0	137
107.0	101.0	80.0	114.0	110.0	89.0	17	0.0	0.00018200680008956095	DLR00012733-2009-11-11_10-20-57	63594.630603253681	4	107	2464.0	625.0	294.76658908974935	6192.8665700533102	137.0	137
108.0	101.0	80.0	111.0	106.0	85.0	18	0.0079188447802908749	0.00012399829299493387	DLR00012733-2009-11-11_10-20-57	102657.30775070508	4	107	2600.0	623.0	56293.597797127877	1355494.6348532683	137.0	137
108.0	101.0	79.0	111.0	105.0	84.0	19	0.0035194865690181668	0.00010845040238495213	DLR00012733-2009-11-11_10-20-57	85023.421978216007	4	107	2737.0	623.0	42365.456462090486	1191755.242741059	137.0	137
107.0	100.0	78.0	109.0	103.0	82.0	20	0.0087987164225454169	8.5797583119225017e-05	DLR00012733-2009-11-11_10-20-57	78599.163937846213	4	107	2874.0	623.0	47885.868400072235	1455075.9292997257	137.0	137
106.0	99.0	77.0	111.0	105.0	85.0	21	0.0034159722581646912	0.00011672417422901452	DLR00012733-2009-11-11_10-20-57	45065.378193729688	4	107	3008.0	618.0	27461.897274578168	795659.49692044919	137.0	137
104.0	96.0	76.0	106.0	100.0	80.0	22	0.0080223590911443505	3.1726089996087277e-05	DLR00012733-2009-11-11_10-20-57	5398.9378817933493	4	107	3148.0	623.0	26014.388579342263	1313383.1421769061	137.0	137
100.0	92.0	73.0	101.0	94.0	75.0	23	0.01423321774235288	-4.8935236364266909e-05	DLR00012733-2009-11-11_10-20-57	-43212.023815867753	4	107	3282.0	626.0	-185.44760050681981	2508854.1048599971	137.0	137
97.0	90.0	72.0	100.0	94.0	77.0	24	0.0024843434604834118	-3.8646905441364662e-05	DLR00012733-2009-11-11_10-20-57	-102864.91491558979	4	107	3415.0	626.0	-712.32781141739508	725803.96201024798	137.0	137
102.0	96.0	77.0	104.0	98.0	80.0	1	0.0045546296775529219	1.3671440229471073e-05	DLR00012733-2009-11-11_10-20-57	7973.4625829419783	5	107	272.0	760.0	19611.412092462058	1297777.1184203716	137.0	137
104.0	96.0	77.0	105.0	99.0	80.0	2	0.073702189327674555	2.8388867871483761e-05	DLR00012733-2009-11-11_10-20-57	106043.8017168009	5	107	409.0	765.0	110397.2980524157	3519529.9290926973	137.0	137
106.0	99.0	79.0	110.0	104.0	85.0	3	0.0058485585632213656	0.00010419049577601566	DLR00012733-2009-11-11_10-20-57	45558.595157654905	5	107	556.0	762.0	20434.790882976245	590799.47078308591	137.0	137
108.0	100.0	79.0	109.0	101.0	81.0	4	0.0096268309093732202	5.5209372229783454e-05	DLR00012733-2009-11-11_10-20-57	72035.1733422369	5	107	692.0	765.0	43691.370391097058	1981965.0170798611	137.0	137
108.0	101.0	80.0	112.0	106.0	85.0	5	0.0042958439004192328	0.00012399829299493387	DLR00012733-2009-11-11_10-20-57	77033.482009957006	5	107	825.0	769.0	19001.997685402406	468180.71269603021	137.0	137
108.0	102.0	80.0	110.0	105.0	84.0	6	0.0043476010558459706	0.00010134547372920675	DLR00012733-2009-11-11_10-20-57	86786.679587465958	5	107	956.0	766.0	30676.643159824001	868735.3224470783	137.0	137
108.0	102.0	80.0	109.0	104.0	83.0	7	0.0050722012318202992	8.8811795276207898e-05	DLR00012733-2009-11-11_10-20-57	101746.59486533351	5	107	1096.0	769.0	58766.60126179998	1798656.1666062835	137.0	137
107.0	102.0	80.0	109.0	104.0	83.0	8	0.0083329020237047774	9.3240891995318342e-05	DLR00012733-2009-11-11_10-20-57	105266.80657953913	5	107	1231.0	760.0	57984.026733736362	1684211.9923916981	137.0	137
107.0	102.0	81.0	109.0	104.0	84.0	9	0.0047099011438331354	9.3240891995318342e-05	DLR00012733-2009-11-11_10-20-57	106595.27105080873	5	107	1371.0	761.0	58004.063173693197	1657458.8088090678	137.0	137
107.0	102.0	81.0	108.0	104.0	83.0	10	0.0026913720821903626	8.9734597090714347e-05	DLR00012733-2009-11-11_10-20-57	89735.644377568125	5	107	1508.0	768.0	34009.97448887246	1054025.8902230733	137.0	137
107.0	101.0	80.0	109.0	105.0	84.0	11	0.011231302727602092	0.00010511329759052211	DLR00012733-2009-11-11_10-20-57	95297.983689049695	5	107	1647.0	768.0	44860.947135562616	1176892.362972931	137.0	137
107.0	101.0	80.0	107.0	101.0	80.0	12	0.0026913720821903626	4.7104790495895042e-05	DLR00012733-2009-11-11_10-20-57	66300.380064708283	5	107	1779.0	760.0	11167.767816789939	611855.21712126688	137.0	137
107.0	101.0	80.0	110.0	106.0	85.0	13	0.01035143108534755	0.00011956919627582343	DLR00012733-2009-11-11_10-20-57	94194.047532420183	5	107	1915.0	760.0	46472.863683870768	1147662.0327622793	137.0	137
107.0	101.0	80.0	109.0	104.0	83.0	14	0.0056932870969411522	8.9734597090714347e-05	DLR00012733-2009-11-11_10-20-57	79814.776588940076	5	107	2061.0	770.0	29894.05131609552	881864.19957559125	137.0	137
107.0	101.0	80.0	108.0	103.0	82.0	15	0.0090057450442523682	7.7693001385336605e-05	DLR00012733-2009-11-11_10-20-57	84196.827381469688	5	107	2189.0	760.0	40274.041521342828	1338154.6084571194	137.0	137
107.0	101.0	80.0	109.0	105.0	85.0	16	0.010920759795041665	0.00010511329759052211	DLR00012733-2009-11-11_10-20-57	90076.419729780406	5	107	2326.0	760.0	44317.819316958849	1162277.1978676051	137.0	137
107.0	101.0	79.0	109.0	104.0	84.0	17	0.0064696444283422186	9.3240891995318342e-05	DLR00012733-2009-11-11_10-20-57	89413.25954538169	5	107	2458.0	758.0	48260.925248737076	1372339.2319238135	137.0	137
107.0	101.0	79.0	110.0	105.0	83.0	18	0.0033642151027379534	0.00010117628361903278	DLR00012733-2009-11-11_10-20-57	78475.762453435134	5	107	2593.0	763.0	35814.768914860135	1059227.8981419182	137.0	137
108.0	101.0	78.0	110.0	103.0	81.0	19	0.00072460017597432847	7.4847979338527683e-05	DLR00012733-2009-11-11_10-20-57	57138.342534092866	5	107	2740.0	760.0	9375.9833421608291	333423.9361316702	137.0	137
108.0	100.0	78.0	113.0	107.0	86.0	20	0.00082811448682780389	0.00013937699349474164	DLR00012733-2009-11-11_10-20-57	55727.4468142068	5	107	2874.0	760.0	15814.935642561464	415417.48951917607	137.0	137
106.0	98.0	77.0	108.0	101.0	80.0	21	0.0074012732260234975	4.3336966634579685e-05	DLR00012733-2009-11-11_10-20-57	51884.853869766383	5	107	3011.0	760.0	44713.070604504566	2015901.9258837535	137.0	137
104.0	96.0	75.0	107.0	100.0	81.0	22	0.0061591014957817916	4.3336966634579685e-05	DLR00012733-2009-11-11_10-20-57	2373.0168984934962	5	107	3145.0	759.0	23297.707323497885	1067897.9113399927	137.0	137
100.0	93.0	73.0	106.0	100.0	82.0	23	0.006935458827182858	5.3625297557481932e-05	DLR00012733-2009-11-11_10-20-57	-47158.16267904111	5	107	3288.0	763.0	17531.225260992833	944536.00926453096	137.0	137
97.0	91.0	72.0	101.0	96.0	78.0	24	0.0023290719942031988	-1.7578043517765566e-05	DLR00012733-2009-11-11_10-20-57	-96174.282783727249	5	107	3411.0	761.0	2466.6372377035464	818201.53123544343	137.0	137
103.0	96.0	77.0	106.0	100.0	82.0	1	0.0040370581232855446	4.3552326168022352e-05	DLR00012733-2009-11-11_10-20-57	5685.0014934408728	6	107	272.0	897.0	16195.125740973939	855111.01599296113	137.0	137
105.0	96.0	76.0	105.0	98.0	78.0	2	0.0048134154546866101	-1.7072602703366939e-06	DLR00012733-2009-11-11_10-20-57	14202.025212583243	6	107	411.0	898.0	20493.696230823323	2909408.7146110446	137.0	137
106.0	99.0	78.0	108.0	102.0	82.0	3	0.0099373738419336471	6.2483490995702813e-05	DLR00012733-2009-11-11_10-20-57	50294.882255156379	6	107	557.0	903.0	29812.838495737167	1012162.112209513	137.0	137
108.0	100.0	79.0	110.0	105.0	84.0	4	0.0	0.00010419049577601566	DLR00012733-2009-11-11_10-20-57	47350.373805543306	6	107	683.0	897.0	591.926392875842	20064.887686972725	137.0	137
108.0	101.0	79.0	110.0	103.0	81.0	5	0.00015527146628021324	7.0588072729591212e-05	DLR00012733-2009-11-11_10-20-57	62001.681931150713	6	107	823.0	895.0	4214.5841205356337	157051.09621655196	137.0	137
108.0	101.0	79.0	110.0	104.0	83.0	6	0.010196159619067335	9.3240891995318342e-05	DLR00012733-2009-11-11_10-20-57	93049.605265545571	6	107	956.0	895.0	44057.482319017909	1196461.8213342994	137.0	137
108.0	101.0	79.0	109.0	103.0	82.0	7	0.0081776305574245648	7.7862191495510578e-05	DLR00012733-2009-11-11_10-20-57	88713.054622496944	6	107	1096.0	893.0	43897.169534436776	1370605.2292841985	137.0	137
107.0	102.0	80.0	109.0	105.0	84.0	8	0.0054345013198074631	0.00010419049577601566	DLR00012733-2009-11-11_10-20-57	90005.044271483668	6	107	1237.0	896.0	39845.16949641196	1089449.0870037782	137.0	137
107.0	102.0	80.0	110.0	105.0	85.0	9	0.0027948863930438383	0.00011956919627582343	DLR00012733-2009-11-11_10-20-57	83719.452512321659	6	107	1373.0	897.0	23743.835848150895	635388.11008746957	137.0	137
107.0	101.0	80.0	108.0	104.0	84.0	10	0.0056415299415144143	9.0826471685221264e-05	DLR00012733-2009-11-11_10-20-57	95507.997502311948	6	107	1505.0	897.0	50309.09791572344	1496196.5633248796	137.0	137
106.0	101.0	80.0	108.0	104.0	84.0	11	0.0061591014957817916	9.3071701885144369e-05	DLR00012733-2009-11-11_10-20-57	84117.329033087313	6	107	1642.0	897.0	38096.008099021885	1093412.5216086125	137.0	137
106.0	101.0	80.0	108.0	104.0	84.0	12	0.0025361006159101496	0.00010068420087141167	DLR00012733-2009-11-11_10-20-57	82202.51652960846	6	107	1779.0	897.0	38697.149420734298	1138001.1609129962	137.0	137
106.0	101.0	80.0	108.0	103.0	83.0	13	0.0049686869209668236	8.5305500371603903e-05	DLR00012733-2009-11-11_10-20-57	78537.180242329079	6	107	1907.0	891.0	35987.844892446745	1101339.3908182806	137.0	137
106.0	101.0	80.0	107.0	102.0	81.0	14	0.00056932870969411524	5.8054394276592369e-05	DLR00012733-2009-11-11_10-20-57	57079.093853812672	6	107	2049.0	899.0	7930.9826567166665	386682.58863412868	137.0	137
106.0	100.5	79.0	108.0	103.0	82.0	15	0.008436416334558253	7.4355896590906582e-05	DLR00012733-2009-11-11_10-20-57	81843.336042043971	6	107	2189.0	899.0	49184.002299167085	1623769.6146679779	137.0	137
106.0	100.0	79.0	107.0	102.0	82.0	16	0.0068319445163293824	6.9926799871796138e-05	DLR00012733-2009-11-11_10-20-57	82197.874503324696	6	107	2326.0	897.0	53927.932666408626	1868511.7015164846	137.0	137
106.0	100.0	79.0	109.0	104.0	83.0	17	0.00574504425236789	8.9565406980540374e-05	DLR00012733-2009-11-11_10-20-57	70884.906534286682	6	107	2463.0	897.0	32887.281820706914	1003987.5283370427	137.0	137
107.0	100.0	78.0	109.0	104.0	83.0	18	0.011334817038455566	9.3240891995318342e-05	DLR00012733-2009-11-11_10-20-57	88391.230412589022	6	107	2600.0	897.0	57307.494216434658	1558868.3730138191	137.0	137
107.0	100.0	78.0	108.0	101.0	80.0	19	0.00020702862170695097	4.6935600385721076e-05	DLR00012733-2009-11-11_10-20-57	43705.296376530787	6	107	2737.0	897.0	3731.5452993198519	185290.56777599503	137.0	137
107.0	99.0	77.0	109.0	103.0	83.0	20	0.063247243931473532	8.5797583119225017e-05	DLR00012733-2009-11-11_10-20-57	228872.84153265273	6	107	2870.0	893.0	222169.09141598872	3675837.8813208425	137.0	137
106.0	98.0	77.0	110.0	103.0	83.0	21	0.0050204440763935614	8.596677322939899e-05	DLR00012733-2009-11-11_10-20-57	43987.704081385353	6	107	3011.0	897.0	36457.264273560686	1198443.5386367163	137.0	137
104.0	96.0	75.0	108.0	102.0	81.0	22	0.0027431292376171004	5.9807541728894374e-05	DLR00012733-2009-11-11_10-20-57	-3484.3116237242707	6	107	3143.0	893.0	16965.487208619008	786494.05439677031	137.0	137
100.0	92.0	72.0	101.0	93.0	73.0	23	0.00031054293256042647	-6.4483009644075156e-05	DLR00012733-2009-11-11_10-20-57	-91054.723018955017	6	107	3289.0	905.0	-2154.6271209052875	252421.24139537287	137.0	137
97.0	91.0	71.0	102.0	97.0	79.0	24	0.0016562289736556078	-2.3685331281317731e-06	DLR00012733-2009-11-11_10-20-57	-105104.28637740227	6	107	3415.0	898.0	2461.8617664786311	594515.19072511781	137.0	137
103.0	96.0	76.0	106.0	100.0	82.0	1	0.0028466435484705761	4.7104790495895042e-05	DLR00012733-2009-11-11_10-20-57	9021.5833862253185	7	107	272.0	1034.0	16728.877443218149	814981.24061901553	137.0	137
105.0	97.0	77.0	107.0	101.0	81.0	2	0.005123958387247037	4.7104790495895042e-05	DLR00012733-2009-11-11_10-20-57	10180.759021213731	7	107	409.0	1034.0	18546.007177243155	815724.38460742205	137.0	137
106.0	99.0	78.0	108.0	101.0	80.0	3	0.0097303452202266959	4.6935600385721076e-05	DLR00012733-2009-11-11_10-20-57	50313.186343165878	7	107	554.0	1037.0	36533.737365330991	1527904.0401635526	137.0	137
108.0	100.0	79.0	111.0	104.0	84.0	4	0.01583768956058175	0.00010134547372920675	DLR00012733-2009-11-11_10-20-57	82617.568267472234	7	107	685.0	1037.0	47735.050983482455	1220490.1436261062	137.0	137
108.0	101.0	79.0	109.0	102.0	80.0	5	0.0097303452202266959	5.8546594354386967e-05	DLR00012733-2009-11-11_10-20-57	86874.387287595993	7	107	826.0	1034.0	64488.063563704527	2788276.2445008024	137.0	137
108.0	101.0	79.0	111.0	105.0	84.0	6	0.0069872159826095959	0.00010861959249512611	DLR00012733-2009-11-11_10-20-57	77670.227934262686	7	107	957.0	1034.0	27679.337707257026	746859.70834842918	137.0	137
107.0	101.0	79.0	113.0	108.0	88.0	7	0.0039853009678588068	0.00016286027572843783	DLR00012733-2009-11-11_10-20-57	71318.273669991613	7	107	1101.0	1035.0	13277.147204106916	293046.4460949226	137.0	137
107.0	101.0	80.0	108.0	103.0	82.0	8	0.0087469592671186799	7.7862191495510578e-05	DLR00012733-2009-11-11_10-20-57	88884.664760965534	7	107	1231.0	1034.0	52117.821444486617	1686193.7096941152	137.0	137
107.0	101.0	80.0	108.0	103.0	82.0	9	0.0040370581232855446	7.4355896590906582e-05	DLR00012733-2009-11-11_10-20-57	79563.961824198486	7	107	1378.0	1041.0	38785.218425313724	1304960.8436416334	137.0	137
106.0	101.0	80.0	109.0	105.0	85.0	10	0.0038817866570053311	0.00010511329759052211	DLR00012733-2009-11-11_10-20-57	75638.512719431732	7	107	1505.0	1034.0	24469.385594382566	672793.0241705915	137.0	137
106.0	101.0	80.0	108.0	104.0	83.0	11	0.0	9.3240891995318342e-05	DLR00012733-2009-11-11_10-20-57	59391.770515803422	7	107	1641.0	1046.0	1340.0139576405675	46818.071269603031	137.0	137
106.0	100.0	80.0	107.0	103.0	82.0	12	0.0036747580352983799	7.3433094776400134e-05	DLR00012733-2009-11-11_10-20-57	72517.425957980813	7	107	1777.0	1028.0	35230.49965691004	1199434.397287925	137.0	137
106.0	100.0	80.0	108.0	104.0	84.0	13	0.0013456860410951813	9.0826471685221264e-05	DLR00012733-2009-11-11_10-20-57	67263.548305112272	7	107	1925.0	1026.0	24254.104517857548	756025.15087210806	137.0	137
105.0	100.0	79.0	107.0	103.0	83.0	14	0.0045546296775529219	7.5186242228702138e-05	DLR00012733-2009-11-11_10-20-57	63381.258014562489	7	107	2063.0	1041.0	30935.832355035989	1058980.1834791161	137.0	137
105.0	100.0	79.0	108.0	104.0	84.0	15	0.0065731587391956942	8.9903669870714816e-05	DLR00012733-2009-11-11_10-20-57	73033.641234852272	7	107	2189.0	1034.0	45470.11046031813	1341127.1844107448	137.0	137
105.0	100.0	79.0	107.0	102.0	81.0	16	0.020185290616427719	5.5209372229783454e-05	DLR00012733-2009-11-11_10-20-57	86704.311335945968	7	107	2323.0	1034.0	67712.628218524667	2257423.7221158324	137.0	137
106.0	100.0	78.0	108.0	103.0	83.0	17	0.067025516277625388	7.7862191495510578e-05	DLR00012733-2009-11-11_10-20-57	232987.52151586371	7	107	2468.0	1032.0	224397.56860571945	3597560.0478753685	137.0	137
106.0	100.0	77.0	108.0	102.0	81.0	18	0.031468350499456552	6.2483490995702813e-05	DLR00012733-2009-11-11_10-20-57	136649.9792571936	7	107	2601.0	1036.0	127376.46002757715	3252493.5225919983	137.0	137
107.0	100.0	77.0	110.0	104.0	83.0	19	0.0077118161585839244	9.3240891995318342e-05	DLR00012733-2009-11-11_10-20-57	69160.650108761722	7	107	2737.0	1034.0	46015.757517321246	1292575.1105015269	137.0	137
107.0	99.0	76.0	108.0	101.0	80.0	20	0.0067801873609026446	4.7104790495895042e-05	DLR00012733-2009-11-11_10-20-57	49701.198455641759	7	107	2869.0	1036.0	37110.921098439569	1556638.9410485998	137.0	137
106.0	98.0	76.0	108.0	101.0	80.0	21	0.0049686869209668236	5.5040182119609481e-05	DLR00012733-2009-11-11_10-20-57	33696.230859299321	7	107	3011.0	1034.0	33887.416792348107	1383486.3917499096	137.0	137
104.0	95.0	74.0	105.0	97.0	76.0	22	0.0024843434604834118	-1.817783536465138e-05	DLR00012733-2009-11-11_10-20-57	-10286.750691097906	7	107	3145.0	1031.0	8405.1860557812324	2674575.2142746234	137.0	137
100.0	93.0	72.0	105.0	99.0	80.0	23	0.00015527146628021324	2.729699327697684e-05	DLR00012733-2009-11-11_10-20-57	-83566.599118287544	7	107	3285.0	1034.0	2587.3699734099346	283633.28890844161	137.0	137
96.0	90.0	71.0	99.0	94.0	75.0	24	0.0034159722581646912	-5.3102804126665991e-05	DLR00012733-2009-11-11_10-20-57	-108143.62832883401	7	107	3410.0	1030.0	-3879.1904341581512	1009189.5362558874	137.0	137
103.0	96.0	76.0	105.0	99.0	80.0	1	0.0034159722581646912	2.4451971230167922e-05	DLR00012733-2009-11-11_10-20-57	5900.6233823438952	8	107	272.0	1171.0	15793.969278581491	1043374.1597225815	137.0	137
104.0	97.0	76.0	107.0	101.0	81.0	2	0.010454945396201025	5.5209372229783454e-05	DLR00012733-2009-11-11_10-20-57	12776.767347944242	8	107	409.0	1171.0	23217.150359903499	929920.84415920486	137.0	137
106.0	98.0	78.0	109.0	103.0	83.0	3	0.0067801873609026446	8.6135963339572949e-05	DLR00012733-2009-11-11_10-20-57	35371.896571905352	8	107	546.0	1167.0	19996.249073277937	683940.18399668753	137.0	137
107.0	99.0	78.0	108.0	101.0	80.0	4	0.012576988768697273	4.3336966634579685e-05	DLR00012733-2009-11-11_10-20-57	61287.640244474649	8	107	681.0	1173.0	42144.118872280036	2071390.0103514311	137.0	137
108.0	100.0	78.0	110.0	104.0	83.0	5	0.0049686869209668236	0.00010022279996415845	DLR00012733-2009-11-11_10-20-57	60477.380550262533	8	107	820.0	1171.0	17639.719979760805	509301.34672118421	137.0	137
107.0	101.0	79.0	111.0	105.0	85.0	6	0.0059003157186481034	0.00011672417422901452	DLR00012733-2009-11-11_10-20-57	72801.382487214607	8	107	957.0	1171.0	29460.505535859316	771878.88929144444	137.0	137
107.0	101.0	79.0	110.0	104.0	84.0	7	0.0062626158066352673	0.00010068420087141167	DLR00012733-2009-11-11_10-20-57	73310.098975117871	8	107	1093.0	1172.0	32196.117251118405	913323.96175146219	137.0	137
106.0	100.0	79.0	108.0	103.0	82.0	8	0.058433828476786916	7.7693001385336605e-05	DLR00012733-2009-11-11_10-20-57	174531.56420579355	8	107	1231.0	1171.0	162639.9938519159	3521759.3610579162	137.0	137
106.0	101.0	80.0	110.0	105.0	85.0	9	0.00087987164225454171	0.00011956919627582343	DLR00012733-2009-11-11_10-20-57	66506.749058666552	8	107	1371.0	1166.0	22712.982453528577	643562.69395993999	137.0	137
106.0	100.0	80.0	110.5	106.0	85.5	10	0.0	0.00012391369793984688	DLR00012733-2009-11-11_10-20-57	49345.796281934345	8	107	1505.0	1171.0	746.63043072122582	22789.748977796178	137.0	137
106.0	100.0	80.0	108.0	104.0	84.0	11	0.0	9.3071701885144369e-05	DLR00012733-2009-11-11_10-20-57	53254.808992138787	8	107	1636.0	1171.0	6840.5123543954096	227649.77511515966	137.0	137
105.0	100.0	80.0	109.0	105.0	86.0	12	0.0012939288856684437	0.00011956919627582343	DLR00012733-2009-11-11_10-20-57	67146.913153545975	8	107	1775.0	1167.0	26474.075721569952	777576.3265358936	137.0	137
105.0	100.0	79.0	105.0	100.0	79.0	13	0.0	3.1726089996087277e-05	DLR00012733-2009-11-11_10-20-57	36821.76620889076	8	107	1916.0	1171.0	1420.8118296803736	148133.36835567516	137.0	137
105.0	100.0	79.0	107.0	103.0	83.0	14	0.0014492003519486569	8.5305500371603903e-05	DLR00012733-2009-11-11_10-20-57	58455.399387376223	8	107	2052.0	1171.0	31260.206247675225	1073843.0632472439	137.0	137
105.0	99.0	79.0	107.0	103.0	83.0	15	0.0026396149267636252	7.7862191495510578e-05	DLR00012733-2009-11-11_10-20-57	49778.166773927645	8	107	2189.0	1171.0	23480.371982289958	783769.19310594688	137.0	137
105.0	99.0	78.0	107.0	102.0	82.0	16	0.0039853009678588068	6.2483490995702813e-05	DLR00012733-2009-11-11_10-20-57	54587.3889970171	8	107	2326.0	1171.0	34443.046849821148	1247986.4711971427	137.0	137
105.0	99.0	78.0	107.0	102.0	82.0	17	0.0058485585632213656	6.9926799871796138e-05	DLR00012733-2009-11-11_10-20-57	54307.464496887806	8	107	2463.0	1177.0	37255.645149246571	1301740.5530252059	137.0	137
105.0	99.0	77.0	108.0	103.0	82.0	18	0.0020702862170695097	7.4355896590906582e-05	DLR00012733-2009-11-11_10-20-57	42386.436879860878	8	107	2600.0	1171.0	23403.881992417701	871212.46907509957	137.0	137
106.0	99.0	77.0	107.0	100.0	78.0	19	0.0021738005279229853	2.4451971230167922e-05	DLR00012733-2009-11-11_10-20-57	29549.069847378039	8	107	2738.0	1164.0	19114.182918121693	1473654.5290098856	137.0	137
106.0	99.0	76.0	112.0	107.0	86.0	20	0.001811500439935821	0.00013494789677563119	DLR00012733-2009-11-11_10-20-57	23155.996963210175	8	107	2874.0	1171.0	10100.50543533915	276449.56368717976	137.0	137
105.0	97.0	75.0	109.0	103.0	82.0	21	0.0040370581232855446	7.4094367634195207e-05	DLR00012733-2009-11-11_10-20-57	19016.397907816248	8	107	3011.0	1171.0	23558.978099907741	886323.06350602966	137.0	137
103.0	95.0	74.0	107.0	100.0	80.0	22	0.0028466435484705761	3.9830671729975683e-05	DLR00012733-2009-11-11_10-20-57	-17500.033838737334	8	107	3145.0	1171.0	17379.858490506904	947013.15589255211	137.0	137
100.0	92.0	71.0	101.0	94.0	73.0	23	0.0013974431965219191	-6.3222062269567756e-05	DLR00012733-2009-11-11_10-20-57	-65010.011816514307	8	107	3281.0	1168.0	-21610.3378342004	2723127.2881838423	137.0	137
96.0	90.0	71.0	99.0	94.0	76.0	24	0.00574504425236789	-4.9596509222061996e-05	DLR00012733-2009-11-11_10-20-57	-110446.52458783999	8	107	3422.0	1170.0	-2011.0399378630618	915305.67905387923	137.0	137
103.0	96.0	76.0	105.0	99.0	80.0	1	0.0086434449562652043	2.4621161340341891e-05	DLR00012733-2009-11-11_10-20-57	9404.8378955094395	9	107	286.0	1314.0	27727.404993222757	1550941.503804151	137.0	137
104.0	96.0	76.0	110.0	104.0	84.5	2	0.0026913720821903626	0.00010465189668326889	DLR00012733-2009-11-11_10-20-57	-6625.319890284798	9	107	414.0	1310.0	6564.7632820953158	225915.77247554477	137.0	137
106.0	98.0	77.0	107.0	98.0	77.0	3	0.00067284302054759066	9.0732707303601537e-06	DLR00012733-2009-11-11_10-20-57	7160.510207541739	9	107	562.0	1296.0	257.20755219497602	67378.388282180007	137.0	137
107.0	99.0	78.0	110.0	104.0	84.0	4	0.013353346100098338	0.00010068420087141167	DLR00012733-2009-11-11_10-20-57	58008.095922821842	9	107	683.0	1308.0	35701.217083552845	956178.59841623099	137.0	137
108.0	100.0	78.0	109.0	103.0	82.0	5	0.0049686869209668236	7.7862191495510578e-05	DLR00012733-2009-11-11_10-20-57	69593.54796056659	9	107	820.0	1308.0	35877.842903976547	1127101.7157497024	137.0	137
107.0	100.0	78.0	108.0	102.0	81.0	6	0.044097096423580562	5.8546594354386967e-05	DLR00012733-2009-11-11_10-20-57	149814.39275877213	9	107	961.0	1312.0	140950.90486413168	3766006.018580819	137.0	137
106.0	100.0	79.0	109.0	104.0	83.0	7	0.0085399306454117287	9.3240891995318342e-05	DLR00012733-2009-11-11_10-20-57	65051.797579315629	9	107	1102.0	1306.0	31946.985810752314	915057.96439107705	137.0	137
106.0	100.0	79.0	109.0	104.0	84.0	8	0.016199989648568915	9.3240891995318342e-05	DLR00012733-2009-11-11_10-20-57	77979.783815384042	9	107	1228.0	1313.0	45714.991397548678	1205627.2638579784	137.0	137
106.0	100.0	79.0	108.0	103.0	83.0	9	0.0037265151907251177	7.7693001385336605e-05	DLR00012733-2009-11-11_10-20-57	68762.40764897989	9	107	1368.0	1308.0	39132.741229308747	1348063.1949692045	137.0	137
105.0	100.0	79.0	108.0	104.0	84.0	10	0.0094715594430930077	8.9734597090714347e-05	DLR00012733-2009-11-11_10-20-57	67235.715276292787	9	107	1505.0	1308.0	34322.760230344429	996060.6591273743	137.0	137
105.0	100.0	79.0	106.0	101.0	81.0	11	0.067594844987319491	4.7104790495895042e-05	DLR00012733-2009-11-11_10-20-57	166227.00464238861	9	107	1646.0	1305.0	159042.61303252593	3850724.4332591486	137.0	137
105.0	100.0	79.0	105.0	100.0	80.0	12	0.0046063868329796597	3.9169398872180609e-05	DLR00012733-2009-11-11_10-20-57	59855.061272325169	9	107	1779.0	1308.0	44410.635441700178	2454109.1643807255	137.0	137
104.0	99.0	79.0	106.0	101.0	81.0	13	0.01423321774235288	5.2133561731717806e-05	DLR00012733-2009-11-11_10-20-57	65392.539676472399	9	107	1916.0	1308.0	46614.901514684774	1712946.8932767452	137.0	137
104.0	99.0	78.0	107.0	102.0	82.0	14	0.0	6.6205145433749469e-05	DLR00012733-2009-11-11_10-20-57	26554.706540639989	9	107	2054.0	1308.0	575.46721506940241	27744.042233838827	137.0	137
104.0	99.0	78.0	106.0	102.0	82.0	15	0.00031054293256042647	5.9807541728894374e-05	DLR00012733-2009-11-11_10-20-57	26722.41236364717	9	107	2189.0	1308.0	10551.748604453802	449354.39832306822	137.0	137
104.0	99.0	78.0	107.0	102.0	82.0	16	0.0052274726981005127	6.5743744526496252e-05	DLR00012733-2009-11-11_10-20-57	35547.173460078899	9	107	2326.0	1308.0	22889.453932568325	841238.99487604166	137.0	137
104.0	98.0	77.0	106.0	101.0	81.0	17	0.0047099011438331354	5.5209372229783454e-05	DLR00012733-2009-11-11_10-20-57	38812.825654609696	9	107	2464.0	1307.0	31571.991659939271	1287868.531908286	137.0	137
104.0	98.0	76.0	107.0	102.0	81.0	18	0.051136069561616891	6.231430088552884e-05	DLR00012733-2009-11-11_10-20-57	111512.15820219724	9	107	2600.0	1308.0	110648.0840210413	2671602.6383209978	137.0	137
105.0	98.0	76.0	108.0	102.0	82.0	19	0.0088504735779721538	7.0588072729591212e-05	DLR00012733-2009-11-11_10-20-57	33319.59514366011	9	107	2737.0	1308.0	29751.178395008857	1055759.8928626881	137.0	137
105.0	98.0	75.0	113.0	107.0	86.0	20	0.0	0.00014731238511845606	DLR00012733-2009-11-11_10-20-57	-505.6247738682531	9	107	2874.0	1307.0	626.76977675616286	17835.455721753529	137.0	137
105.0	97.0	75.0	106.0	99.0	78.0	21	0.0099373738419336471	1.241049285496367e-05	DLR00012733-2009-11-11_10-20-57	33623.215556936113	9	107	3009.0	1308.0	41908.082898277447	2495477.513068682	137.0	137
103.0	95.0	73.0	105.0	99.0	79.0	22	0.0040888152787122824	1.6347389496279513e-05	DLR00012733-2009-11-11_10-20-57	-28572.973643054567	9	107	3148.0	1307.0	16481.395285054165	1114220.5532839915	137.0	137
99.0	92.0	71.0	105.0	99.0	80.0	23	0.00093162879768127942	2.8219795091483279e-05	DLR00012733-2009-11-11_10-20-57	-98180.31305214508	9	107	3285.0	1307.0	1639.3021296852532	157794.24020495833	137.0	137
95.0	89.0	70.0	99.0	95.0	78.0	24	0.0045546296775529219	-3.2956744017573334e-05	DLR00012733-2009-11-11_10-20-57	-112286.37036866152	9	107	3416.0	1309.0	44.338063903373126	1036933.5784897262	137.0	137
102.0	95.0	76.0	107.0	102.0	83.0	1	0.0026396149267636252	7.0257436300693682e-05	DLR00012733-2009-11-11_10-20-57	-11227.836092361365	10	107	281.0	1449.0	11802.210652498814	526641.37311733339	137.0	137
103.0	96.0	76.0	105.0	100.0	80.0	2	0.012214688680710108	3.1556899885913304e-05	DLR00012733-2009-11-11_10-20-57	6194.9291931663147	10	107	413.0	1447.0	25274.227488478664	1166488.3471352414	137.0	137
105.0	98.0	77.0	107.0	101.0	80.0	3	0.070545002846643542	4.6935600385721076e-05	DLR00012733-2009-11-11_10-20-57	117285.27375485946	10	107	552.0	1441.0	118058.27079866889	2952758.7806014181	137.0	137
106.0	99.0	77.0	109.0	103.0	82.0	4	0.010403188240774287	7.7693001385336605e-05	DLR00012733-2009-11-11_10-20-57	50074.265682223631	10	107	683.0	1446.0	31145.494594072941	965096.32627710782	137.0	137
107.0	100.0	78.0	108.0	102.0	80.0	5	0.011541845660162517	5.5209372229783454e-05	DLR00012733-2009-11-11_10-20-57	77189.156276911788	10	107	823.0	1447.0	56889.678317920007	2226211.6746027637	137.0	137
107.0	100.0	78.0	109.0	103.0	81.0	6	0.0070907302934630715	6.2483490995702813e-05	DLR00012733-2009-11-11_10-20-57	56578.136369943029	10	107	957.0	1445.0	23357.165325800295	800861.50483929412	137.0	137
106.0	100.0	78.0	108.0	102.0	81.0	7	0.0053827441643807252	6.2483490995702813e-05	DLR00012733-2009-11-11_10-20-57	53472.349624371418	10	107	1094.0	1445.0	24157.932019429139	872451.04238911031	137.0	137
106.0	100.0	78.0	108.0	103.0	83.0	8	0.0059003157186481034	8.596677322939899e-05	DLR00012733-2009-11-11_10-20-57	58306.104080414436	10	107	1229.0	1446.0	33112.18294140479	1042135.5864085711	137.0	137
105.0	99.0	79.0	107.0	101.0	81.0	9	0.023394234252885462	5.4548099371988374e-05	DLR00012733-2009-11-11_10-20-57	72852.191802230838	10	107	1368.0	1445.0	55674.966551145721	2038691.6748615496	137.0	137
105.0	99.0	79.0	107.0	102.0	82.5	10	0.0085399306454117287	7.2225884621351588e-05	DLR00012733-2009-11-11_10-20-57	57778.204769120326	10	107	1510.0	1442.0	36347.264370740217	1214792.7063816572	137.0	137
105.0	99.0	78.0	107.0	103.0	83.0	11	0.0061073443403550538	7.4355896590906582e-05	DLR00012733-2009-11-11_10-20-57	52850.722388067188	10	107	1642.0	1445.0	31081.332273724249	1085733.3670617463	137.0	137
104.0	99.0	78.0	106.0	102.0	82.0	12	0.00574504425236789	5.9146268871099287e-05	DLR00012733-2009-11-11_10-20-57	51797.514976873266	10	107	1779.0	1445.0	32373.005377378529	1205131.8345323741	137.0	137
104.0	99.0	78.0	108.0	104.0	84.0	13	0.0019667719062160345	8.9734597090714347e-05	DLR00012733-2009-11-11_10-20-57	38527.504845432202	10	107	1918.0	1448.0	20065.775684044729	665113.86962372542	137.0	137
104.0	99.0	78.0	105.0	101.0	80.0	14	0.0039853009678588068	4.6935600385721076e-05	DLR00012733-2009-11-11_10-20-57	37908.311713175128	10	107	2043.0	1440.0	27888.758726953398	1256161.0550696133	137.0	137
104.0	98.0	77.0	106.0	101.0	81.0	15	0.0053827441643807252	4.7350831869705592e-05	DLR00012733-2009-11-11_10-20-57	36346.374354933541	10	107	2192.0	1449.0	28625.911133223337	1176644.6483101288	137.0	137
104.0	98.0	77.0	108.0	103.0	84.0	16	0.0042958439004192328	8.8811795276207898e-05	DLR00012733-2009-11-11_10-20-57	27766.292498853989	10	107	2318.0	1442.0	23425.772080321673	804824.93944412819	137.0	137
104.0	98.0	77.0	105.0	99.0	78.0	17	0.0090575021996791051	1.6347389496279513e-05	DLR00012733-2009-11-11_10-20-57	41190.721869094225	10	107	2460.0	1446.0	43808.349526864382	2752109.9037316907	137.0	137
104.0	98.0	76.0	109.0	105.0	84.0	18	0.0050722012318202992	0.00010607440770667334	DLR00012733-2009-11-11_10-20-57	26970.108431188717	10	107	2600.0	1444.0	27018.535483941228	828853.261735935	137.0	137
105.0	98.0	76.0	109.0	104.0	83.0	19	0.0068837016717561202	9.0564942728509903e-05	DLR00012733-2009-11-11_10-20-57	30510.014964716618	10	107	2732.0	1442.0	34105.507226219641	1105550.5400859169	137.0	137
105.0	97.0	75.0	108.0	102.0	81.0	20	0.0071942446043165471	6.2483490995702813e-05	DLR00012733-2009-11-11_10-20-57	21574.668253777072	10	107	2866.0	1443.0	27883.311943828259	1063934.4767351586	137.0	137
104.0	96.0	75.0	109.0	103.0	83.0	21	0.0042958439004192328	8.7304747862803196e-05	DLR00012733-2009-11-11_10-20-57	-2544.3992950996389	10	107	3004.0	1444.0	19432.759098586892	725308.53268464375	137.0	137
102.0	94.0	73.0	105.0	99.0	79.0	22	0.052274726981005125	2.3790698372372841e-05	DLR00012733-2009-11-11_10-20-57	85295.926413513414	10	107	3146.0	1441.0	107873.95279101655	3180656.2703793799	137.0	137
98.0	91.0	71.0	103.0	97.0	78.0	23	0.0055380156306609387	-2.3685331281317731e-06	DLR00012733-2009-11-11_10-20-57	-80736.195627092951	10	107	3283.0	1445.0	8900.6797568066631	1148405.1767506858	137.0	137
95.0	89.0	70.0	98.0	93.0	76.0	24	0.002432586305056674	-5.2010929532159074e-05	DLR00012733-2009-11-11_10-20-57	-126570.42369108593	10	107	3413.0	1443.0	-5656.2532756594264	1078549.6418404845	137.0	137
102.0	95.0	76.0	105.0	99.0	80.0	1	0.0034159722581646912	2.729699327697684e-05	DLR00012733-2009-11-11_10-20-57	-4497.587198792974	11	107	272.0	1582.0	13424.765851398522	871460.18373790174	137.0	137
103.0	95.0	75.0	104.0	97.0	77.0	2	0.012576988768697273	-1.4410011503336021e-05	DLR00012733-2009-11-11_10-20-57	-1046.9587570155843	11	107	412.0	1582.0	18564.83092634748	2489284.646498628	137.0	137
105.0	97.0	76.0	106.0	99.0	79.0	3	0.026189120645929299	2.4451971230167922e-05	DLR00012733-2009-11-11_10-20-57	45192.168247490641	11	107	558.0	1582.0	50256.905713705935	2454356.8790435279	137.0	137
106.0	98.0	77.0	108.0	102.0	81.0	4	0.016614046891982818	5.8977196091098811e-05	DLR00012733-2009-11-11_10-20-57	48547.417743765414	11	107	687.0	1580.0	38227.134177985179	1293318.2544899331	137.0	137
106.0	99.0	78.0	109.0	103.0	82.0	5	0.072667046219139803	7.7693001385336605e-05	DLR00012733-2009-11-11_10-20-57	144695.47944055806	11	107	829.0	1587.0	132542.81337487826	2717182.1362765902	137.0	137
107.0	100.0	78.0	113.0	107.0	87.0	6	0.0047099011438331354	0.00015032659727543896	DLR00012733-2009-11-11_10-20-57	48607.247516674746	11	107	957.0	1582.0	13158.878119100849	315340.76574711449	137.0	137
106.0	99.0	78.0	108.0	103.0	83.0	7	0.068733502406707725	8.5305500371603903e-05	DLR00012733-2009-11-11_10-20-57	146804.05487806877	11	107	1101.0	1583.0	136038.46825855633	2707025.8351017032	137.0	137
105.0	99.0	78.0	108.0	102.0	82.0	8	0.011852388592722944	7.0418882619417253e-05	DLR00012733-2009-11-11_10-20-57	50788.727433538887	11	107	1235.0	1585.0	37609.539303565805	1248481.9005227471	137.0	137
104.0	98.0	78.0	105.0	99.0	78.0	9	0.0016044718182288702	2.4282781119993949e-05	DLR00012733-2009-11-11_10-20-57	31946.918294732401	11	107	1381.0	1583.0	27038.564484274902	2396887.0772734326	137.0	137
104.0	98.0	78.0	107.0	103.0	82.0	10	0.0034159722581646912	7.4855605799804595e-05	DLR00012733-2009-11-11_10-20-57	30722.922338379027	11	107	1509.0	1573.0	20110.127504332086	716390.80482376681	137.0	137
104.0	98.0	77.0	107.0	102.0	82.0	11	0.004244086744992495	6.2483490995702813e-05	DLR00012733-2009-11-11_10-20-57	29967.505811497718	11	107	1653.0	1587.0	22917.928200806407	844954.71481807344	137.0	137
104.0	98.0	77.0	109.0	104.0	83.5	12	0.0	9.7208587807175569e-05	DLR00012733-2009-11-11_10-20-57	5289.2940516432855	11	107	1778.0	1585.0	436.24999855236456	17340.026396149267	137.0	137
103.0	98.0	77.0	106.0	102.0	82.0	13	0.0096268309093732202	6.2483490995702813e-05	DLR00012733-2009-11-11_10-20-57	39661.288618734499	11	107	1916.0	1582.0	37676.662978187276	1319823.7234097612	137.0	137
103.0	98.0	77.0	105.0	101.0	80.0	14	0.0075047875368769732	4.2675693776784605e-05	DLR00012733-2009-11-11_10-20-57	22880.410732188357	11	107	2053.0	1582.0	26270.985688155761	1170451.7817400757	137.0	137
103.0	97.0	76.0	105.0	100.0	79.0	15	0.0040370581232855446	2.8219795091483279e-05	DLR00012733-2009-11-11_10-20-57	16608.213890006013	11	107	2189.0	1581.0	23043.062630533437	1258885.9163604369	137.0	137
103.0	97.0	76.0	106.0	101.0	81.0	16	0.0048651726101133479	4.3767568371291522e-05	DLR00012733-2009-11-11_10-20-57	2930.198312642638	11	107	2326.0	1581.0	15396.127826642763	701775.63971844106	137.0	137
103.0	97.0	76.0	106.0	101.0	81.0	17	0.0049169297655400858	4.7104790495895042e-05	DLR00012733-2009-11-11_10-20-57	2750.8271245876199	11	107	2463.0	1581.0	18373.389491783015	862542.45587702503	137.0	137
104.0	97.0	76.0	107.0	102.0	82.0	18	0.0050722012318202992	6.2483490995702813e-05	DLR00012733-2009-11-11_10-20-57	6229.8765656142896	11	107	2600.0	1581.0	22833.906161207153	904158.5192277832	137.0	137
104.0	97.0	75.0	108.0	103.0	82.0	19	0.0023290719942031988	7.7862191495510578e-05	DLR00012733-2009-11-11_10-20-57	-2351.342966147311	11	107	2737.0	1581.0	13957.543599426295	557110.27664199576	137.0	137
104.0	96.0	75.0	107.0	103.0	83.0	20	0.054552041819781585	7.4355896590906582e-05	DLR00012733-2009-11-11_10-20-57	130905.99011562103	11	107	2870.0	1581.0	140718.52553195224	2905692.9946690132	137.0	137
103.0	95.0	74.0	105.0	99.0	78.0	21	0.030226178769214844	1.3671440229471073e-05	DLR00012733-2009-11-11_10-20-57	31816.194924611395	11	107	3011.0	1583.0	53144.468021056324	2494238.939754671	137.0	137
101.0	93.0	73.0	105.0	99.0	79.0	22	0.004244086744992495	1.3671440229471073e-05	DLR00012733-2009-11-11_10-20-57	-51918.655328788198	11	107	3147.0	1581.0	11723.137245039945	883102.77288960211	137.0	137
97.0	90.0	70.0	101.0	94.0	76.0	23	0.0010869002639614927	-4.4829032282603606e-05	DLR00012733-2009-11-11_10-20-57	-113538.05607620279	11	107	3283.0	1585.0	-1490.6210694276933	745868.84969722072	137.0	137
94.0	88.0	69.0	96.0	91.0	74.0	24	0.0063661301174887429	-9.09651337820269e-05	DLR00012733-2009-11-11_10-20-57	-138370.79769775778	11	107	3410.0	1583.0	-11946.798230184568	1206865.837171989	137.0	137
101.0	95.0	76.0	105.0	99.0	81.0	1	0.003933543812432069	2.8388867871483761e-05	DLR00012733-2009-11-11_10-20-57	-12362.498919736196	12	107	272.0	1719.0	13556.481325137211	843716.14150406292	137.0	137
102.0	94.0	74.0	104.0	99.0	80.0	2	0.088556492935148279	2.4882572966879762e-05	DLR00012733-2009-11-11_10-20-57	104931.03799197621	12	107	411.0	1723.0	123140.55495382707	3244566.6533823302	137.0	137
104.0	96.0	76.0	106.0	100.0	80.0	3	0.012007660059003156	3.9169398872180609e-05	DLR00012733-2009-11-11_10-20-57	-368.25924929668889	12	107	546.0	1719.0	21555.907295594574	1012657.5415351172	137.0	137
105.0	98.0	77.0	109.0	103.0	83.0	4	0.012421717302417059	7.7862191495510578e-05	DLR00012733-2009-11-11_10-20-57	24320.586650193705	12	107	686.0	1717.0	23741.0753047607	744382.56172040792	137.0	137
106.0	99.0	78.0	110.0	105.0	85.0	5	0.015113089384607422	0.00010594364322831767	DLR00012733-2009-11-11_10-20-57	45812.621892356423	12	107	823.0	1721.0	28089.178266949923	736703.40717354184	137.0	137
106.0	99.0	77.0	110.0	105.0	84.0	6	0.012680503079550747	0.00010861959249512611	DLR00012733-2009-11-11_10-20-57	52096.451852484664	12	107	961.0	1725.0	32787.454583830047	867744.46379586984	137.0	137
105.0	99.0	77.0	107.0	102.0	81.0	7	0.070286217069509854	5.5209372229783454e-05	DLR00012733-2009-11-11_10-20-57	115527.41481149026	12	107	1101.0	1721.0	108920.29678543398	2671354.9236581954	137.0	137
104.0	98.0	77.0	108.0	103.0	83.0	8	0.0062626158066352673	7.7862191495510578e-05	DLR00012733-2009-11-11_10-20-57	29428.572840393339	12	107	1233.0	1717.0	22535.355029644157	768410.88401221472	137.0	137
104.0	98.0	77.0	109.0	105.0	85.0	9	0.0030536721701775269	0.00010545156048069657	DLR00012733-2009-11-11_10-20-57	20160.121874385633	12	107	1368.0	1719.0	18556.026677829916	578909.16696858348	137.0	137
103.0	98.0	77.0	106.0	101.0	81.0	10	0.0067801873609026446	5.4548099371988374e-05	DLR00012733-2009-11-11_10-20-57	23102.119319025347	12	107	1499.0	1718.0	25354.515354420844	1035695.0051757155	137.0	137
103.0	97.0	77.0	106.0	101.0	82.0	11	0.0056415299415144143	5.8054394276592369e-05	DLR00012733-2009-11-11_10-20-57	16149.776036989848	12	107	1636.0	1719.0	21979.305975459491	935618.28140365402	137.0	137
103.0	97.0	76.0	105.0	100.0	80.0	12	0.0047099011438331354	3.1726089996087277e-05	DLR00012733-2009-11-11_10-20-57	5407.8170483162294	12	107	1779.0	1722.0	17411.532889998722	913076.24708866014	137.0	137
103.0	97.0	76.0	105.0	101.0	81.0	13	0.0033124579473112156	4.4428841229086609e-05	DLR00012733-2009-11-11_10-20-57	7774.3061562026969	12	107	1916.0	1718.0	20681.0629491338	936856.85471766477	137.0	137
102.0	96.0	76.0	106.0	101.0	82.0	14	0.0032089436364577404	5.8054394276592369e-05	DLR00012733-2009-11-11_10-20-57	-655.3247445319854	12	107	2050.0	1717.0	18187.284519087945	798632.0728740748	137.0	137
102.0	96.0	75.0	104.0	99.0	79.0	15	0.0094198022876662707	1.6347389496279513e-05	DLR00012733-2009-11-11_10-20-57	972.26706851159759	12	107	2185.0	1718.0	22604.724658469713	1281675.6653382331	137.0	137
102.0	96.0	75.0	104.0	100.0	81.0	16	0.045649811086382691	3.9169398872180609e-05	DLR00012733-2009-11-11_10-20-57	84385.86267245801	12	107	2326.0	1718.0	98768.105813086877	2738733.3119403757	137.0	137
102.0	96.0	75.0	107.0	102.0	82.0	17	0.0099373738419336471	6.2483490995702813e-05	DLR00012733-2009-11-11_10-20-57	403.07328648448828	12	107	2461.0	1716.0	27018.2426614291	1013400.6855235236	137.0	137
103.0	95.0	75.0	105.0	100.0	79.0	18	0.0054862584752342009	2.729699327697684e-05	DLR00012733-2009-11-11_10-20-57	-17305.990804791767	12	107	2600.0	1718.0	15848.699661524412	897470.22333212569	137.0	137
103.0	96.0	74.0	104.0	97.0	76.0	19	0.01009264530821386	-6.4746198796215846e-06	DLR00012733-2009-11-11_10-20-57	4334.6708337511482	12	107	2736.0	1718.0	24838.615847410249	2409272.8104135399	137.0	137
103.0	95.0	74.0	106.0	100.0	80.0	20	0.0037782723461518555	3.9830671729975683e-05	DLR00012733-2009-11-11_10-20-57	-15615.563397612796	12	107	2874.0	1718.0	17799.708288933707	923975.69225195388	137.0	137
102.0	94.0	73.0	102.0	94.0	73.0	21	0.0	-6.4313936864074687e-05	DLR00012733-2009-11-11_10-20-57	-67501.475550070318	12	107	3011.0	1718.0	-1468.6981330297372	126582.19269188965	137.0	137
100.0	92.0	72.0	103.0	96.0	77.0	22	0.0015009575073753945	-1.817783536465138e-05	DLR00012733-2009-11-11_10-20-57	-77743.429170755902	12	107	3140.0	1713.0	3297.8914038799167	789466.63035039592	137.0	137
96.0	88.0	69.0	100.0	95.0	77.0	23	0.0045028725221261841	-3.7062830769063147e-05	DLR00012733-2009-11-11_10-20-57	-124606.32170348281	12	107	3285.0	1717.0	-673.2714398673653	1083256.220433725	137.0	137
93.0	87.0	69.0	96.0	91.0	75.0	24	0.0038300295015785933	-8.0353910221677525e-05	DLR00012733-2009-11-11_10-20-57	-146726.86410967659	12	107	3408.0	1715.0	-12870.285049903368	1254674.7670928007	137.0	137
100.0	93.0	74.0	104.0	98.0	81.0	1	0.0030536721701775269	2.4705697730342132e-05	DLR00012733-2009-11-11_10-20-57	-44828.299527177682	13	107	295.0	1858.0	10807.21113905313	845202.42948087573	137.0	137
100.0	93.0	73.0	104.0	99.0	81.0	2	0.0086952021116919413	2.8388867871483761e-05	DLR00012733-2009-11-11_10-20-57	-53337.348903387865	13	107	418.0	1865.0	13440.387885723729	784760.05175715545	137.0	137
103.0	95.0	74.0	105.0	99.0	80.0	3	0.095698980384038096	2.8219795091483279e-05	DLR00012733-2009-11-11_10-20-57	125316.36565736214	13	107	554.0	1860.0	139273.0282072768	3486088.4496144094	137.0	137
104.0	96.0	76.0	107.0	102.0	83.0	4	0.081569276952538683	6.9926799871796138e-05	DLR00012733-2009-11-11_10-20-57	126233.10646808239	13	107	688.0	1862.0	134375.98532050633	2720897.8562186225	137.0	137
105.0	98.0	77.0	109.0	103.0	83.0	5	0.0091092593551058438	8.8811795276207898e-05	DLR00012733-2009-11-11_10-20-57	32845.266784451007	13	107	837.0	1860.0	30628.31024410345	959894.31835826312	137.0	137
105.0	98.0	77.0	107.0	101.0	81.0	6	0.0074530303814502354	4.7104790495895042e-05	DLR00012733-2009-11-11_10-20-57	29011.885705316985	13	107	963.0	1862.0	26248.16945116422	1083751.6497593294	137.0	137
105.0	98.0	76.0	108.0	103.0	83.0	7	0.014595517830340044	7.7862191495510578e-05	DLR00012733-2009-11-11_10-20-57	30957.98260395322	13	107	1108.0	1864.0	31969.60934806192	995565.22980177007	137.0	137
104.0	97.0	76.0	107.0	102.0	81.0	8	0.0088504735779721538	5.9769116097076082e-05	DLR00012733-2009-11-11_10-20-57	12362.23472097812	13	107	1231.0	1856.0	21276.386634247207	865019.60250504641	137.0	137
103.0	96.0	76.0	106.0	101.0	81.0	9	0.0094715594430930077	4.7104790495895042e-05	DLR00012733-2009-11-11_10-20-57	4983.4543988875821	13	107	1377.0	1857.0	23790.088745646564	952462.8784741991	137.0	137
102.0	96.0	76.0	103.0	96.0	76.0	10	0.00041405724341390195	-2.1684130269255379e-05	DLR00012733-2009-11-11_10-20-57	-26780.136377134466	13	107	1514.0	1850.0	-45.106612323534726	25514.610268619639	137.0	137
102.0	96.0	75.0	104.0	99.0	79.0	11	0.011748874281869468	1.3010167371675993e-05	DLR00012733-2009-11-11_10-20-57	-1499.7279311841744	13	107	1642.0	1855.0	21214.080254959532	1246004.753894726	137.0	137
102.0	96.0	76.0	106.0	102.0	83.0	12	0.011386574193882304	6.9926799871796138e-05	DLR00012733-2009-11-11_10-20-57	-7729.7073210562075	13	107	1779.0	1855.0	17755.775399340895	657682.42973966151	137.0	137
101.0	95.0	75.0	103.0	98.0	78.0	13	0.031934164898297188	9.6868899647174509e-07	DLR00012733-2009-11-11_10-20-57	27375.391809630259	13	107	1916.0	1855.0	49104.523704863932	2337930.9875265257	137.0	137
101.0	95.0	75.0	102.0	97.0	77.0	14	0.04658143988406397	-6.9667026272426911e-06	DLR00012733-2009-11-11_10-20-57	65758.250843272384	13	107	2053.0	1855.0	79709.449865283881	3258934.1038248534	137.0	137
101.0	95.0	74.0	104.0	100.0	80.0	15	0.011697117126442731	3.1726089996087277e-05	DLR00012733-2009-11-11_10-20-57	-16584.556860943339	13	107	2190.0	1855.0	22512.014322248393	1095641.9535738316	137.0	137
101.0	95.0	74.0	104.0	99.0	79.0	16	0.00051757155426737742	2.729699327697684e-05	DLR00012733-2009-11-11_10-20-57	-40380.707474511248	13	107	2326.0	1855.0	6719.6991712811114	498649.61622069246	137.0	137
101.0	94.0	74.0	102.0	96.0	76.0	17	0.0052792298535272505	-2.9788712003143788e-05	DLR00012733-2009-11-11_10-20-57	-21502.945396191724	13	107	2468.0	1858.0	8509.7051464050219	2498945.5183479115	137.0	137
101.0	94.0	73.0	106.0	100.0	80.0	18	0.0034159722581646912	3.9830671729975683e-05	DLR00012733-2009-11-11_10-20-57	-38607.73028041458	13	107	2597.0	1857.0	11490.843738121253	670811.30686817458	137.0	137
102.0	94.0	73.0	104.0	98.0	77.0	19	0.050618498007349515	9.6868899647174509e-07	DLR00012733-2009-11-11_10-20-57	70023.56517749319	13	107	2744.0	1854.0	91375.968260192691	3116002.7433880232	137.0	137
102.0	94.0	73.0	106.0	100.0	81.0	20	0.0062108586512085295	4.3598495591291046e-05	DLR00012733-2009-11-11_10-20-57	-29692.915331163731	13	107	2874.0	1855.0	19958.289562624996	989867.79255732102	137.0	137
101.0	93.0	72.0	105.0	99.0	80.0	21	0.0063143729620620051	2.729699327697684e-05	DLR00012733-2009-11-11_10-20-57	-46062.944653533094	13	107	3011.0	1855.0	19105.310727631379	1130817.4356917345	137.0	137
98.0	90.0	71.0	103.0	97.0	78.0	22	0.0012939288856684437	-3.4604077226386931e-06	DLR00012733-2009-11-11_10-20-57	-106668.2494999232	13	107	3141.0	1857.0	3127.8535943525394	646287.55525076343	137.0	137
94.0	87.0	68.0	96.0	89.0	71.0	23	0.011438331349309041	-0.00012206091500199039	DLR00012733-2009-11-11_10-20-57	-138182.1344231526	13	107	3285.0	1855.0	-40666.967632146996	2391189.6400289843	137.0	137
92.0	86.0	69.0	96.0	92.0	76.0	24	0.0065214015837689564	-7.8831433890458764e-05	DLR00012733-2009-11-11_10-20-57	-148971.46941473125	13	107	3422.0	1855.0	-11966.718228196367	1186800.9494850163	137.0	137
99.0	92.0	73.0	101.0	96.0	79.0	1	0.005123958387247037	-1.7578043517765566e-05	DLR00012733-2009-11-11_10-20-57	-59725.964083364786	14	107	297.0	1995.0	5673.6180591371794	955187.73976502253	137.0	137
99.0	91.0	72.0	102.0	96.0	78.0	2	0.0096268309093732202	-1.8339281683374947e-05	DLR00012733-2009-11-11_10-20-57	-84688.129719163524	14	107	424.0	1996.0	5766.6778130365146	812999.5233165985	137.0	137
101.0	93.0	73.0	102.0	93.0	74.0	3	0.0	-5.3364215753203863e-05	DLR00012733-2009-11-11_10-20-57	-77799.025924177346	14	107	546.0	1993.0	-885.7998262275463	72580.396201024792	137.0	137
103.0	95.0	75.0	104.0	98.0	78.0	4	0.039645981056881115	9.6868899647174509e-07	DLR00012733-2009-11-11_10-20-57	18435.306004998449	14	107	688.0	1997.0	39807.658968034681	2207633.0748926038	137.0	137
104.0	96.0	76.0	106.0	100.0	80.0	5	0.011127788416748616	3.1726089996087277e-05	DLR00012733-2009-11-11_10-20-57	259.36782306262592	14	107	830.0	1992.0	18831.137504751063	891525.07142487448	137.0	137
104.0	96.0	75.0	106.0	101.0	82.0	6	0.10082293877128513	5.8054394276592369e-05	DLR00012733-2009-11-11_10-20-57	116656.10286824298	14	107	965.0	1995.0	127868.71821195538	2795955.3990476686	137.0	137
103.0	96.0	75.0	106.0	100.0	80.0	7	0.0082293877128513018	4.2675693776784605e-05	DLR00012733-2009-11-11_10-20-57	-14150.130187130786	14	107	1103.0	1988.0	13575.645714409588	604423.77723720309	137.0	137
102.0	95.0	74.0	105.0	101.0	81.0	8	0.10827596915273537	4.4690370185797971e-05	DLR00012733-2009-11-11_10-20-57	128140.92081681296	14	107	1231.0	1992.0	144997.94482356167	3030293.4700584854	137.0	137
101.0	94.0	74.0	103.0	97.0	77.0	9	0.070803788623777231	-1.4410011503336021e-05	DLR00012733-2009-11-11_10-20-57	52710.202635933158	14	107	1372.0	1997.0	74569.826826083474	3047881.2111174371	137.0	137
101.0	95.0	74.0	107.0	103.0	83.0	10	0.0056932870969411522	8.5305500371603903e-05	DLR00012733-2009-11-11_10-20-57	-40706.014289905492	14	107	1513.0	1992.0	10732.235732143936	407986.04963511211	137.0	137
100.0	94.0	73.0	101.0	95.0	75.0	11	0.0086434449562652043	-3.7062830769063147e-05	DLR00012733-2009-11-11_10-20-57	-39409.679923873198	14	107	1642.0	1992.0	-3476.1863366048956	2285663.1936752759	137.0	137
100.0	94.0	73.0	101.0	95.0	75.0	12	0.010196159619067335	-3.7062830769063147e-05	DLR00012733-2009-11-11_10-20-57	-41522.756437222932	14	107	1779.0	1992.0	-110.24951273193894	2022094.7924538066	137.0	137
99.0	94.0	73.0	100.0	94.0	74.0	13	0.0	-5.3364215753203863e-05	DLR00012733-2009-11-11_10-20-57	-77752.857316211564	14	107	1916.0	1992.0	-550.16154285610173	60690.092386522439	137.0	137
99.0	93.0	73.0	103.0	98.0	78.0	14	0.0089022307333988925	8.4119978725650752e-06	DLR00012733-2009-11-11_10-20-57	-54372.586459520397	14	107	2051.0	1996.0	12739.415819271524	993831.22716215521	137.0	137
99.0	93.0	73.0	104.0	99.0	80.0	15	0.0056932870969411522	2.8388867871483761e-05	DLR00012733-2009-11-11_10-20-57	-54144.638981175827	14	107	2190.0	1992.0	14414.341021143289	939334.00134568603	137.0	137
99.0	93.0	72.0	103.0	99.0	79.0	16	0.0068319445163293824	1.6347389496279513e-05	DLR00012733-2009-11-11_10-20-57	-61138.465302782584	14	107	2326.0	1994.0	12559.103948634463	919516.82832151547	137.0	137
99.0	93.0	72.0	102.0	96.0	76.0	17	0.0090057450442523682	-2.1684130269255379e-05	DLR00012733-2009-11-11_10-20-57	-57428.481987525272	14	107	2462.0	1994.0	8872.9136459801121	1321557.7260493764	137.0	137
100.0	93.0	72.0	104.0	99.0	80.0	18	0.012214688680710108	2.4451971230167922e-05	DLR00012733-2009-11-11_10-20-57	-39099.888522548179	14	107	2607.0	1991.0	21381.032437211456	1321062.2967237721	137.0	137
100.0	93.0	72.0	104.0	98.0	78.0	19	0.013405103255525077	1.1918292777169072e-05	DLR00012733-2009-11-11_10-20-57	-48359.936216922477	14	107	2738.0	1984.0	17840.446582293192	1070127.3433052122	137.0	137
100.0	92.0	72.0	106.0	100.0	81.0	20	0.0051757155426737748	4.2675693776784605e-05	DLR00012733-2009-11-11_10-20-57	-72349.872606528297	14	107	2865.0	1992.0	8857.379620455531	537045.38895502302	137.0	137
99.0	91.0	71.0	100.0	92.0	72.0	21	0.0066249158946224311	-8.5382681457500282e-05	DLR00012733-2009-11-11_10-20-57	-115940.19319542119	14	107	3011.0	1992.0	-7963.8867329059121	668829.58956575755	137.0	137
96.0	89.0	69.0	100.0	94.0	75.0	22	0.0016562289736556078	-4.9596509222061996e-05	DLR00012733-2009-11-11_10-20-57	-135090.18447842941	14	107	3142.0	1992.0	-3897.4243711675717	881368.77024998702	137.0	137
92.0	85.0	66.0	94.0	87.0	69.0	23	0.0068837016717561202	-0.00015247993578125797	DLR00012733-2009-11-11_10-20-57	-176776.11431432731	14	107	3281.0	1987.0	-57785.389364773917	2267827.7379535222	137.0	137
91.0	85.0	67.0	94.0	90.0	74.0	24	0.0074012732260234975	-0.00010875837192210525	DLR00012733-2009-11-11_10-20-57	-185862.83610354821	14	107	3408.0	1993.0	-17436.726614676216	1035199.5758501112	137.0	137
99.0	92.0	75.0	101.0	95.0	79.0	1	0.004244086744992495	-2.2007140236876007e-05	DLR00012733-2009-11-11_10-20-57	-59988.121045460823	15	107	301.0	2119.0	2995.0253019008956	1006712.3896278661	137.0	137
99.0	91.0	73.0	103.0	97.0	79.0	2	0.0091092593551058438	-3.4604077226386931e-06	DLR00012733-2009-11-11_10-20-57	-77362.867972630862	15	107	421.0	2129.0	8050.0253599779908	849165.86408570979	137.0	137
102.0	93.0	74.0	102.0	93.0	74.0	3	0.0038817866570053311	-6.4313936864074687e-05	DLR00012733-2009-11-11_10-20-57	-74332.466858173706	15	107	551.0	2128.0	-11294.778307353185	980206.92070803791	137.0	137
104.0	95.0	75.0	106.0	99.0	80.0	4	0.010972516950468402	2.9050140729278838e-05	DLR00012733-2009-11-11_10-20-57	-500.75200033730977	15	107	692.0	2130.0	26668.493449089245	1242289.0339526942	137.0	137
104.0	95.0	75.0	107.0	100.0	80.0	5	0.013249831789244862	4.2675693776784605e-05	DLR00012733-2009-11-11_10-20-57	-8281.5759380727923	15	107	836.0	2126.0	21526.193101752935	908617.38315822172	137.0	137
103.0	95.0	75.0	105.0	99.0	79.0	6	0.015527146628021325	2.729699327697684e-05	DLR00012733-2009-11-11_10-20-57	-13239.078058689085	15	107	966.0	2133.0	23862.713906442059	1152864.0406811242	137.0	137
102.0	95.0	74.0	105.0	99.0	79.0	7	0.012421717302417059	2.729699327697684e-05	DLR00012733-2009-11-11_10-20-57	-28473.423615327025	15	107	1110.0	2121.0	15956.546338599032	857588.16262098239	137.0	137
102.0	94.0	73.0	104.0	98.0	78.0	8	0.013198074633818125	1.1918292777169072e-05	DLR00012733-2009-11-11_10-20-57	-35819.671125093992	15	107	1231.0	2129.0	15650.416792533902	1045355.8770249988	137.0	137
100.0	93.0	73.0	104.0	99.0	79.0	9	0.0093162879768127951	1.617819938610554e-05	DLR00012733-2009-11-11_10-20-57	-56345.632345015852	15	107	1382.0	2129.0	12093.248655985195	851890.72537653334	137.0	137
99.0	92.0	72.0	101.0	96.0	76.0	10	0.01651053258112934	-2.9788712003143788e-05	DLR00012733-2009-11-11_10-20-57	-60866.372853673129	15	107	1509.0	2126.0	9450.1663322707864	1375559.5225402412	137.0	137
99.0	92.0	72.0	104.0	99.0	79.0	11	0.0085399306454117287	1.6347389496279513e-05	DLR00012733-2009-11-11_10-20-57	-83146.125249977456	15	107	1642.0	2129.0	8603.9981389693949	618295.79835412255	137.0	137
98.0	92.0	71.0	102.0	97.0	77.0	12	0.017597432845090834	-7.8895044417491328e-06	DLR00012733-2009-11-11_10-20-57	-64711.047496403124	15	107	1779.0	2129.0	13383.977702276356	1239564.1726618707	137.0	137
98.0	92.0	71.0	101.0	96.0	76.0	13	0.012214688680710108	-1.883910822244646e-05	DLR00012733-2009-11-11_10-20-57	-82144.81615125481	15	107	1916.0	2129.0	6571.036986293585	939581.71600848832	137.0	137
98.0	91.0	71.0	101.0	96.0	77.0	14	0.015475389472594586	-2.1853320379429352e-05	DLR00012733-2009-11-11_10-20-57	-83019.729520983194	15	107	2053.0	2129.0	8129.8767503026475	1008694.106930283	137.0	137
98.0	91.0	71.0	100.0	95.0	75.0	15	0.074685575280782568	-4.5167412502951559e-05	DLR00012733-2009-11-11_10-20-57	29741.947012588033	15	107	2196.0	2128.0	66809.090657068664	3248282.3733243621	137.0	137
98.0	91.0	71.0	102.0	97.0	78.0	16	0.011179545572175353	-7.4281035344959119e-06	DLR00012733-2009-11-11_10-20-57	-81675.569337954308	15	107	2330.0	2129.0	8649.1980489969301	966087.18492831616	137.0	137
99.0	92.0	71.0	103.0	98.0	78.0	17	0.012732260234977486	9.6868899647174509e-07	DLR00012733-2009-11-11_10-20-57	-72196.457459920988	15	107	2470.0	2124.0	13370.897258607638	1074090.777910046	137.0	137
98.0	92.0	71.0	101.0	95.0	74.0	18	0.0013974431965219191	-4.7843361769759992e-05	DLR00012733-2009-11-11_10-20-57	-105514.25911147558	15	107	2600.0	2129.0	-288.86432158891256	254402.95869778996	137.0	137
98.0	91.0	71.0	103.0	98.0	79.0	19	0.0052274726981005127	1.1918292777169072e-05	DLR00012733-2009-11-11_10-20-57	-82460.820452226573	15	107	2737.0	2129.0	9019.7020685553252	883598.20221520623	137.0	137
98.0	91.0	71.0	102.0	96.0	77.0	20	0.016614046891982818	-1.7747233627939539e-05	DLR00012733-2009-11-11_10-20-57	-73279.552250072695	15	107	2866.0	2122.0	12820.916501056516	1278455.3747218053	137.0	137
98.0	90.0	71.0	100.0	94.0	75.0	21	0.041509238652243673	-4.8504634627555072e-05	DLR00012733-2009-11-11_10-20-57	-45906.454344425088	15	107	3009.0	2120.0	18876.288364221764	2405557.090471508	137.0	137
96.0	88.0	69.0	99.0	94.0	76.0	22	0.014802546452046995	-4.9596509222061996e-05	DLR00012733-2009-11-11_10-20-57	-122000.37837148139	15	107	3142.0	2122.0	-103.34094406235681	1299511.1210599865	137.0	137
92.0	85.0	67.0	95.0	89.0	72.0	23	0.0097821023756534346	-0.00012172253478164244	DLR00012733-2009-11-11_10-20-57	-190167.21009762233	15	107	3282.0	2124.0	-22816.376975272353	1245757.0392319236	137.0	137
91.0	85.0	69.0	94.0	90.0	76.0	24	0.0088504735779721538	-9.4471546016804399e-05	DLR00012733-2009-11-11_10-20-57	-157561.90863826204	15	107	3408.0	2122.0	-19723.004315910472	1558868.3730138191	137.0	137
102.0	98.0	84.0	115.0	113.0	102.0	1	0.013146317478391388	0.00027220284566848487	DLR00012733-2009-11-11_10-20-57	185023.22824470841	16	107	272.0	2267.0	154095.85629518764	2087986.8927591739	137.0	137
104.0	98.0	82.0	121.0	119.0	107.0	2	0.024222348739713264	0.00036272190121502951	DLR00012733-2009-11-11_10-20-57	254387.59775442773	16	107	414.0	2268.0	228341.23455120798	2262873.4446974797	137.0	137
106.0	99.0	82.0	124.0	120.0	106.0	3	0.055690699239169812	0.0003703958812122061	DLR00012733-2009-11-11_10-20-57	316450.82693538483	16	107	546.0	2266.0	286282.00342226902	2553938.1734899851	137.0	137
108.0	101.0	82.0	124.0	119.0	101.0	4	0.019926504839294031	0.00033596287786763908	DLR00012733-2009-11-11_10-20-57	308057.43197194324	16	107	690.0	2272.0	275221.36791190912	2998833.7078826153	137.0	137
107.0	98.0	79.0	120.0	116.0	100.0	5	0.032451736452564564	0.00029350237871316728	DLR00012733-2009-11-11_10-20-57	271420.46147727	16	107	820.0	2266.0	248365.56167681629	2850452.6248641377	137.0	137
105.0	97.0	78.0	119.0	116.0	102.0	6	0.023911805807152839	0.0003073893433872109	DLR00012733-2009-11-11_10-20-57	244421.36926224449	16	107	957.0	2266.0	231769.20457395745	2813047.7107810159	137.0	137
105.0	97.0	78.0	119.0	117.0	102.0	7	0.028776978417266189	0.00031724707257340127	DLR00012733-2009-11-11_10-20-57	232002.02255386181	16	107	1094.0	2266.0	215850.84419142781	2479623.7746493453	137.0	137
105.0	97.0	76.0	118.0	116.0	100.0	8	0.025361006159101494	0.000295024855044386	DLR00012733-2009-11-11_10-20-57	216041.85321558593	16	107	1231.0	2266.0	209333.01460051592	2626766.2843538122	137.0	137
103.0	95.0	75.0	115.0	113.0	96.0	9	0.0097821023756534346	0.00024461347668329892	DLR00012733-2009-11-11_10-20-57	114290.13198188337	16	107	1372.0	2253.0	123914.46592008666	2204908.2136017806	137.0	137
102.0	95.0	75.0	115.0	113.0	98.0	10	0.019564204751306869	0.00024888875354496271	DLR00012733-2009-11-11_10-20-57	135293.81560740585	16	107	1505.0	2266.0	142587.53571984838	2257176.0074530304	137.0	137
101.0	94.0	74.0	113.0	112.0	96.0	11	0.023394234252885462	0.0002284811644791587	DLR00012733-2009-11-11_10-20-57	125837.50144474079	16	107	1642.0	2266.0	132628.02938103277	2333224.4089332852	137.0	137
102.0	95.0	75.0	114.0	112.0	95.0	12	0.03721339475182444	0.00022606674416906163	DLR00012733-2009-11-11_10-20-57	139061.30794924186	16	107	1779.0	2266.0	145391.26105112489	2358986.7338647069	137.0	137
101.0	94.0	74.0	115.0	112.0	95.0	13	0.043476010558459705	0.00022957303907366561	DLR00012733-2009-11-11_10-20-57	158091.6374630045	16	107	1916.0	2266.0	165344.29020769408	2163539.8649138245	137.0	137
102.0	95.0	75.0	116.0	113.0	96.0	14	0.032244707830857616	0.00024461347668329892	DLR00012733-2009-11-11_10-20-57	188091.05311041814	16	107	2053.0	2266.0	188826.02178487461	2393666.7866570055	137.0	137
102.0	95.0	75.0	118.0	115.0	97.0	15	0.032555250763418045	0.00026984990636929712	DLR00012733-2009-11-11_10-20-57	219166.13139512052	16	107	2190.0	2266.0	216963.67006291405	2459311.1722995704	137.0	137
103.0	96.0	76.0	120.0	116.0	97.0	16	0.0047099011438331354	0.00028522860686910488	DLR00012733-2009-11-11_10-20-57	198163.24781790012	16	107	2327.0	2266.0	192811.23638606115	2426117.4074840848	137.0	137
103.0	96.0	76.0	121.0	119.0	102.0	17	0.03074375032348222	0.00033371764766771598	DLR00012733-2009-11-11_10-20-57	245045.77061645401	16	107	2464.0	2264.0	238402.44898132386	2566323.9066300918	137.0	137
103.0	97.0	77.0	120.0	118.0	102.0	18	0.0094715594430930077	0.00032895017072825759	DLR00012733-2009-11-11_10-20-57	213775.93359149896	16	107	2600.0	2266.0	206908.19693576777	2373354.1843072302	137.0	137
102.0	96.0	76.0	118.0	116.0	100.0	19	0.01423321774235288	0.00029201064288740313	DLR00012733-2009-11-11_10-20-57	139161.06465932573	16	107	2734.0	2255.0	141815.47564278258	1811785.0437347963	137.0	137
103.0	96.0	77.0	119.0	116.0	100.0	20	0.085709849386677708	0.00029201064288740313	DLR00012733-2009-11-11_10-20-57	315735.46607468609	16	107	2874.0	2266.0	314799.45125398209	2068169.7197350031	137.0	137
102.0	94.0	76.0	118.0	114.0	99.0	21	0.046736711350344184	0.00027335620127390113	DLR00012733-2009-11-11_10-20-57	207604.77979340736	16	107	3009.0	2255.0	223114.07510356401	1870493.4188189015	137.0	137
99.0	92.0	74.0	117.0	113.0	98.0	22	0.037058123285544226	0.00025573227057417022	DLR00012733-2009-11-11_10-20-57	130276.97331990251	16	107	3145.0	2252.0	170541.11601913665	1601227.5803529837	137.0	137
96.0	90.0	73.0	114.0	111.0	97.0	23	0.037006366130117492	0.00022623593427923558	DLR00012733-2009-11-11_10-20-57	83706.553990227796	16	107	3278.0	2250.0	151954.87351756141	1520472.6002794888	137.0	137
95.0	90.0	76.0	111.0	108.0	96.0	24	0.063764815485740908	0.00019547853327962005	DLR00012733-2009-11-11_10-20-57	115130.58986049294	16	107	3416.0	2255.0	163460.03628438656	1681239.4164380727	137.0	137
