DLR00012733-2009-11-10_22-35-16	1	1	272.0	217.0	791696.06231561524	33020.351437610334	102	-16382.525716415621	3.4012222855345322e-05	96.0	106.0	106.0	88.0	100.0	102.0	0.057709228300812584	137.0	137
DLR00012733-2009-11-10_22-35-16	1	2	409.0	212.0	740171.41245277156	4119.5211585274437	102	-13489.705832665019	3.8696575841102429e-06	82.0	99.0	105.0	83.0	99.0	105.0	0.0086952021116919413	137.0	137
DLR00012733-2009-11-10_22-35-16	1	3	552.0	228.0	951719.73448579269	687.27533405462816	102	-20413.490884421004	-7.5915056139540691e-06	84.0	102.0	108.0	82.0	101.0	107.0	0.00015527146628021324	137.0	137
DLR00012733-2009-11-10_22-35-16	1	4	683.0	212.0	1225939.8662077531	1307.2780307031844	102	-14818.692401096096	-6.6603889196949803e-06	84.0	104.0	110.0	87.0	105.0	111.0	0.0062108586512085295	137.0	137
DLR00012733-2009-11-10_22-35-16	1	5	831.0	224.0	875175.90367993375	2777.6376267170135	102	-16026.187904775021	2.5207091571190618e-06	86.0	106.0	112.0	83.0	103.0	111.0	0.00025878577713368871	137.0	137
DLR00012733-2009-11-10_22-35-16	1	6	956.0	229.0	1152864.0406811242	2361.3162122784938	102	-14033.546157643499	-3.2458106517165252e-06	84.0	105.0	112.0	82.0	104.0	111.0	0.00015527146628021324	137.0	137
DLR00012733-2009-11-10_22-35-16	1	7	1098.0	217.0	927443.69753118372	1573.5636414043779	102	-19310.800667741234	-2.4172503459214066e-06	85.0	106.0	112.0	83.0	104.0	112.0	0.0	137.0	137
DLR00012733-2009-11-10_22-35-16	1	8	1231.0	212.0	1097128.2415506444	2128.1035497122916	102	-15277.725795907032	-2.5339266288964806e-06	84.0	105.0	112.0	84.0	106.0	112.0	0.00020702862170695097	137.0	137
DLR00012733-2009-11-10_22-35-16	1	9	1368.0	212.0	1235848.4527198384	3216.146938933648	102	-12789.581582108227	-5.714746814595211e-07	85.0	106.0	112.0	83.0	105.0	111.0	0.00082811448682780389	137.0	137
DLR00012733-2009-11-10_22-35-16	1	10	1505.0	212.0	2036957.6722219347	-1874.3986383935048	102	-15149.295824328145	-1.0855608753576043e-05	82.0	104.0	110.0	84.0	105.0	111.0	0.00041405724341390195	137.0	137
DLR00012733-2009-11-10_22-35-16	1	11	1641.0	212.0	1111000.2626675637	2342.9264755979257	102	-15459.305358324835	-1.5981556738792048e-06	85.0	106.0	112.0	83.0	104.0	111.0	0.00041405724341390195	137.0	137
DLR00012733-2009-11-10_22-35-16	1	12	1775.0	224.0	1432038.4656591273	985.10551731979479	102	-16506.958316094904	-7.1150784147450151e-06	84.0	106.0	111.0	82.0	105.0	110.0	0.00015527146628021324	137.0	137
DLR00012733-2009-11-10_22-35-16	1	13	1926.0	213.0	1326264.3046426168	3345.7263171835111	102	-8269.7793656845897	-4.2312767857175476e-07	87.0	109.0	114.0	84.0	106.0	112.0	5.1757155426737743e-05	137.0	137
DLR00012733-2009-11-10_22-35-16	1	14	2056.0	217.0	1496444.277987682	-131.83251890231648	102	-12964.470273408137	-9.5082942076916828e-06	85.0	106.0	112.0	83.0	105.0	111.0	0.00020702862170695097	137.0	137
DLR00012733-2009-11-10_22-35-16	1	15	2189.0	212.0	1311649.1395372909	493.67526431452006	102	-12401.354430532543	-7.4548023421395127e-06	85.0	106.0	112.0	83.0	105.0	111.0	0.0011386574193882305	137.0	137
DLR00012733-2009-11-10_22-35-16	1	16	2321.0	222.0	1330475.4539102532	-988.87938687091059	102	-20147.156445938224	-1.1612810259798019e-05	84.0	105.0	111.0	82.0	104.0	111.0	5.1757155426737743e-05	137.0	137
DLR00012733-2009-11-10_22-35-16	1	17	2463.0	212.0	1190516.6694270482	2606.5927880334784	102	-12839.710085983374	-2.263459977206399e-06	85.0	106.0	112.0	83.0	105.0	112.0	0.00046581439884063971	137.0	137
DLR00012733-2009-11-10_22-35-16	1	18	2600.0	212.0	1407266.999378914	1982.2567575445044	102	-11808.468643790839	-6.0171044904311664e-06	84.0	105.0	112.0	85.0	106.0	113.0	0.0013974431965219191	137.0	137
DLR00012733-2009-11-10_22-35-16	1	19	2737.0	212.0	1191259.8134154549	2256.2065946019402	102	-12985.965484233422	-3.0678431866519488e-06	86.0	106.0	112.0	85.0	105.0	112.0	0.00020702862170695097	137.0	137
DLR00012733-2009-11-10_22-35-16	1	20	2874.0	212.0	1182342.0855545779	492.06540880545833	102	-14131.303574889569	-8.9144831137236982e-06	86.0	106.0	111.0	85.0	105.0	111.0	0.00010351431085347549	137.0	137
DLR00012733-2009-11-10_22-35-16	1	21	3013.0	217.0	1084494.7937477357	1897.2587434095014	102	-15993.486298586191	-2.9842916034669567e-06	85.0	104.0	109.0	83.0	102.0	108.0	0.00015527146628021324	137.0	137
DLR00012733-2009-11-10_22-35-16	1	22	3144.0	225.0	1026034.1333264323	1745.7704216522247	102	-19653.415751849941	-2.9072682055285649e-06	82.0	100.0	105.0	80.0	98.0	104.0	0.00031054293256042647	137.0	137
DLR00012733-2009-11-10_22-35-16	1	23	3285.0	217.0	877405.33564515295	1861.7395335234585	102	-18422.219051476088	-7.3600157913381917e-07	82.0	97.0	102.0	80.0	96.0	101.0	5.1757155426737743e-05	137.0	137
DLR00012733-2009-11-10_22-35-16	1	24	3422.0	212.0	841982.13886444806	8495.8747447227506	102	-35317.060012951064	1.4302221153597446e-06	87.0	100.0	102.0	83.0	96.0	99.0	0.020444076393561411	137.0	137
DLR00012733-2009-11-10_22-35-16	2	1	272.0	349.0	1148157.4620878838	3887.4863428161188	102	-10378.412307097875	2.8001791801197871e-06	78.0	94.0	100.0	77.0	94.0	99.0	0.00025878577713368871	137.0	137
DLR00012733-2009-11-10_22-35-16	2	2	411.0	352.0	4157890.6151337922	7158.9724338609785	102	4483.5691955505526	-9.2877261828540544e-06	76.0	95.0	102.0	75.0	95.0	102.0	0.014129703431499404	137.0	137
DLR00012733-2009-11-10_22-35-16	2	3	546.0	349.0	1520224.8856166867	59.082552845052575	102	-13564.463277944658	-9.8532958962745798e-06	78.0	98.0	105.0	78.0	97.0	105.0	0.0014492003519486569	137.0	137
DLR00012733-2009-11-10_22-35-16	2	4	694.0	349.0	1468452.5210910409	85.488161790410288	102	-12545.332215819795	-8.682340505419065e-06	80.0	100.0	108.0	79.0	99.0	107.0	0.00077635733140106618	137.0	137
DLR00012733-2009-11-10_22-35-16	2	5	820.0	362.0	2069656.0077118163	4268.4071852970947	102	-6023.0218552095021	-4.2436071525467318e-06	80.0	101.0	108.0	79.0	100.0	108.0	0.0017079861290823456	137.0	137
DLR00012733-2009-11-10_22-35-16	2	6	958.0	358.0	1734002.6396149269	3865.8385652389197	102	-7288.4133395528124	-4.0512991894748619e-06	81.0	102.0	109.0	79.0	101.0	108.0	0.00067284302054759066	137.0	137
DLR00012733-2009-11-10_22-35-16	2	7	1096.0	350.0	1356485.493504477	2755.6743543792054	102	-10493.379532262245	-6.8533032583675232e-07	81.0	103.0	109.0	79.0	102.0	108.0	0.00093162879768127942	137.0	137
DLR00012733-2009-11-10_22-35-16	2	8	1231.0	349.0	50533.791211635005	427.85366334772766	102	-17056.173438868929	3.0137011707716532e-05	83.0	105.0	111.0	79.0	102.0	108.0	0.00051757155426737742	137.0	137
DLR00012733-2009-11-10_22-35-16	2	9	1368.0	350.0	1368375.7973189792	4474.5759235607884	102	-8505.6995817896659	1.1171444932775208e-06	81.0	103.0	108.0	79.0	102.0	107.0	5.1757155426737743e-05	137.0	137
DLR00012733-2009-11-10_22-35-16	2	10	1505.0	349.0	2111767.5003881785	-897.57904153122774	102	-11280.299189533307	-9.9294174574041358e-06	79.0	101.0	107.0	79.0	101.0	107.0	5.1757155426737743e-05	137.0	137
DLR00012733-2009-11-10_22-35-16	2	11	1644.0	353.0	1588594.1325500752	4570.1313583585033	102	-7532.7966767321805	-1.2352807873480716e-06	80.0	101.0	107.0	78.0	101.0	107.0	0.00041405724341390195	137.0	137
DLR00012733-2009-11-10_22-35-16	2	12	1778.0	349.0	1172928.9283680967	3514.2730286206465	102	-12970.786732870538	-3.9815482173728815e-06	80.0	102.0	108.0	78.0	102.0	107.0	0.0058485585632213656	137.0	137
DLR00012733-2009-11-10_22-35-16	2	13	1918.0	353.0	3242089.5067543089	-6367.8710690532025	102	-12966.27642639779	-1.2215742266542873e-05	79.0	102.0	107.0	79.0	102.0	107.0	0.00041405724341390195	137.0	137
DLR00012733-2009-11-10_22-35-16	2	14	2052.0	349.0	1018107.2641167641	3270.7833248439774	102	-11831.313628649514	2.2265115976780056e-06	80.0	102.0	108.0	78.0	101.0	107.0	0.00036230008798716424	137.0	137
DLR00012733-2009-11-10_22-35-16	2	15	2188.0	353.0	2718172.9949277989	-2329.4856564121706	102	-10836.794940695114	-1.1074800988548352e-05	79.0	101.0	107.0	78.0	101.0	107.0	0.0011904145748149681	137.0	137
DLR00012733-2009-11-10_22-35-16	2	16	2326.0	349.0	751566.28694166965	3142.5399775247151	102	-13929.695883471861	6.5782117660214897e-06	81.0	103.0	108.0	79.0	101.0	107.0	0.00020702862170695097	137.0	137
DLR00012733-2009-11-10_22-35-16	2	17	2463.0	349.0	495181.61094146268	3139.2473889839221	102	-13973.062595814563	1.9252820567346095e-05	82.0	104.0	110.0	79.0	101.0	108.0	0.00041405724341390195	137.0	137
DLR00012733-2009-11-10_22-35-16	2	18	2594.0	349.0	3582944.8827700433	1092.5562525288781	102	-4026.4696055884438	-1.0093891964219761e-05	79.0	101.0	108.0	79.0	101.0	108.0	0.0010869002639614927	137.0	137
DLR00012733-2009-11-10_22-35-16	2	19	2737.0	349.0	1284152.8119662544	3892.2302332219479	102	-9888.1077791935131	1.0179636205177059e-06	80.0	101.0	109.0	78.0	100.0	108.0	0.00067284302054759066	137.0	137
DLR00012733-2009-11-10_22-35-16	2	20	2874.0	349.0	3166288.8199368566	5408.6500635770171	102	-1574.9235825153369	-8.2666369169492015e-06	79.0	100.0	108.0	78.0	100.0	107.0	0.0033642151027379534	137.0	137
DLR00012733-2009-11-10_22-35-16	2	21	3011.0	349.0	953949.1664510119	2850.8223807612117	102	-12558.73968430827	-3.5755326304506617e-06	78.0	98.0	106.0	77.0	98.0	106.0	0.00098338595310801724	137.0	137
DLR00012733-2009-11-10_22-35-16	2	22	3148.0	349.0	1372091.5172610113	4501.0483868646215	102	-10943.488011452624	-3.8156557952582853e-06	76.0	95.0	103.0	75.0	94.0	102.0	0.0032089436364577404	137.0	137
DLR00012733-2009-11-10_22-35-16	2	23	3279.0	350.0	1899476.0343667513	6836.9074492523687	102	-7311.0764166515137	-1.8130760656757806e-06	74.0	93.0	99.0	72.0	91.0	99.0	0.0071424874488898093	137.0	137
DLR00012733-2009-11-10_22-35-16	2	24	3418.0	347.0	1104064.2521091041	1533.8909597770426	102	-16096.975567857098	-5.8423697544987478e-06	76.0	92.0	97.0	75.0	91.0	96.0	0.00025878577713368871	137.0	137
DLR00012733-2009-11-10_22-35-16	3	1	272.0	486.0	802347.7928161067	4270.3018528350494	102	-12861.570727204671	4.7051694004581214e-06	77.0	95.0	101.0	76.0	94.0	100.0	0.0030019150147507891	137.0	137
DLR00012733-2009-11-10_22-35-16	3	2	409.0	486.0	808292.94472335791	3230.2862204400776	102	-12729.374565423124	-8.5698721830077782e-07	77.0	97.0	103.0	76.0	95.0	102.0	0.0032607007918844782	137.0	137
DLR00012733-2009-11-10_22-35-16	3	3	561.0	486.0	1185066.9468454013	2390.3442641290749	102	-13342.327144492481	-4.6608126352401039e-06	79.0	99.0	106.0	78.0	98.0	105.0	0.0010351431085347548	137.0	137
DLR00012733-2009-11-10_22-35-16	3	4	691.0	490.0	1127101.7157497024	3112.5462625567079	102	-11651.420159468435	-2.92988006797721e-06	80.0	101.0	108.0	79.0	100.0	107.0	0.0018632575953625588	137.0	137
DLR00012733-2009-11-10_22-35-16	3	5	820.0	486.0	703014.21303245169	4014.7761516633514	102	-11337.588341549612	6.761613168433321e-06	81.0	102.0	109.0	79.0	100.0	107.0	0.00025878577713368871	137.0	137
DLR00012733-2009-11-10_22-35-16	3	6	953.0	491.0	1699322.5868226285	664.61491408786981	102	-12057.42756146889	-7.2168296846102675e-06	81.0	102.0	108.0	79.0	101.0	108.0	0.00036230008798716424	137.0	137
DLR00012733-2009-11-10_22-35-16	3	7	1094.0	486.0	1478608.8222659281	748.08163540878161	102	-12714.230773277548	-7.6683857662037508e-06	80.0	102.0	108.0	79.0	101.0	107.0	0.00093162879768127942	137.0	137
DLR00012733-2009-11-10_22-35-16	3	8	1231.0	486.0	92645.283887997517	658.67086982708292	102	-16143.16942062783	1.8585522310337494e-05	82.0	104.0	109.0	79.0	102.0	107.0	0.00020702862170695097	137.0	137
DLR00012733-2009-11-10_22-35-16	3	9	1368.0	486.0	902919.94591377256	5252.5788527445029	102	-9890.2192003275595	1.0258900691519417e-05	82.0	103.0	108.0	79.0	102.0	107.0	0.00025878577713368871	137.0	137
DLR00012733-2009-11-10_22-35-16	3	10	1504.0	488.0	3311697.3270017081	4927.5469952713038	102	-813.94527406341854	-7.2952858545061962e-06	80.0	102.0	107.0	79.0	101.0	106.0	0.0022773148387764609	137.0	137
DLR00012733-2009-11-10_22-35-16	3	11	1642.0	486.0	1741434.0794989907	-218.96004997158173	102	-12684.703239730943	-9.1312166207694986e-06	80.0	101.0	107.0	79.0	101.0	106.0	0.00015527146628021324	137.0	137
DLR00012733-2009-11-10_22-35-16	3	12	1778.0	487.0	3626790.3780860207	6954.0445237293934	102	2379.975989305347	-6.9565012463502937e-06	79.0	102.0	107.0	78.0	101.0	107.0	0.003623000879871642	137.0	137
DLR00012733-2009-11-10_22-35-16	3	13	1920.0	491.0	1365403.221365354	2931.9615864802854	102	-11411.60588188037	-2.0929783418925311e-06	80.0	102.0	107.0	78.0	101.0	107.0	0.00020702862170695097	137.0	137
DLR00012733-2009-11-10_22-35-16	3	14	2052.0	486.0	202878.30883494642	-72.684875832793111	102	-19093.764356236898	-1.2918831294416844e-05	78.0	102.0	107.0	78.0	101.0	106.0	0.0	137.0	137
DLR00012733-2009-11-10_22-35-16	3	15	2199.0	492.0	114691.8888773873	1065.4967664379444	102	-17337.444451079427	3.1045452873963026e-05	81.0	104.0	109.0	78.0	101.0	106.0	0.0012421717302417059	137.0	137
DLR00012733-2009-11-10_22-35-16	3	16	2326.0	486.0	1250711.3324879664	1995.9638576632271	102	-12384.352698836055	-2.2988929734692062e-06	80.0	102.0	107.0	78.0	101.0	107.0	0.00087987164225454171	137.0	137
DLR00012733-2009-11-10_22-35-16	3	17	2463.0	486.0	1545739.4958853063	987.29989083035161	102	-12711.370121931892	-4.5974500678236225e-06	80.0	102.0	107.0	79.0	101.0	107.0	0.0	137.0	137
DLR00012733-2009-11-10_22-35-16	3	18	2602.0	489.0	1303474.5556648208	2126.8695793960628	102	-11399.283429116971	-6.8329595115610406e-06	80.0	101.0	108.0	78.0	101.0	107.0	0.00031054293256042647	137.0	137
DLR00012733-2009-11-10_22-35-16	3	19	2737.0	486.0	2731797.3013819163	-4682.3274885332903	102	-13374.956778258442	-1.0622518172445115e-05	79.0	100.0	108.0	78.0	100.0	107.0	5.1757155426737743e-05	137.0	137
DLR00012733-2009-11-10_22-35-16	3	20	2874.0	486.0	1422129.8791470421	3170.20495453384	102	-11934.770132365769	-1.8469304659753916e-06	79.0	100.0	108.0	77.0	99.0	107.0	0.00031054293256042647	137.0	137
DLR00012733-2009-11-10_22-35-16	3	21	3011.0	486.0	456785.83820713218	1.654694069560906	102	-19749.957058825083	-1.0324695873715668e-05	77.0	97.0	105.0	77.0	98.0	106.0	0.0	137.0	137
DLR00012733-2009-11-10_22-35-16	3	22	3142.0	486.0	3931727.1279954454	-242.92126211267944	102	-4247.8159858059535	-1.2557377066938489e-05	75.0	95.0	103.0	74.0	95.0	103.0	0.0061591014957817916	137.0	137
DLR00012733-2009-11-10_22-35-16	3	23	3285.0	486.0	2723127.2881838423	-4430.9843216241497	102	-15333.592144414346	-1.3604646355660108e-05	72.0	92.0	99.0	72.0	91.0	99.0	0.0017079861290823456	137.0	137
DLR00012733-2009-11-10_22-35-16	3	24	3422.0	486.0	1209095.2691372081	-740.99161868339991	102	-21266.224757816963	-1.5224223683302956e-05	71.0	89.0	96.0	72.0	90.0	95.0	0.003623000879871642	137.0	137
DLR00012733-2009-11-10_22-35-16	4	1	272.0	623.0	596744.62269033701	2193.7962506601807	102	-14774.927254931161	3.6292106406175234e-06	77.0	95.0	102.0	76.0	94.0	102.0	0.00025878577713368871	137.0	137
DLR00012733-2009-11-10_22-35-16	4	2	411.0	617.0	1105302.8254231149	3368.2963791911357	102	-10237.518786852957	-1.2170376848489964e-06	77.0	97.0	104.0	76.0	96.0	103.0	0.0021738005279229853	137.0	137
DLR00012733-2009-11-10_22-35-16	4	3	546.0	623.0	889295.63945965539	1937.8450396248004	102	-13844.010553271164	-2.3189530715335099e-06	79.0	99.0	106.0	78.0	98.0	106.0	0.00036230008798716424	137.0	137
DLR00012733-2009-11-10_22-35-16	4	4	692.0	620.0	1540537.4879664613	3362.2883462364794	102	-9310.8855348854449	-4.3112420732542115e-06	80.0	101.0	108.0	79.0	100.0	107.0	0.00025878577713368871	137.0	137
DLR00012733-2009-11-10_22-35-16	4	5	821.0	623.0	1213306.4184048444	2288.4426625785336	102	-11006.379481979784	-2.0774049879586437e-06	80.0	101.0	109.0	79.0	100.0	108.0	0.00020702862170695097	137.0	137
DLR00012733-2009-11-10_22-35-16	4	6	957.0	623.0	1002501.2403602299	3326.9736032116657	102	-11427.20357716471	-1.3393477485823439e-06	81.0	102.0	109.0	79.0	101.0	108.0	0.00082811448682780389	137.0	137
DLR00012733-2009-11-10_22-35-16	4	7	1094.0	623.0	1316355.7181305315	2025.9306895931511	102	-11059.869402302767	-4.7954300958500038e-06	80.0	102.0	108.0	79.0	101.0	108.0	0.00015527146628021324	137.0	137
DLR00012733-2009-11-10_22-35-16	4	8	1231.0	623.0	1153854.8993323329	-3886.7622589926304	102	-18343.292769137195	-1.6491534528280425e-05	80.0	101.0	107.0	79.0	101.0	107.0	0.00025878577713368871	137.0	137
DLR00012733-2009-11-10_22-35-16	4	9	1371.0	620.0	1341127.1844107448	3585.7797499264957	102	-7845.4968147719819	-2.2888741397260967e-06	81.0	102.0	108.0	80.0	101.0	107.0	0.00041405724341390195	137.0	137
DLR00012733-2009-11-10_22-35-16	4	10	1499.0	633.0	1193489.245380674	2915.9734955698764	102	-9372.6318303003154	-1.201078259818831e-06	81.0	102.0	107.0	80.0	101.0	107.0	0.00041405724341390195	137.0	137
DLR00012733-2009-11-10_22-35-16	4	11	1640.0	618.0	3185362.84897262	2227.3277537614645	102	-3821.8472091241579	-9.295199671507879e-06	80.0	101.0	107.0	79.0	101.0	107.0	0.00036230008798716424	137.0	137
DLR00012733-2009-11-10_22-35-16	4	12	1773.0	629.0	1264831.0682676882	4042.9104021819749	102	-8078.9860429448236	1.6513145270544846e-06	80.0	102.0	108.0	79.0	101.0	107.0	0.00041405724341390195	137.0	137
DLR00012733-2009-11-10_22-35-16	4	13	1915.0	623.0	2788771.6738264062	929.76333278350955	102	-7126.5025731851274	-1.0093949022046818e-05	79.0	101.0	107.0	78.0	101.0	107.0	0.0	137.0	137
DLR00012733-2009-11-10_22-35-16	4	14	2052.0	623.0	1364164.6480513432	3507.8190795136702	102	-10770.113790082472	-1.5296553810050071e-07	80.0	102.0	107.0	78.0	101.0	107.0	0.00051757155426737742	137.0	137
DLR00012733-2009-11-10_22-35-16	4	15	2189.0	623.0	219227.47657988718	314.90426000047614	102	-17100.692268232804	-1.185696807444794e-06	80.0	101.0	108.0	79.0	101.0	107.0	0.0	137.0	137
DLR00012733-2009-11-10_22-35-16	4	16	2326.0	623.0	1290345.6785363078	4167.3608785652714	102	-9160.5346238078619	2.3488156855040332e-06	80.0	102.0	107.0	78.0	100.0	106.0	0.0014492003519486569	137.0	137
DLR00012733-2009-11-10_22-35-16	4	17	2464.0	625.0	9413.1571864810321	94.052054526050753	102	-17994.506562157843	3.5975440174971519e-05	82.5	105.0	109.5	79.0	100.0	107.0	0.00036230008798716424	137.0	137
DLR00012733-2009-11-10_22-35-16	4	18	2600.0	623.0	1515270.5923606439	6572.225754881043	102	-5233.5566009349741	4.4401400167789327e-06	80.0	102.0	108.0	78.0	100.0	107.0	0.0015009575073753945	137.0	137
DLR00012733-2009-11-10_22-35-16	4	19	2737.0	623.0	1350292.6269344238	2801.7846272263146	102	-10657.144615412073	-2.7515293385385107e-06	79.0	101.0	108.0	77.0	100.0	108.0	5.1757155426737743e-05	137.0	137
DLR00012733-2009-11-10_22-35-16	4	20	2874.0	623.0	1629219.3372496248	3232.9581538638581	102	-9918.7629497108555	-5.0172776086850391e-06	78.0	100.0	108.0	77.0	99.0	107.0	0.00082811448682780389	137.0	137
DLR00012733-2009-11-10_22-35-16	4	21	3008.0	618.0	964353.18228870141	5139.9710583731594	102	-10120.343613713887	7.8742064429697352e-06	78.0	99.0	107.0	76.0	98.0	106.0	5.1757155426737743e-05	137.0	137
DLR00012733-2009-11-10_22-35-16	4	22	3148.0	623.0	1692138.8616013667	3042.194550306946	102	-10830.24774684835	-7.0999853109969629e-06	76.0	96.0	104.0	74.0	95.0	103.0	0.0011386574193882305	137.0	137
DLR00012733-2009-11-10_22-35-16	4	23	3282.0	626.0	2966383.0870555351	-3126.9247535731643	102	-12147.188413544922	-1.3426407051673308e-05	73.0	92.0	100.0	72.0	91.0	99.0	0.0028984007038973139	137.0	137
DLR00012733-2009-11-10_22-35-16	4	24	3415.0	626.0	1094403.380259821	2351.5073176478463	102	-16935.726329182246	-4.3118754031452297e-06	71.0	90.0	97.0	71.0	90.0	96.0	0.0033642151027379534	137.0	137
DLR00012733-2009-11-10_22-35-16	5	1	272.0	760.0	1549950.6451529425	3040.1839182108411	102	-11285.009448065319	-5.2595239232496332e-06	76.0	95.0	103.0	76.0	95.0	103.0	0.0012421717302417059	137.0	137
DLR00012733-2009-11-10_22-35-16	5	2	409.0	765.0	3679305.8866000725	-1380.2068861410669	102	-5575.7320850782971	-1.1856763960704147e-05	77.0	96.0	104.0	76.0	96.0	104.0	0.0054862584752342009	137.0	137
DLR00012733-2009-11-10_22-35-16	5	3	556.0	762.0	700289.35174162837	4559.6277024848141	102	-10976.317262247903	8.0765756213084583e-06	80.0	100.0	108.0	78.0	98.0	106.0	0.0020185290616427723	137.0	137
DLR00012733-2009-11-10_22-35-16	5	4	692.0	765.0	2216550.8027534806	-4315.7201904771146	102	-14397.419750205865	-1.1590868939062042e-05	79.0	100.0	108.0	79.0	100.0	108.0	0.00056932870969411524	137.0	137
DLR00012733-2009-11-10_22-35-16	5	5	825.0	769.0	514503.35464002902	2210.4288900897059	102	-14066.955866847551	1.8528228232717533e-06	81.0	102.0	110.0	79.0	100.0	108.0	0.00010351431085347549	137.0	137
DLR00012733-2009-11-10_22-35-16	5	6	956.0	766.0	946517.72656694788	1931.3150765905079	102	-12085.016756742472	-2.9338782771054965e-06	80.0	102.0	109.0	79.0	101.0	108.0	0.0010351431085347548	137.0	137
DLR00012733-2009-11-10_22-35-16	5	7	1096.0	769.0	1895512.599761917	2277.1308195079196	102	-8742.440164053196	-4.6285363443163756e-06	80.0	102.0	108.0	79.0	101.0	108.0	0.00036230008798716424	137.0	137
DLR00012733-2009-11-10_22-35-16	5	8	1231.0	760.0	1788499.8654313958	2246.4795582902721	102	-9162.2918229810184	-4.958943821032353e-06	80.0	102.0	108.0	79.0	101.0	107.0	0.0013456860410951813	137.0	137
DLR00012733-2009-11-10_22-35-16	5	9	1371.0	761.0	1752333.5246622844	2048.2183961852643	102	-9056.8917048401454	-4.0991941160858001e-06	80.0	102.0	107.0	80.0	101.0	107.0	0.0	137.0	137
DLR00012733-2009-11-10_22-35-16	5	10	1508.0	768.0	1126606.2864240981	2000.398984114968	102	-11056.479043701032	-2.6422586148978521e-06	81.0	102.0	107.0	80.0	101.0	107.0	5.1757155426737743e-05	137.0	137
DLR00012733-2009-11-10_22-35-16	5	11	1647.0	768.0	1264831.0682676882	3355.0008447588862	102	-9656.3214353896601	-4.5367048415457993e-07	80.0	101.0	107.0	79.0	100.0	106.0	0.00020702862170695097	137.0	137
DLR00012733-2009-11-10_22-35-16	5	12	1779.0	760.0	642571.83530873142	-1124.5203131049789	102	-15941.376952789353	-1.3550903609339452e-05	79.0	100.0	106.0	79.0	100.0	106.0	0.0010351431085347548	137.0	137
DLR00012733-2009-11-10_22-35-16	5	13	1915.0	760.0	1246500.1832203304	4704.4323621956528	102	-9224.1934161474182	1.9882960727251426e-06	80.0	102.0	107.0	79.0	100.0	106.0	0.0013974431965219191	137.0	137
DLR00012733-2009-11-10_22-35-16	5	14	2061.0	770.0	982188.63801045495	1792.6141226519985	102	-13975.366788126954	-3.8862155440866081e-06	79.0	101.0	107.0	78.0	100.0	106.0	0.0010351431085347548	137.0	137
DLR00012733-2009-11-10_22-35-16	5	15	2189.0	760.0	1486783.4061383987	33.239230836794214	102	-14282.123220016143	-8.3907040245460866e-06	79.0	101.0	107.0	78.0	100.0	106.0	0.00036230008798716424	137.0	137
DLR00012733-2009-11-10_22-35-16	5	16	2326.0	760.0	1280189.3773614201	3412.4686357579612	102	-11744.965492739493	-2.4964819604296053e-06	80.0	101.0	107.0	78.0	100.0	106.0	0.0013456860410951813	137.0	137
DLR00012733-2009-11-10_22-35-16	5	17	2458.0	758.0	1498425.9952900987	2766.3678381232558	102	-10650.968609848758	-4.4407718733106077e-06	79.0	101.0	107.0	78.0	100.0	107.0	0.00031054293256042647	137.0	137
DLR00012733-2009-11-10_22-35-16	5	18	2593.0	763.0	1196214.1066714972	2740.2981064470746	102	-11421.226554163924	-1.2600864754692946e-06	79.0	101.0	108.0	77.0	100.0	107.0	0.00025878577713368871	137.0	137
DLR00012733-2009-11-10_22-35-16	5	19	2740.0	760.0	372067.42352880293	948.10267256492421	102	-14797.16369967762	1.5989014278395897e-08	78.0	101.0	108.0	77.0	100.0	108.0	5.1757155426737743e-05	137.0	137
DLR00012733-2009-11-10_22-35-16	5	20	2874.0	760.0	504099.33880233939	3660.8442132964337	102	-11771.534828466338	1.9010639223689438e-05	80.0	101.0	109.0	77.0	99.0	107.0	0.00015527146628021324	137.0	137
DLR00012733-2009-11-10_22-35-16	5	21	3011.0	760.0	2268075.4526163246	-864.4950283378837	102	-11768.895208084763	-1.0260111247722307e-05	77.0	98.0	107.0	76.0	97.0	106.0	0.0014492003519486569	137.0	137
DLR00012733-2009-11-10_22-35-16	5	22	3145.0	759.0	1386706.6823663372	4038.8899977096212	102	-11015.698928151684	-2.3835167163404655e-06	76.0	96.0	105.0	74.0	95.0	104.0	0.00093162879768127942	137.0	137
DLR00012733-2009-11-10_22-35-16	5	23	3288.0	763.0	1335429.7471662955	6982.4366191302661	102	-10354.384603916509	3.3602690599267556e-06	74.0	93.0	101.0	72.0	92.0	100.0	0.0040888152787122824	137.0	137
DLR00012733-2009-11-10_22-35-16	5	24	3411.0	761.0	1206865.837171989	3354.5235843009009	102	-16769.656360779849	-3.774465521676414e-06	71.0	90.0	97.0	70.0	90.0	96.0	0.0021738005279229853	137.0	137
DLR00012733-2009-11-10_22-35-16	6	1	272.0	897.0	1076567.9245380673	4613.6034960468814	102	-10547.313463283788	3.5167542521273294e-06	77.0	96.0	103.0	76.0	95.0	103.0	0.0017597432845090834	137.0	137
DLR00012733-2009-11-10_22-35-16	6	2	411.0	898.0	3194528.2914962992	-8305.7024820254155	102	-15245.207351317755	-1.3446838634438352e-05	76.0	96.0	105.0	76.0	96.0	104.0	0.00046581439884063971	137.0	137
DLR00012733-2009-11-10_22-35-16	6	3	557.0	903.0	1223215.0049169296	2784.1059396325222	102	-10854.294946669937	-3.9336044846015896e-06	79.0	99.0	107.0	78.0	98.0	106.0	0.0011904145748149681	137.0	137
DLR00012733-2009-11-10_22-35-16	6	4	683.0	897.0	35175.482117902793	173.91462345004803	102	-16819.547901476013	1.0701602546627654e-05	80.0	101.0	109.0	79.0	100.0	108.0	0.0	137.0	137
DLR00012733-2009-11-10_22-35-16	6	5	823.0	895.0	174391.12261270121	125.92957117702794	102	-15547.648416561948	-9.7256706747022175e-06	79.0	101.0	109.0	79.0	100.0	108.0	5.1757155426737743e-05	137.0	137
DLR00012733-2009-11-10_22-35-16	6	6	956.0	895.0	1328989.1659334402	3622.5394687917164	102	-7451.6112962671332	7.2051950933338834e-08	80.0	101.0	109.0	78.0	101.0	108.0	0.0022255576833497231	137.0	137
DLR00012733-2009-11-10_22-35-16	6	7	1096.0	893.0	1480342.8249055431	1776.3541496338657	102	-9105.9476600614544	-5.9606587273578048e-06	80.0	101.0	108.0	79.0	101.0	107.0	0.00010351431085347549	137.0	137
DLR00012733-2009-11-10_22-35-16	6	8	1237.0	896.0	1189525.8107758395	3470.0450503609404	102	-9773.9223397281294	5.9903284976872639e-07	80.0	102.0	108.0	79.0	100.0	107.0	0.0	137.0	137
DLR00012733-2009-11-10_22-35-16	6	9	1373.0	897.0	692857.91185756435	2574.3298259359249	102	-12377.185579626934	4.820549074311126e-06	81.0	102.0	108.0	79.0	101.0	107.0	0.0015527146628021324	137.0	137
DLR00012733-2009-11-10_22-35-16	6	10	1505.0	897.0	1585869.2712592517	2386.4054766636268	102	-9342.7234565164908	-4.9920669763057726e-06	80.0	101.0	107.0	79.0	100.0	106.0	0.00077635733140106618	137.0	137
DLR00012733-2009-11-10_22-35-16	6	11	1642.0	897.0	1170699.4964028776	3033.2570411401553	102	-8854.0483928292815	-1.7153106455110761e-06	80.0	101.0	107.0	79.0	100.0	106.0	0.00020702862170695097	137.0	137
DLR00012733-2009-11-10_22-35-16	6	12	1779.0	897.0	1230646.4448009939	3082.5328748864536	102	-9371.3540202077074	-1.4691348318107171e-06	80.0	101.0	107.0	79.0	100.0	106.0	0.00067284302054759066	137.0	137
DLR00012733-2009-11-10_22-35-16	6	13	1907.0	891.0	1174167.5016821073	2615.3760455284241	102	-10549.478900077364	-2.4129602576824902e-06	80.0	100.0	106.0	79.0	100.0	106.0	0.00062108586512085295	137.0	137
DLR00012733-2009-11-10_22-35-16	6	14	2049.0	899.0	436968.6651829615	367.42631257677328	102	-13847.266464567265	-7.2417641448591779e-06	79.0	100.0	106.0	79.0	100.0	106.0	0.00093162879768127942	137.0	137
DLR00012733-2009-11-10_22-35-16	6	15	2189.0	899.0	1773884.7003260702	1200.2114357469222	102	-10795.792419530871	-7.5660735944701219e-06	79.0	100.0	106.0	78.0	99.0	105.0	0.0	137.0	137
DLR00012733-2009-11-10_22-35-16	6	16	2326.0	897.0	2019865.3604885873	128.23543390184369	102	-10772.162836848353	-9.2814018201706678e-06	79.0	100.0	106.0	78.0	99.0	106.0	0.0	137.0	137
DLR00012733-2009-11-10_22-35-16	6	17	2463.0	897.0	1170699.4964028776	3142.0972960742315	102	-10330.531597567246	-2.2562649464575511e-06	79.0	100.0	107.0	78.0	99.0	106.0	0.00020702862170695097	137.0	137
DLR00012733-2009-11-10_22-35-16	6	18	2600.0	897.0	1759764.9645463487	4546.8267919355912	102	-7286.8602360035193	-4.7637430148319966e-06	78.0	100.0	107.0	77.0	99.0	107.0	0.0010351431085347548	137.0	137
DLR00012733-2009-11-10_22-35-16	6	19	2737.0	897.0	261586.68391905181	181.96201663974188	102	-16001.249998056848	-4.0195969607052384e-06	78.0	100.0	107.0	77.0	99.0	107.0	0.0	137.0	137
DLR00012733-2009-11-10_22-35-16	6	20	2870.0	893.0	3774428.317116091	6741.6308066964139	102	2879.6140334709858	-8.6092173194270549e-06	77.0	99.0	107.0	76.0	99.0	107.0	0.0020702862170695097	137.0	137
DLR00012733-2009-11-10_22-35-16	6	21	3011.0	897.0	1413707.5806117696	5467.6400652798475	102	-7827.5779748353461	1.3320231602130255e-06	77.0	99.0	107.0	75.0	97.0	106.0	0.00020702862170695097	137.0	137
DLR00012733-2009-11-10_22-35-16	6	22	3143.0	893.0	1077311.0685264736	4833.901300524908	102	-10670.458394392976	4.9069222786859994e-06	76.0	96.0	105.0	74.0	95.0	104.0	0.00041405724341390195	137.0	137
DLR00012733-2009-11-10_22-35-16	6	23	3289.0	905.0	376278.57279643905	-947.87597670500691	102	-23072.826589834996	-1.706096892473148e-05	72.0	92.0	101.0	71.0	91.0	100.0	5.1757155426737743e-05	137.0	137
DLR00012733-2009-11-10_22-35-16	6	24	3415.0	898.0	960389.74768386735	3577.4594118856539	102	-17810.305962354072	-4.3829740227479655e-07	71.0	90.0	97.0	70.0	89.0	96.0	0.00093162879768127942	137.0	137
DLR00012733-2009-11-10_22-35-16	7	1	272.0	1034.0	1036438.1491641219	4233.03092450453	102	-10845.87294168985	3.7713446768722496e-06	77.0	96.0	104.0	76.0	95.0	103.0	0.00077635733140106618	137.0	137
DLR00012733-2009-11-10_22-35-16	7	2	409.0	1034.0	1005473.8163138554	3184.8349935359079	102	-11434.055286781997	-1.9995191423860245e-06	77.0	97.0	105.0	76.0	96.0	105.0	0.0013974431965219191	137.0	137
DLR00012733-2009-11-10_22-35-16	7	3	554.0	1037.0	1763232.9698255784	1812.4869490821475	102	-8681.3388159684382	-5.5584726400353231e-06	78.0	99.0	107.0	77.0	98.0	106.0	0.0022773148387764609	137.0	137
DLR00012733-2009-11-10_22-35-16	7	4	685.0	1037.0	1404294.4234252884	5543.0863827475969	102	-5782.2288455780199	1.4356608425701573e-07	80.0	101.0	108.0	78.0	99.0	108.0	0.0022773148387764609	137.0	137
DLR00012733-2009-11-10_22-35-16	7	5	826.0	1034.0	2947804.4873453756	-3251.43703667925	102	-8931.4579208842733	-8.0959214616070597e-06	78.0	101.0	108.0	78.0	100.0	108.0	0.0012421717302417059	137.0	137
DLR00012733-2009-11-10_22-35-16	7	6	957.0	1034.0	866010.46115625487	3855.6996257880432	102	-6438.7559290664904	5.049465426622118e-06	80.0	101.0	109.0	78.0	100.0	108.0	0.00087987164225454171	137.0	137
DLR00012733-2009-11-10_22-35-16	7	7	1101.0	1035.0	352993.39449303865	3554.1372342132713	102	-8585.8728079263401	2.9857635676620922e-05	82.0	103.0	110.0	78.0	100.0	107.0	0.00072460017597432847	137.0	137
DLR00012733-2009-11-10_22-35-16	7	8	1231.0	1034.0	1849933.1018063247	1718.1811231606205	102	-9426.687108316115	-6.3697727886449558e-06	79.0	101.0	107.0	78.0	100.0	106.0	0.00051757155426737742	137.0	137
DLR00012733-2009-11-10_22-35-16	7	9	1378.0	1041.0	1415937.0125769889	877.51197813768943	102	-13034.826407325347	-7.6678405837937732e-06	80.0	101.0	107.0	79.0	100.0	106.0	0.00025878577713368871	137.0	137
DLR00012733-2009-11-10_22-35-16	7	10	1505.0	1034.0	740419.12711557362	3394.5454088263391	102	-9121.9048630055895	6.2974631169979673e-06	81.0	101.0	107.0	79.0	100.0	106.0	5.1757155426737743e-05	137.0	137
DLR00012733-2009-11-10_22-35-16	7	11	1641.0	1046.0	60442.377723720303	443.35223411395958	102	-10956.645730216018	2.4285418951990543e-05	81.0	102.0	107.0	79.0	100.0	106.0	0.0	137.0	137
DLR00012733-2009-11-10_22-35-16	7	12	1777.0	1028.0	1265574.2122560942	1669.7015383293485	102	-9738.9551669210268	-2.8484333201247945e-06	80.0	100.0	106.0	79.0	100.0	105.0	5.1757155426737743e-05	137.0	137
DLR00012733-2009-11-10_22-35-16	7	13	1925.0	1026.0	853129.29869054398	2608.5179003848561	102	-10809.800079297109	1.9638442714192071e-06	80.0	101.0	106.0	79.0	99.0	105.0	0.0	137.0	137
DLR00012733-2009-11-10_22-35-16	7	14	2063.0	1041.0	1178130.9362869416	2577.4824042598716	102	-10440.080707954587	-3.1559293706252735e-06	79.0	100.0	105.0	78.0	99.0	105.0	0.0010351431085347548	137.0	137
DLR00012733-2009-11-10_22-35-16	7	15	2189.0	1034.0	1492728.5580456499	4877.8274592252355	102	-8445.5199736781142	1.4007465066613031e-07	79.0	100.0	106.0	77.0	99.0	105.0	0.00010351431085347549	137.0	137
DLR00012733-2009-11-10_22-35-16	7	16	2323.0	1034.0	2330747.2623052634	-1089.1947069866385	102	-11094.559186221444	-1.0378064152586778e-05	78.0	99.0	105.0	77.0	99.0	105.0	0.00010351431085347549	137.0	137
DLR00012733-2009-11-10_22-35-16	7	17	2468.0	1032.0	3669149.5854251846	2809.0481440756275	102	-1538.9075470884618	-1.1813251388050786e-05	78.0	99.0	105.0	77.0	99.0	105.0	0.0015527146628021324	137.0	137
DLR00012733-2009-11-10_22-35-16	7	18	2601.0	1036.0	3357276.8249573	-2659.390794775049	102	-8279.6423818607254	-1.0741039381361402e-05	77.0	99.0	106.0	76.0	99.0	106.0	0.00020702862170695097	137.0	137
DLR00012733-2009-11-10_22-35-16	7	19	2737.0	1034.0	1514775.1630350396	5396.8198633514085	102	-7991.6128613059755	-1.7271135462748211e-06	77.0	99.0	107.0	76.0	98.0	106.0	0.0027431292376171004	137.0	137
DLR00012733-2009-11-10_22-35-16	7	20	2869.0	1036.0	1751342.666011076	503.38760247746706	102	-10655.127708133787	-5.6864631712251329e-06	76.0	99.0	107.0	75.0	98.0	106.0	0.0011386574193882305	137.0	137
DLR00012733-2009-11-10_22-35-16	7	21	3011.0	1034.0	1690900.2882873556	3711.0577220462724	102	-9501.5045927027513	-3.6935159812804464e-06	76.0	98.0	106.0	74.0	97.0	106.0	0.00046581439884063971	137.0	137
DLR00012733-2009-11-10_22-35-16	7	22	3145.0	1031.0	3034752.333988924	-8059.3458692960266	102	-15897.554825550278	-1.4183381710946781e-05	74.0	95.0	104.0	73.0	94.0	103.0	5.1757155426737743e-05	137.0	137
DLR00012733-2009-11-10_22-35-16	7	23	3285.0	1034.0	491961.3203250349	1788.6444724030148	102	-19355.761467415065	1.7458763824024052e-06	73.0	93.0	100.0	71.0	92.0	100.0	0.0	137.0	137
DLR00012733-2009-11-10_22-35-16	7	24	3410.0	1030.0	1538060.3413384401	1455.6775686963804	102	-18388.422814733869	-9.3820535319215282e-06	70.0	90.0	96.0	69.0	89.0	96.0	0.0020185290616427723	137.0	137
DLR00012733-2009-11-10_22-35-16	8	1	272.0	1171.0	1332704.8858754723	2413.2229307177754	102	-12090.784193141528	-4.6617019339195668e-06	76.0	96.0	103.0	75.0	95.0	103.0	0.00041405724341390195	137.0	137
DLR00012733-2009-11-10_22-35-16	8	2	409.0	1171.0	1176396.9336473267	4593.2815249453515	102	-8499.1452898053922	3.4779148736254351e-07	77.0	97.0	105.0	75.0	96.0	104.0	0.0016044718182288702	137.0	137
DLR00012733-2009-11-10_22-35-16	8	3	546.0	1167.0	838266.41892241593	4041.6179063341046	102	-7065.8230129954254	4.8692835948542426e-06	78.0	99.0	107.0	77.0	98.0	106.0	0.00077635733140106618	137.0	137
DLR00012733-2009-11-10_22-35-16	8	4	681.0	1173.0	2279470.3271052218	-2933.5262385824108	102	-11325.436978059015	-1.0571025114530113e-05	77.0	100.0	108.0	77.0	99.0	107.0	0.00077635733140106618	137.0	137
DLR00012733-2009-11-10_22-35-16	8	5	820.0	1171.0	575936.59101495775	2361.7696418408368	102	-10814.67378271593	1.9024341833537093e-06	79.0	101.0	109.0	77.0	100.0	108.0	0.00082811448682780389	137.0	137
DLR00012733-2009-11-10_22-35-16	8	6	957.0	1171.0	878396.19429636141	4708.9707586080212	102	-5706.8847876123355	6.1797677154232552e-06	79.0	101.0	108.0	77.0	100.0	108.0	0.00041405724341390195	137.0	137
DLR00012733-2009-11-10_22-35-16	8	7	1093.0	1172.0	1031731.5705708815	3704.5941873088636	102	-7573.5355773285992	1.1515805143811603e-06	79.0	101.0	107.0	78.0	100.0	107.0	0.00025878577713368871	137.0	137
DLR00012733-2009-11-10_22-35-16	8	8	1231.0	1171.0	3591367.1813053153	-1223.0291944671199	102	-5980.2689099804593	-1.1590708018496625e-05	79.0	100.0	106.0	78.0	100.0	106.0	0.00072460017597432847	137.0	137
DLR00012733-2009-11-10_22-35-16	8	9	1371.0	1166.0	722335.95673101803	2942.8413772878253	102	-12724.119853448943	5.3030499081548784e-06	80.0	101.0	107.0	78.0	100.0	106.0	5.1757155426737743e-05	137.0	137
DLR00012733-2009-11-10_22-35-16	8	10	1505.0	1171.0	39634.346048341184	307.10743030524105	102	-15237.15386533954	2.3895489346444903e-05	82.0	102.0	108.0	79.0	100.0	105.0	0.00051757155426737742	137.0	137
DLR00012733-2009-11-10_22-35-16	8	11	1636.0	1171.0	265302.40386108379	1048.7214239455873	102	-11352.690710751776	6.1628879679475266e-06	80.0	101.0	106.0	79.0	100.0	105.0	0.00056932870969411524	137.0	137
DLR00012733-2009-11-10_22-35-16	8	12	1775.0	1167.0	890038.78344806167	3874.0767333757026	102	-7154.6122365010569	8.0862920187399134e-06	80.0	101.0	106.0	78.0	99.0	105.0	0.00046581439884063971	137.0	137
DLR00012733-2009-11-10_22-35-16	8	13	1916.0	1171.0	168693.68536825216	-447.46471821980117	102	-18014.619222145924	-1.389760142271258e-05	78.0	99.0	105.0	78.0	99.0	105.0	0.0	137.0	137
DLR00012733-2009-11-10_22-35-16	8	14	2052.0	1171.0	1207113.5518347912	2138.2564383103695	102	-10912.16936340565	-1.2782530000150065e-06	79.0	100.0	105.0	78.0	99.0	104.0	0.0011386574193882305	137.0	137
DLR00012733-2009-11-10_22-35-16	8	15	2189.0	1171.0	929177.70017079858	2952.7180544678904	102	-12751.776468850963	1.3020786211078403e-06	79.0	99.0	105.0	77.0	98.0	104.0	0.00015527146628021324	137.0	137
DLR00012733-2009-11-10_22-35-16	8	16	2326.0	1171.0	1435506.4709383571	2207.7420282890112	102	-9507.4746078250846	-5.8958936240009592e-06	78.0	99.0	105.0	77.0	98.0	104.0	0.00046581439884063971	137.0	137
DLR00012733-2009-11-10_22-35-16	8	17	2463.0	1177.0	1505609.7205113606	2782.31276400959	102	-9166.1545516359456	-4.3704668133557002e-06	77.0	99.0	105.0	76.0	98.0	104.0	0.00020702862170695097	137.0	137
DLR00012733-2009-11-10_22-35-16	8	18	2600.0	1171.0	1032722.4292220899	2388.1140452187587	102	-11149.210877796735	-1.7127360548210943e-06	77.0	99.0	106.0	76.0	98.0	105.0	0.0	137.0	137
DLR00012733-2009-11-10_22-35-16	8	19	2738.0	1164.0	1810051.0410951814	-3699.1495945541042	102	-15176.788297350391	-1.2419923289088261e-05	75.0	98.0	106.0	75.0	98.0	106.0	0.00056932870969411524	137.0	137
DLR00012733-2009-11-10_22-35-16	8	20	2874.0	1171.0	412692.62822835252	4161.4671966083106	102	-10150.029322974573	3.1800401710214288e-05	78.0	100.0	108.0	75.0	98.0	106.0	0.00010351431085347549	137.0	137
DLR00012733-2009-11-10_22-35-16	8	21	3011.0	1171.0	1136514.8729361834	3971.9540323927813	102	-10117.564477362914	1.4040604652453182e-06	76.0	98.0	106.0	74.0	96.0	105.0	0.00031054293256042647	137.0	137
DLR00012733-2009-11-10_22-35-16	8	22	3145.0	1171.0	1267803.6442213138	3643.0959420242966	102	-11464.245417351081	-2.0541508600144908e-06	74.0	95.0	104.0	72.0	94.0	103.0	0.00093162879768127942	137.0	137
DLR00012733-2009-11-10_22-35-16	8	23	3281.0	1168.0	3193289.718182289	-9093.0584880700226	102	-16919.790893691174	-1.4445972225958828e-05	71.0	92.0	100.0	70.0	91.0	99.0	0.00093162879768127942	137.0	137
DLR00012733-2009-11-10_22-35-16	8	24	3422.0	1170.0	1393394.9782619949	2995.1454969945039	102	-16136.213049865524	-6.4477329427528407e-06	70.0	89.0	96.0	69.0	89.0	95.0	0.0024843434604834118	137.0	137
DLR00012733-2009-11-10_22-35-16	9	1	286.0	1314.0	1876686.2853889551	4101.1607058275104	102	-10624.496407125842	-5.4176236810980613e-06	75.0	95.0	103.0	75.0	95.0	103.0	0.0026396149267636252	137.0	137
DLR00012733-2009-11-10_22-35-16	9	2	414.0	1310.0	362406.5516795197	3433.8091794381544	102	-12042.002452462793	2.5113565139228849e-05	78.0	99.0	106.0	75.0	96.0	104.0	0.00087987164225454171	137.0	137
DLR00012733-2009-11-10_22-35-16	9	3	562.0	1296.0	92645.283887997517	-359.31294727127852	102	-15675.494804208	-1.5864749642710814e-05	75.0	98.0	106.0	76.0	98.0	106.0	0.00025878577713368871	137.0	137
DLR00012733-2009-11-10_22-35-16	9	4	683.0	1308.0	1091678.5189689973	4821.5866926312174	102	-8919.2232891485	7.004046966023861e-07	78.0	100.0	108.0	76.0	99.0	107.0	0.0039853009678588068	137.0	137
DLR00012733-2009-11-10_22-35-16	9	5	820.0	1308.0	1271271.6495005435	2671.78396017975	102	-10598.923364579119	-5.3490986450741088e-06	78.0	100.0	108.0	77.0	100.0	107.0	5.1757155426737743e-05	137.0	137
DLR00012733-2009-11-10_22-35-16	9	6	961.0	1312.0	3836604.6974794264	-3691.0222461425142	102	-6785.6001208799489	-9.5822943190105277e-06	77.0	100.0	107.0	77.0	100.0	107.0	0.00046581439884063971	137.0	137
DLR00012733-2009-11-10_22-35-16	9	7	1102.0	1306.0	1042383.3010713732	3551.0303047645125	102	-9682.0363928016686	-2.1868508562270605e-06	78.0	100.0	107.0	77.0	99.0	106.0	0.00015527146628021324	137.0	137
DLR00012733-2009-11-10_22-35-16	9	8	1228.0	1313.0	1358467.2108068939	4796.9620158314174	102	-8110.3299842116057	-2.2709968688613393e-06	79.0	100.0	106.0	77.0	99.0	106.0	0.0023290719942031988	137.0	137
DLR00012733-2009-11-10_22-35-16	9	9	1368.0	1308.0	1509325.4404533929	2066.1278424968614	102	-11187.304572112329	-4.4248803392821201e-06	79.0	100.0	106.0	78.0	99.0	105.0	0.0	137.0	137
DLR00012733-2009-11-10_22-35-16	9	10	1505.0	1308.0	1117440.8439004195	3703.7192580295214	102	-9077.6144394200273	-6.2270304578642416e-07	79.0	100.0	106.0	78.0	99.0	105.0	0.00093162879768127942	137.0	137
DLR00012733-2009-11-10_22-35-16	9	11	1646.0	1305.0	3875495.8995393612	-2644.2551021221475	102	-5840.5480000526613	-1.2378615881696315e-05	78.0	99.0	105.0	78.0	99.0	105.0	0.0012939288856684437	137.0	137
DLR00012733-2009-11-10_22-35-16	9	12	1779.0	1308.0	2497211.5157082966	-4620.4998653925204	102	-13023.061192657919	-1.2326069295081228e-05	78.0	99.0	104.0	77.0	99.0	104.0	0.00087987164225454171	137.0	137
DLR00012733-2009-11-10_22-35-16	9	13	1916.0	1308.0	1832097.6460845713	1441.919766391962	102	-10808.691030037613	-8.7630129900670627e-06	78.0	99.0	104.0	77.0	98.0	104.0	0.00077635733140106618	137.0	137
DLR00012733-2009-11-10_22-35-16	9	14	2054.0	1308.0	59699.233735313908	277.93189307028524	102	-16620.708829609895	9.5733295285423872e-06	79.0	100.0	105.0	77.0	98.0	104.0	0.0	137.0	137
DLR00012733-2009-11-10_22-35-16	9	15	2189.0	1308.0	540017.96490864863	467.21622621902162	102	-18307.889208702334	-4.2572727350579309e-06	78.0	99.0	104.0	77.0	98.0	104.0	0.0	137.0	137
DLR00012733-2009-11-10_22-35-16	9	16	2326.0	1308.0	1040153.8691061538	2062.9858633797608	102	-13403.979072841317	-2.4321192381168072e-06	77.0	98.0	104.0	76.0	97.0	104.0	0.00036230008798716424	137.0	137
DLR00012733-2009-11-10_22-35-16	9	17	2464.0	1307.0	1547225.7838621188	2288.806587679338	102	-10874.988738290174	-6.389185941431229e-06	77.0	98.0	104.0	76.0	97.0	104.0	0.00020702862170695097	137.0	137
DLR00012733-2009-11-10_22-35-16	9	18	2600.0	1308.0	2803634.5535945348	5526.0402129637441	102	-2608.453115306304	-7.0533463450575844e-06	76.0	98.0	105.0	75.0	97.0	104.0	0.0041923295895657572	137.0	137
DLR00012733-2009-11-10_22-35-16	9	19	2737.0	1308.0	1277216.8014077949	3732.7227564557547	102	-10384.43983993411	-3.7361795994979356e-06	76.0	98.0	106.0	74.0	97.0	105.0	0.0033124579473112156	137.0	137
DLR00012733-2009-11-10_22-35-16	9	20	2874.0	1307.0	67130.673619377878	563.84954477486338	102	-17151.083051744055	2.993923365137395e-05	77.0	100.0	108.0	74.0	97.0	105.0	0.0	137.0	137
DLR00012733-2009-11-10_22-35-16	9	21	3009.0	1308.0	2780101.6606283318	-1566.7211599973652	102	-9782.7061612608304	-1.1887655047795125e-05	74.0	96.0	105.0	73.0	96.0	104.0	0.0015527146628021324	137.0	137
DLR00012733-2009-11-10_22-35-16	9	22	3148.0	1307.0	1414946.1539257802	2645.0278322646045	102	-12629.741066482344	-5.1751817707428815e-06	73.0	95.0	103.0	72.0	93.0	102.0	0.00093162879768127942	137.0	137
DLR00012733-2009-11-10_22-35-16	9	23	3285.0	1307.0	384205.44200610736	3337.4043676342753	102	-15868.612796901607	2.5526865252761813e-05	73.0	93.0	100.0	70.0	91.0	99.0	0.0013456860410951813	137.0	137
DLR00012733-2009-11-10_22-35-16	9	24	3416.0	1309.0	1567290.6715490916	5798.0697295537611	102	-12970.024116438646	-2.0153597656479923e-06	70.0	89.0	96.0	69.0	88.0	95.0	0.0032089436364577404	137.0	137
DLR00012733-2009-11-10_22-35-16	10	1	281.0	1449.0	732739.97256870754	3197.0574975152067	102	-16415.413638819289	3.3733911434980587e-06	76.0	96.0	103.0	75.0	95.0	102.0	0.0013974431965219191	137.0	137
DLR00012733-2009-11-10_22-35-16	10	2	413.0	1447.0	1422873.0231354486	5036.4793958886257	102	-8185.3660895578787	-2.645070727628665e-06	76.0	97.0	104.0	75.0	96.0	103.0	0.0038817866570053311	137.0	137
DLR00012733-2009-11-10_22-35-16	10	3	552.0	1441.0	3101883.0076083019	649.34382409031844	102	-5590.4130462587354	-1.1556394962309039e-05	76.0	97.0	105.0	75.0	97.0	105.0	0.0035712437244449047	137.0	137
DLR00012733-2009-11-10_22-35-16	10	4	683.0	1446.0	1115706.8412608041	3572.4547124846226	102	-10530.131789134859	-1.0501777439643737e-06	78.0	99.0	107.0	76.0	98.0	106.0	0.0020702862170695097	137.0	137
DLR00012733-2009-11-10_22-35-16	10	5	823.0	1447.0	2403575.3731690901	-1509.1135114149329	102	-8525.8549414862282	-8.4935469845633593e-06	77.0	100.0	107.0	77.0	99.0	107.0	0.00025878577713368871	137.0	137
DLR00012733-2009-11-10_22-35-16	10	6	957.0	1445.0	906140.23653020023	1224.8559329375335	102	-12423.835124800893	-5.9605439361447893e-06	78.0	100.0	107.0	77.0	99.0	107.0	0.00020702862170695097	137.0	137
DLR00012733-2009-11-10_22-35-16	10	7	1094.0	1445.0	995317.51513896801	2183.3859199472327	102	-7293.2961512436941	-2.5283544090234335e-06	78.0	100.0	107.0	77.0	99.0	106.0	0.0051757155426737748	137.0	137
DLR00012733-2009-11-10_22-35-16	10	8	1229.0	1446.0	1229655.5861497852	3850.3506634736773	102	-8122.3484304416443	1.3237956627651836e-06	78.0	100.0	106.0	77.0	98.0	105.0	0.00031054293256042647	137.0	137
DLR00012733-2009-11-10_22-35-16	10	9	1368.0	1445.0	2175925.5980539308	2420.8206315017173	102	-6279.9123756139788	-7.7720638750202509e-06	78.0	99.0	105.0	77.0	98.0	105.0	0.0026396149267636252	137.0	137
DLR00012733-2009-11-10_22-35-16	10	10	1510.0	1442.0	1365898.6506909581	3643.7611806667178	102	-8610.1311393728556	-9.1316394079868066e-07	79.0	99.0	105.0	77.0	98.0	104.0	0.00051757155426737742	137.0	137
DLR00012733-2009-11-10_22-35-16	10	11	1642.0	1445.0	1237087.026033849	2880.6229830505195	102	-9002.2794011170645	-3.4614199194492002e-06	78.0	99.0	105.0	77.0	98.0	104.0	5.1757155426737743e-05	137.0	137
DLR00012733-2009-11-10_22-35-16	10	12	1779.0	1445.0	1332209.456549868	3138.3878948549486	102	-9458.5852666047831	-3.8141076548538508e-06	78.0	99.0	105.0	77.0	98.0	104.0	0.00072460017597432847	137.0	137
DLR00012733-2009-11-10_22-35-16	10	13	1918.0	1448.0	773117.46260545519	2904.146017265949	102	-13708.275608599264	3.1827345551793018e-06	78.0	99.0	105.0	77.0	98.0	104.0	0.00015527146628021324	137.0	137
DLR00012733-2009-11-10_22-35-16	10	14	2043.0	1440.0	1430304.4630195124	1513.1842011795673	102	-11864.450820201759	-5.30197351873102e-06	77.0	99.0	104.0	76.0	98.0	103.0	0.00020702862170695097	137.0	137
DLR00012733-2009-11-10_22-35-16	10	15	2192.0	1449.0	1382000.1037730966	2289.5841851240561	102	-9960.6614798864612	-4.60012137745814e-06	77.0	98.0	104.0	76.0	97.0	103.0	0.00056932870969411524	137.0	137
DLR00012733-2009-11-10_22-35-16	10	16	2318.0	1442.0	974757.19812639104	4224.6312767452828	102	-10755.763129348104	2.1876579114374592e-06	77.0	98.0	104.0	76.0	97.0	103.0	0.00025878577713368871	137.0	137
DLR00012733-2009-11-10_22-35-16	10	17	2460.0	1446.0	2898756.9841105537	-3590.471246264935	102	-10541.763999547482	-1.1782702594110709e-05	76.0	97.0	104.0	75.0	96.0	103.0	0.0	137.0	137
DLR00012733-2009-11-10_22-35-16	10	18	2600.0	1444.0	1056998.4661766989	5929.9479882475716	102	-8518.9194267938619	6.0328292634799052e-06	77.0	98.0	105.0	75.0	96.0	104.0	0.00082811448682780389	137.0	137
DLR00012733-2009-11-10_22-35-16	10	19	2732.0	1442.0	1407266.999378914	6219.8621981550123	102	-6383.9404871566085	3.2759684069538506e-06	76.0	98.0	105.0	74.0	96.0	104.0	0.00098338595310801724	137.0	137
DLR00012733-2009-11-10_22-35-16	10	20	2866.0	1443.0	1310162.8515604781	4508.4514122706105	102	-8069.2741883461031	2.0727531431672694e-06	75.0	98.0	105.0	74.0	96.0	105.0	0.0011904145748149681	137.0	137
DLR00012733-2009-11-10_22-35-16	10	21	3004.0	1444.0	987142.93126649759	4809.4402266370307	102	-9030.6689188170312	6.1915576163976046e-06	75.0	97.0	105.0	73.0	95.0	104.0	0.0013456860410951813	137.0	137
DLR00012733-2009-11-10_22-35-16	10	22	3146.0	1441.0	3389975.1604471817	3188.2258762387073	102	-2488.6083069348983	-1.100370412489674e-05	72.0	94.0	102.0	72.0	93.0	101.0	0.0050204440763935614	137.0	137
DLR00012733-2009-11-10_22-35-16	10	23	3283.0	1445.0	1616585.8894467158	5695.8679131100989	102	-9285.2153947791012	-2.1073622601714833e-06	71.0	91.0	98.0	70.0	90.0	97.0	0.0021738005279229853	137.0	137
DLR00012733-2009-11-10_22-35-16	10	24	3413.0	1443.0	1641109.6410641267	2709.0449982056039	102	-15560.123954990737	-7.1854472738556292e-06	69.0	88.0	95.0	69.0	88.0	94.0	0.0010351431085347548	137.0	137
DLR00012733-2009-11-10_22-35-16	11	1	272.0	1582.0	1106789.1133999277	3359.8461302679434	102	-15746.05459992449	-2.3559823484926851e-06	75.0	95.0	102.0	75.0	95.0	102.0	0.0012939288856684437	137.0	137
DLR00012733-2009-11-10_22-35-16	11	2	412.0	1582.0	2747403.3251384511	-5489.96902932188	102	-14772.792924558982	-1.3990145309711954e-05	75.0	95.0	103.0	74.0	95.0	103.0	0.00082811448682780389	137.0	137
DLR00012733-2009-11-10_22-35-16	11	3	558.0	1582.0	2658969.1905180896	-1276.1766620851861	102	-9551.3413792390529	-9.2124598401626357e-06	76.0	97.0	105.0	75.0	97.0	105.0	0.0015009575073753945	137.0	137
DLR00012733-2009-11-10_22-35-16	11	4	687.0	1580.0	1517747.7389886649	3009.1597660044254	102	-10257.788925588375	-5.6258332821413628e-06	77.0	99.0	107.0	76.0	98.0	106.0	0.0016044718182288702	137.0	137
DLR00012733-2009-11-10_22-35-16	11	5	829.0	1587.0	2814038.5694322237	2570.2866153247664	102	-4445.3347282614614	-7.467855140469233e-06	77.0	99.0	107.0	77.0	99.0	106.0	0.0059520728740748412	137.0	137
DLR00012733-2009-11-10_22-35-16	11	6	957.0	1582.0	402784.0417162673	3899.9464565756307	102	-9063.3727073372629	2.8543344371512671e-05	80.0	102.0	109.0	77.0	99.0	107.0	0.00051757155426737742	137.0	137
DLR00012733-2009-11-10_22-35-16	11	7	1101.0	1583.0	2812304.5667926092	7687.1286375432073	102	1217.9268289617551	-5.9393592781257871e-06	78.0	99.0	106.0	76.0	98.0	106.0	0.0038817866570053311	137.0	137
DLR00012733-2009-11-10_22-35-16	11	8	1235.0	1585.0	1470681.95305626	4113.3957146673974	102	-6971.3309706783466	-1.7362445302549243e-06	78.0	99.0	105.0	77.0	98.0	105.0	0.00082811448682780389	137.0	137
DLR00012733-2009-11-10_22-35-16	11	9	1381.0	1583.0	2490275.5051498371	-6221.7625617471831	102	-15066.871173107013	-1.3915092529267797e-05	77.0	98.0	104.0	77.0	97.0	104.0	0.00041405724341390195	137.0	137
DLR00012733-2009-11-10_22-35-16	11	10	1509.0	1573.0	868239.89312147396	1881.564324507842	102	-13360.005227650301	-7.5944520444411055e-07	78.0	98.0	104.0	76.0	97.0	104.0	0.00031054293256042647	137.0	137
DLR00012733-2009-11-10_22-35-16	11	11	1653.0	1587.0	1002996.6696858341	3720.4532283755275	102	-9170.5639040952246	3.8591278645047337e-06	78.0	98.0	104.0	76.0	97.0	103.0	0.00020702862170695097	137.0	137
DLR00012733-2009-11-10_22-35-16	11	12	1778.0	1585.0	39634.346048341184	223.46629426766088	102	-17765.1337277649	1.619905263769483e-05	78.0	100.0	105.0	76.0	97.0	103.0	0.0	137.0	137
DLR00012733-2009-11-10_22-35-16	11	13	1916.0	1582.0	1506600.579162569	4481.9004614887954	102	-9538.5230836532664	-1.6144833482276044e-06	77.0	98.0	104.0	76.0	97.0	103.0	0.00051757155426737742	137.0	137
DLR00012733-2009-11-10_22-35-16	11	14	2053.0	1582.0	1363916.933388541	2650.7939179539048	102	-10996.988030164477	-4.4497411500408976e-06	76.0	97.0	103.0	75.0	97.0	103.0	0.00082811448682780389	137.0	137
DLR00012733-2009-11-10_22-35-16	11	15	2189.0	1581.0	1504618.8618601521	1871.3947797003709	102	-10884.05066347842	-6.0850885559132265e-06	76.0	97.0	103.0	75.0	96.0	103.0	5.1757155426737743e-05	137.0	137
DLR00012733-2009-11-10_22-35-16	11	16	2326.0	1581.0	888800.21013405104	1748.6397088634719	102	-12732.946212283985	-4.7979684489194699e-06	76.0	97.0	103.0	75.0	96.0	102.0	0.00041405724341390195	137.0	137
DLR00012733-2009-11-10_22-35-16	11	17	2463.0	1581.0	1112981.9799699809	3229.9575096989879	102	-10719.580824840434	-6.2469677376197779e-07	76.0	97.0	104.0	74.0	96.0	103.0	0.00031054293256042647	137.0	137
DLR00012733-2009-11-10_22-35-16	11	18	2600.0	1581.0	1163020.3418560114	4172.1556146135772	102	-9371.5632080950891	1.4388209025210859e-06	75.0	97.0	104.0	74.0	96.0	103.0	0.00015527146628021324	137.0	137
DLR00012733-2009-11-10_22-35-16	11	19	2737.0	1581.0	742153.12975518859	3315.4438453886041	102	-11577.293149588982	2.8049347699148022e-06	75.0	97.0	105.0	73.0	96.0	104.0	0.00098338595310801724	137.0	137
DLR00012733-2009-11-10_22-35-16	11	20	2870.0	1581.0	3063239.520211169	7171.3623320347097	102	816.96701691682949	-4.9038690526833046e-06	74.0	96.0	105.0	73.0	96.0	104.0	0.0024843434604834118	137.0	137
DLR00012733-2009-11-10_22-35-16	11	21	3011.0	1583.0	2703062.4004968689	783.9461420468059	102	-7939.0467342485745	-1.0838929007122551e-05	74.0	95.0	104.0	73.0	94.0	103.0	0.0030536721701775269	137.0	137
DLR00012733-2009-11-10_22-35-16	11	22	3147.0	1581.0	1206865.837171989	4231.0368079624868	102	-10171.553983513153	-1.5006303638892982e-06	73.0	93.0	102.0	71.0	92.0	101.0	0.0015009575073753945	137.0	137
DLR00012733-2009-11-10_22-35-16	11	23	3283.0	1585.0	1297529.4037575696	1927.7984584869316	102	-13909.034717908922	-7.1428678323542826e-06	70.0	90.0	97.0	69.0	89.0	97.0	0.00031054293256042647	137.0	137
DLR00012733-2009-11-10_22-35-16	11	24	3410.0	1583.0	1785279.574814968	1846.6288455899246	102	-15077.557481439175	-9.657533669022733e-06	69.0	87.0	94.0	68.0	87.0	94.0	0.0022255576833497231	137.0	137
DLR00012733-2009-11-10_22-35-16	12	1	272.0	1719.0	1077558.7831892758	4074.0180652233303	102	-13516.857895155572	-3.7740438803163267e-07	75.0	94.0	102.0	75.0	94.0	101.0	0.0017597432845090834	137.0	137
DLR00012733-2009-11-10_22-35-16	12	2	411.0	1723.0	3438279.5196935982	4676.5875851130941	102	-745.38370630508746	-8.7621792019724192e-06	74.0	94.0	102.0	74.0	94.0	102.0	0.0089022307333988925	137.0	137
DLR00012733-2009-11-10_22-35-16	12	3	546.0	1719.0	1243032.1779411004	2323.8710406576397	102	-12469.413933975278	-6.2065673345176924e-06	76.0	96.0	104.0	74.0	95.0	104.0	0.0021220433724962475	137.0	137
DLR00012733-2009-11-10_22-35-16	12	4	686.0	1717.0	896479.36468091712	3788.3153847084968	102	-11832.195033873595	6.6991583657491503e-07	77.0	98.0	106.0	76.0	97.0	105.0	0.0022255576833497231	137.0	137
DLR00012733-2009-11-10_22-35-16	12	5	823.0	1721.0	864771.88784224424	3858.7858880686026	102	-10750.386907336308	2.2840909431202492e-06	78.0	99.0	107.0	77.0	98.0	106.0	0.0016562289736556078	137.0	137
DLR00012733-2009-11-10_22-35-16	12	6	961.0	1725.0	1031483.8559080793	4832.202377505143	102	-7990.3635172566128	4.657017787218149e-06	78.0	99.0	107.0	76.0	98.0	106.0	0.00067284302054759066	137.0	137
DLR00012733-2009-11-10_22-35-16	12	7	1101.0	1721.0	2797441.6870244811	-939.75511327531433	102	-8123.8513411423055	-1.0831822829209997e-05	76.0	98.0	106.0	76.0	98.0	105.0	0.0021220433724962475	137.0	137
DLR00012733-2009-11-10_22-35-16	12	8	1233.0	1717.0	932397.99078722636	3169.2227382552537	102	-10717.856599278915	3.5084453230911426e-07	77.0	98.0	105.0	76.0	97.0	104.0	0.00093162879768127942	137.0	137
DLR00012733-2009-11-10_22-35-16	12	9	1368.0	1719.0	754786.57755809743	4123.6436714811507	102	-10461.943599463688	8.1279034080553005e-06	78.0	98.0	105.0	76.0	97.0	104.0	0.00025878577713368871	137.0	137
DLR00012733-2009-11-10_22-35-16	12	10	1499.0	1718.0	1247243.3272087364	2805.9813182905364	102	-9620.2273858602766	-2.004303247951249e-06	77.0	98.0	104.0	76.0	97.0	103.0	0.00082811448682780389	137.0	137
DLR00012733-2009-11-10_22-35-16	12	11	1636.0	1719.0	1182589.80021738	2707.5593117249437	102	-11391.767279177662	-8.0547622755096805e-07	77.0	97.0	104.0	75.0	96.0	103.0	0.00062108586512085295	137.0	137
DLR00012733-2009-11-10_22-35-16	12	12	1779.0	1722.0	1113972.8386211894	662.72511686734606	102	-15770.999017614131	-6.6148673481402683e-06	76.0	97.0	103.0	75.0	96.0	102.0	0.00025878577713368871	137.0	137
DLR00012733-2009-11-10_22-35-16	12	13	1916.0	1718.0	1138496.5902386005	3671.9498760372762	102	-10091.275666139112	-6.7655881336923214e-07	76.0	97.0	103.0	75.0	96.0	102.0	0.00056932870969411524	137.0	137
DLR00012733-2009-11-10_22-35-16	12	14	2050.0	1717.0	1013152.9708607214	3456.4120741745437	102	-12851.477631129706	-4.2072856981446663e-07	76.0	97.0	103.0	74.0	95.0	102.0	0.00041405724341390195	137.0	137
DLR00012733-2009-11-10_22-35-16	12	15	2185.0	1718.0	1481829.1128823559	904.84801393460339	102	-14652.005787023207	-1.0223793169454682e-05	75.0	96.0	102.0	74.0	95.0	102.0	0.0016562289736556078	137.0	137
DLR00012733-2009-11-10_22-35-16	12	16	2326.0	1718.0	2876958.0937839658	2960.8330948907519	102	-5554.1025016513631	-1.1278987399624091e-05	75.0	96.0	102.0	74.0	95.0	102.0	0.00098338595310801724	137.0	137
DLR00012733-2009-11-10_22-35-16	12	17	2461.0	1716.0	1246747.8978831321	5758.7662811585724	102	-9145.0471639248572	-1.024123687776334e-06	75.0	96.0	103.0	74.0	95.0	102.0	0.0040888152787122824	137.0	137
DLR00012733-2009-11-10_22-35-16	12	18	2600.0	1718.0	1128092.5744009109	5592.3258202788238	102	-7248.6244484140661	-1.5653767623323749e-06	74.0	96.0	103.0	73.0	95.0	103.0	0.0068837016717561202	137.0	137
DLR00012733-2009-11-10_22-35-16	12	19	2736.0	1718.0	2667886.9183789655	-2632.5110716980157	102	-10858.924806758163	-1.0839922867264003e-05	73.0	95.0	103.0	72.0	95.0	103.0	0.00025878577713368871	137.0	137
DLR00012733-2009-11-10_22-35-16	12	20	2874.0	1718.0	1202654.6879043528	2868.3373967773728	102	-12321.068758952882	-3.2201351738547446e-06	74.0	95.0	104.0	73.0	94.0	103.0	0.00056932870969411524	137.0	137
DLR00012733-2009-11-10_22-35-16	12	21	3011.0	1718.0	180088.55985715025	-895.53316737751345	102	-23720.473680007621	-1.8228381291073607e-05	72.0	93.0	102.0	72.0	93.0	102.0	0.0	137.0	137
DLR00012733-2009-11-10_22-35-16	12	22	3140.0	1713.0	1163515.7711816158	644.12521432818255	102	-15803.005437478516	-8.0642594624710559e-06	72.0	92.0	101.0	71.0	91.0	100.0	0.00031054293256042647	137.0	137
DLR00012733-2009-11-10_22-35-16	12	23	3285.0	1717.0	1738213.7888825629	4990.6382719014373	102	-9075.1301302480642	-3.632145441851736e-06	69.0	89.0	96.0	68.0	87.0	96.0	0.0029501578593240517	137.0	137
DLR00012733-2009-11-10_22-35-16	12	24	3408.0	1715.0	1853648.8217483568	4211.9666040880747	102	-11674.725156647242	-5.0259391459501275e-06	68.0	87.0	93.0	67.0	86.0	93.0	0.0027948863930438383	137.0	137
DLR00012733-2009-11-10_22-35-16	13	1	295.0	1858.0	1080035.9298172973	3548.0178661357577	102	-14192.442077376534	-1.8401444056023209e-06	74.0	93.0	101.0	73.0	92.0	100.0	0.0021220433724962475	137.0	137
DLR00012733-2009-11-10_22-35-16	13	2	418.0	1865.0	1006464.6749650639	4511.1888829969294	102	-12402.209804788803	9.2101231934470382e-07	74.0	94.0	101.0	73.0	92.0	100.0	0.0046581439884063975	137.0	137
DLR00012733-2009-11-10_22-35-16	13	3	554.0	1860.0	3635212.6766212927	2378.6996988863566	102	-2677.2622193656257	-1.1463913042396082e-05	74.0	95.0	103.0	74.0	94.0	102.0	0.014854303607473734	137.0	137
DLR00012733-2009-11-10_22-35-16	13	4	688.0	1862.0	2916840.1544951089	3598.3733844218536	102	-4139.8771024245289	-9.3568535755759722e-06	76.0	96.0	105.0	75.0	96.0	104.0	0.007556544692303711	137.0	137
DLR00012733-2009-11-10_22-35-16	13	5	837.0	1860.0	1126606.2864240981	3946.3859734559328	102	-11490.741499893873	-1.1157674008609924e-06	78.0	98.0	106.0	76.0	97.0	105.0	0.0019150147507892967	137.0	137
DLR00012733-2009-11-10_22-35-16	13	6	963.0	1862.0	1271271.6495005435	798.88996828389236	102	-12929.985344027371	-9.2847589126771262e-06	77.0	98.0	106.0	75.0	97.0	105.0	0.00036230008798716424	137.0	137
DLR00012733-2009-11-10_22-35-16	13	7	1108.0	1864.0	1227673.8688473683	4875.0612903709934	102	-8458.0475356341776	-4.806155895762486e-07	76.0	98.0	105.0	75.0	97.0	104.0	0.0026396149267636252	137.0	137
DLR00012733-2009-11-10_22-35-16	13	8	1231.0	1856.0	1089696.8016665804	3066.3848564470914	102	-11335.884308483661	-2.5897213388122183e-06	76.0	97.0	104.0	74.0	96.0	103.0	0.001811500439935821	137.0	137
DLR00012733-2009-11-10_22-35-16	13	9	1377.0	1857.0	1179121.7949381503	3602.5582638041296	102	-10855.275371891299	-2.2325953690242083e-06	76.0	97.0	103.0	74.0	95.0	102.0	0.0013974431965219191	137.0	137
DLR00012733-2009-11-10_22-35-16	13	10	1514.0	1850.0	64653.526991356557	170.03964188663241	102	-18202.460877246718	3.5747838913147542e-06	76.0	96.0	103.0	75.0	95.0	102.0	0.0	137.0	137
DLR00012733-2009-11-10_22-35-16	13	11	1642.0	1855.0	1476874.8196263134	2602.33813489865	102	-11510.316926416417	-5.7990558118715613e-06	75.0	96.0	102.0	74.0	95.0	102.0	0.0023808291496299362	137.0	137
DLR00012733-2009-11-10_22-35-16	13	12	1779.0	1855.0	886818.49283163389	4924.4511283827787	102	-10289.283197074399	7.0069454251931834e-06	76.0	96.0	102.0	74.0	95.0	101.0	0.0034159722581646912	137.0	137
DLR00012733-2009-11-10_22-35-16	13	13	1916.0	1855.0	2441228.0019150143	1697.9574791243958	102	-8393.3924549755775	-9.185678374633366e-06	75.0	95.0	101.0	74.0	95.0	101.0	0.0022255576833497231	137.0	137
DLR00012733-2009-11-10_22-35-16	13	14	2053.0	1855.0	3350093.0997360381	-2972.6748582657201	102	-8220.4719102842191	-1.1798909128997442e-05	74.0	95.0	101.0	74.0	94.0	101.0	0.0040888152787122824	137.0	137
DLR00012733-2009-11-10_22-35-16	13	15	2190.0	1855.0	1336668.3204803062	4574.6181810992475	102	-11393.099473205204	-1.7741685948361404e-06	74.0	95.0	101.0	73.0	94.0	100.0	0.0022255576833497231	137.0	137
DLR00012733-2009-11-10_22-35-16	13	16	2326.0	1855.0	682453.89601987472	560.63199397636424	102	-18026.852828690888	-5.0467536537291675e-06	74.0	95.0	101.0	73.0	94.0	100.0	0.0	137.0	137
DLR00012733-2009-11-10_22-35-16	13	17	2468.0	1858.0	2676804.6462398423	-6497.7933129128769	102	-16174.844191821459	-1.2659741453748474e-05	73.0	94.0	101.0	72.0	93.0	101.0	0.00015527146628021324	137.0	137
DLR00012733-2009-11-10_22-35-16	13	18	2597.0	1857.0	891772.78608767653	2851.3450458228813	102	-13856.558060939524	-2.0494979658158023e-07	74.0	95.0	102.0	72.0	93.0	101.0	5.1757155426737743e-05	137.0	137
DLR00012733-2009-11-10_22-35-16	13	19	2744.0	1854.0	3288412.1486983076	-1381.8117129499128	102	-7923.6822539894047	-1.1636572755010148e-05	73.0	94.0	102.0	72.0	93.0	101.0	0.0019150147507892967	137.0	137
DLR00012733-2009-11-10_22-35-16	13	20	2874.0	1855.0	1288611.6758966928	5339.9765741441734	102	-9781.638175594293	8.506876673869442e-08	74.0	94.0	102.0	72.0	93.0	101.0	0.00077635733140106618	137.0	137
DLR00012733-2009-11-10_22-35-16	13	21	3011.0	1855.0	1514775.1630350396	5048.3560032854639	102	-10807.241115841347	-3.1595414069841621e-06	73.0	93.0	101.0	71.0	92.0	100.0	0.00087987164225454171	137.0	137
DLR00012733-2009-11-10_22-35-16	13	22	3141.0	1857.0	984913.49930127827	3493.7310535705892	102	-14343.882529265091	1.3693555043587143e-06	71.0	91.0	99.0	69.0	90.0	98.0	0.00062108586512085295	137.0	137
DLR00012733-2009-11-10_22-35-16	13	23	3285.0	1855.0	2854416.0594689716	1.930869600116998	102	-9424.711871364585	-1.0903745676004954e-05	67.0	86.0	94.0	67.0	86.0	94.0	0.0025878577713368874	137.0	137
DLR00012733-2009-11-10_22-35-16	13	24	3422.0	1855.0	1842501.6619222609	6170.5054911991729	102	-9661.9883652711505	-1.48844147945559e-06	68.0	86.0	92.0	67.0	85.0	92.0	0.0040370581232855446	137.0	137
DLR00012733-2009-11-10_22-35-16	14	1	297.0	1995.0	1319823.7234097612	3322.9990148129655	102	-10007.797564545166	-2.9717559607040559e-06	73.0	92.0	99.0	73.0	91.0	99.0	0.0040888152787122824	137.0	137
DLR00012733-2009-11-10_22-35-16	14	2	424.0	1996.0	1130074.291703328	3669.7455204432949	102	-11822.549067427732	-2.2984555260352052e-06	72.0	92.0	100.0	71.0	91.0	99.0	0.004244086744992495	137.0	137
DLR00012733-2009-11-10_22-35-16	14	3	546.0	1993.0	120637.04078463848	184.33972799961299	102	-17852.339667881042	-1.1153336894297063e-05	74.0	94.0	103.0	73.0	93.0	101.0	0.00015527146628021324	137.0	137
DLR00012733-2009-11-10_22-35-16	14	4	688.0	1997.0	2465504.038869624	-670.09779507679809	102	-9635.9084556360704	-1.1247069301570393e-05	75.0	95.0	103.0	74.0	95.0	103.0	0.0035712437244449047	137.0	137
DLR00012733-2009-11-10_22-35-16	14	5	830.0	1992.0	1150882.3233787068	2716.2368353228139	102	-11171.031572565402	-3.2772198294982832e-06	76.0	96.0	105.0	75.0	95.0	104.0	0.0011386574193882305	137.0	137
DLR00012733-2009-11-10_22-35-16	14	6	965.0	1995.0	2952511.0659386162	9772.6167022768223	102	2988.5731271695136	-5.7766182473949415e-06	75.0	96.0	104.0	74.0	95.0	103.0	0.014699032141193519	137.0	137
DLR00012733-2009-11-10_22-35-16	14	7	1103.0	1988.0	787732.62771078106	2588.5767884347042	102	-11648.696436263297	-1.2597967295676036e-06	75.0	96.0	104.0	73.0	95.0	103.0	0.0020702862170695097	137.0	137
DLR00012733-2009-11-10_22-35-16	14	8	1231.0	1992.0	3159600.5240411987	5627.8467237841342	102	-1046.9596192891527	-9.1421935002688576e-06	74.0	95.0	102.0	73.0	94.0	102.0	0.010403188240774287	137.0	137
DLR00012733-2009-11-10_22-35-16	14	9	1372.0	1997.0	3150435.0815175199	-1593.4615186664032	102	-7518.1394969936637	-1.0614189691706879e-05	73.0	94.0	101.0	73.0	94.0	101.0	0.0028466435484705761	137.0	137
DLR00012733-2009-11-10_22-35-16	14	10	1513.0	1992.0	620525.23031934176	4344.0898320341721	102	-11580.564723927249	1.0835438482102799e-05	75.0	95.0	102.0	73.0	93.0	100.0	0.0012421717302417059	137.0	137
DLR00012733-2009-11-10_22-35-16	14	11	1642.0	1992.0	2438007.7112985877	-5343.3063508165351	102	-14905.933018238014	-1.1764430494879773e-05	73.0	93.0	100.0	72.0	93.0	100.0	0.00031054293256042647	137.0	137
DLR00012733-2009-11-10_22-35-16	14	12	1779.0	1992.0	2207385.3602298014	-4141.3017995247847	102	-14222.06236779917	-1.3042787679000937e-05	73.0	93.0	100.0	72.0	93.0	100.0	0.00062108586512085295	137.0	137
DLR00012733-2009-11-10_22-35-16	14	13	1916.0	1992.0	109242.16629574038	-75.146481812677663	102	-18043.861419652065	-9.6770608822048043e-06	73.0	93.0	99.0	72.0	93.0	99.0	0.0	137.0	137
DLR00012733-2009-11-10_22-35-16	14	14	2051.0	1996.0	1299015.691734382	4496.991174517776	102	-10025.970404254567	-8.5392532990664551e-07	73.0	93.0	100.0	71.0	92.0	99.0	0.0031571864810310026	137.0	137
DLR00012733-2009-11-10_22-35-16	14	15	2190.0	1992.0	1270033.0761865329	5825.0219671989644	102	-7542.2548405772404	2.4002707819570425e-06	73.0	93.0	99.0	71.0	92.0	99.0	0.0037782723461518555	137.0	137
DLR00012733-2009-11-10_22-35-16	14	16	2326.0	1994.0	1237334.7406966512	3948.3732741066992	102	-10803.835905836386	-2.215066467456376e-06	72.0	93.0	99.0	71.0	92.0	98.0	0.0015009575073753945	137.0	137
DLR00012733-2009-11-10_22-35-16	14	17	2462.0	1994.0	1745892.9434294291	1524.2268594171135	102	-10869.593764200599	-7.1651783016767357e-06	72.0	92.0	99.0	71.0	92.0	99.0	0.0013974431965219191	137.0	137
DLR00012733-2009-11-10_22-35-16	14	18	2607.0	1991.0	1723846.3384400392	5204.5825929603643	102	-8361.1071718030798	-2.2842569560032348e-06	72.0	93.0	100.0	71.0	92.0	99.0	0.0021220433724962475	137.0	137
DLR00012733-2009-11-10_22-35-16	14	19	2738.0	1984.0	1372586.9465866154	4489.4956874003519	102	-10940.603856737978	-2.236265411991832e-06	72.0	93.0	101.0	71.0	92.0	100.0	0.0034159722581646912	137.0	137
DLR00012733-2009-11-10_22-35-16	14	20	2865.0	1992.0	819935.53387505817	3471.967347930567	102	-14566.240058599102	3.2295873438356631e-06	73.0	93.0	100.0	71.0	91.0	99.0	0.0029501578593240517	137.0	137
DLR00012733-2009-11-10_22-35-16	14	21	3011.0	1992.0	790457.4890016045	-3544.251399333617	102	-25445.305112196984	-1.8683784646148006e-05	70.0	90.0	99.0	70.0	90.0	99.0	0.00051757155426737742	137.0	137
DLR00012733-2009-11-10_22-35-16	14	22	3142.0	1992.0	1396367.5542156203	-1610.9138017542989	102	-26846.62113875353	-1.3747532632600644e-05	69.0	88.0	97.0	68.0	88.0	96.0	0.00062108586512085295	137.0	137
DLR00012733-2009-11-10_22-35-16	14	23	3281.0	1987.0	2704796.4031364839	-1691.3420705476949	102	-13237.308362468395	-1.1052069786249105e-05	66.0	85.0	93.0	65.0	84.0	92.0	0.0020185290616427723	137.0	137
DLR00012733-2009-11-10_22-35-16	14	24	3408.0	1993.0	1702295.1627762537	5695.8410448357681	102	-7036.8020322076964	-1.3327397683732351e-06	67.0	84.0	90.0	66.0	84.0	91.0	0.0045028725221261841	137.0	137
DLR00012733-2009-11-10_22-35-16	15	1	301.0	2119.0	1373082.3759122198	2402.6541535368178	102	-11554.254682551946	-4.260787003994002e-06	74.0	92.0	99.0	74.0	92.0	99.0	0.0019150147507892967	137.0	137
DLR00012733-2009-11-10_22-35-16	15	2	421.0	2129.0	1248977.3298483514	6101.9967280648725	102	-8002.0419565503162	3.5658669136534725e-06	73.0	92.0	100.0	72.0	91.0	99.0	0.0046063868329796597	137.0	137
DLR00012733-2009-11-10_22-35-16	15	3	551.0	2128.0	1299263.4063971844	-3956.5749613514777	102	-17781.136748050769	-1.445211188140083e-05	73.0	92.0	102.0	73.0	92.0	102.0	0.00067284302054759066	137.0	137
DLR00012733-2009-11-10_22-35-16	15	4	692.0	2130.0	1563574.9516070595	6264.8165554352445	102	-3216.1505471205114	2.7880718652201358e-06	76.0	96.0	104.0	74.0	95.0	104.0	0.00093162879768127942	137.0	137
DLR00012733-2009-11-10_22-35-16	15	5	836.0	2126.0	1192746.1013922675	5767.4842230607392	102	-4601.2725337010661	2.9683904882884469e-06	75.0	96.0	104.0	74.0	95.0	104.0	0.0028466435484705761	137.0	137
DLR00012733-2009-11-10_22-35-16	15	6	966.0	2133.0	1476874.8196263134	5947.1842896400076	102	-4674.343130778153	1.125515774767362e-07	74.0	94.0	103.0	73.0	94.0	103.0	0.0030019150147507891	137.0	137
DLR00012733-2009-11-10_22-35-16	15	7	1110.0	2121.0	1113725.1239583872	4749.3620379524273	102	-6305.246678803579	2.1482812380493284e-06	74.0	95.0	103.0	73.0	94.0	102.0	0.0028466435484705761	137.0	137
DLR00012733-2009-11-10_22-35-16	15	8	1231.0	2129.0	1378036.6691682627	4354.7371361106152	102	-7261.8804054143548	-1.2464858691298939e-06	73.0	94.0	102.0	72.0	93.0	101.0	0.0021738005279229853	137.0	137
DLR00012733-2009-11-10_22-35-16	15	9	1382.0	2129.0	1224701.2928937424	5832.2576643016446	102	-4178.4153037544647	4.3796361964677536e-06	72.0	93.0	101.0	71.0	92.0	100.0	0.0025878577713368874	137.0	137
DLR00012733-2009-11-10_22-35-16	15	10	1509.0	2126.0	1840519.9446198437	4642.5303062151497	102	-4893.7746963637819	-2.8434708173719278e-06	72.0	92.0	99.0	71.0	91.0	99.0	0.004244086744992495	137.0	137
DLR00012733-2009-11-10_22-35-16	15	11	1642.0	2129.0	955187.73976502253	5560.9806354584953	102	-6666.011982194399	5.0719930407817403e-06	72.0	92.0	99.0	70.0	91.0	98.0	0.0024843434604834118	137.0	137
DLR00012733-2009-11-10_22-35-16	15	12	1779.0	2129.0	1676285.1231820299	6957.329448931594	102	-3795.5824847871336	6.0213023128549351e-07	71.0	92.0	99.0	70.0	91.0	98.0	0.0047616582992598723	137.0	137
DLR00012733-2009-11-10_22-35-16	15	13	1916.0	2129.0	1343108.9017131617	4392.7478944463182	102	-6301.6880055685842	3.4928744726949494e-07	71.0	91.0	98.0	70.0	91.0	98.0	0.0017597432845090834	137.0	137
DLR00012733-2009-11-10_22-35-16	15	14	2053.0	2129.0	1408010.1433673203	5236.6222898634305	102	-4641.1026278498539	2.5233007650592986e-07	70.0	91.0	98.0	70.0	90.0	98.0	0.0043476010558459706	137.0	137
DLR00012733-2009-11-10_22-35-16	15	15	2196.0	2128.0	3437288.6610423895	5127.1854203560251	102	664.87580960152854	-6.1073179191376457e-06	70.0	90.0	97.0	70.0	90.0	98.0	0.0030536721701775269	137.0	137
DLR00012733-2009-11-10_22-35-16	15	16	2330.0	2129.0	1344099.7603643704	5149.3966251041129	102	-5873.0937273170102	3.2944942814955154e-06	71.0	91.0	98.0	70.0	90.0	98.0	0.0017597432845090834	137.0	137
DLR00012733-2009-11-10_22-35-16	15	17	2470.0	2124.0	1470186.5237306557	6820.7620941354053	102	-4961.1872835105823	1.909281934538555e-06	71.0	91.0	99.0	70.0	91.0	98.0	0.0024843434604834118	137.0	137
DLR00012733-2009-11-10_22-35-16	15	18	2600.0	2129.0	429041.79597329331	357.80717054851965	102	-19805.980706740833	-6.3963923826968692e-06	71.0	91.0	99.0	70.0	91.0	98.0	0.00067284302054759066	137.0	137
DLR00012733-2009-11-10_22-35-16	15	19	2737.0	2129.0	1312144.568862895	4720.1636843257256	102	-10068.010919866863	8.8756835515082657e-07	71.0	91.0	99.0	70.0	90.0	98.0	0.00056932870969411524	137.0	137
DLR00012733-2009-11-10_22-35-16	15	20	2866.0	2122.0	1734250.3542777288	5069.8362542127343	102	-7837.3119012105808	-5.5763228131336473e-06	71.0	91.0	99.0	70.0	90.0	98.0	0.0038817866570053311	137.0	137
DLR00012733-2009-11-10_22-35-16	15	21	3009.0	2120.0	2736008.4506495525	5607.1484648600072	102	-3640.4219572613238	-7.0021685212109528e-06	70.0	90.0	99.0	70.0	89.0	98.0	0.0036747580352983799	137.0	137
DLR00012733-2009-11-10_22-35-16	15	22	3142.0	2122.0	1869502.5601676931	6527.81598586168	102	-7620.9320813143713	-1.6124739973095588e-06	69.0	88.0	96.0	68.0	87.0	95.0	0.0041923295895657572	137.0	137
DLR00012733-2009-11-10_22-35-16	15	23	3282.0	2124.0	1929944.9378914135	4730.6709670760683	102	-9598.5538639699516	-4.233260310134414e-06	66.0	84.0	92.0	65.0	84.0	92.0	0.0059520728740748412	137.0	137
DLR00012733-2009-11-10_22-35-16	15	24	3408.0	2122.0	2134804.9640287766	10386.174139415845	102	-2036.6213125859304	4.2177674002143476e-06	69.0	85.0	91.0	68.0	85.0	91.0	0.0043993582112727084	137.0	137
DLR00012733-2009-11-10_22-35-16	16	1	272.0	2267.0	1279941.6626986181	5465.2083740842018	102	-54842.664870146386	-1.2424874808295558e-06	91.0	104.0	107.0	86.0	99.0	104.0	0.023238962786605248	137.0	137
DLR00012733-2009-11-10_22-35-16	16	2	414.0	2268.0	1489260.5527664199	18547.113424268246	102	-42830.393220065416	2.9610391908210911e-05	96.0	110.0	114.0	83.0	99.0	106.0	0.027224263754464056	137.0	137
DLR00012733-2009-11-10_22-35-16	16	3	546.0	2266.0	1709478.8879975155	33664.13571145483	102	4173.6451577977605	3.3759901496505863e-05	99.0	115.0	120.0	84.0	102.0	109.0	0.057036385280264994	137.0	137
DLR00012733-2009-11-10_22-35-16	16	4	690.0	2272.0	1577942.4020495832	12026.418597489343	102	-32177.292459192351	4.4057193023205469e-06	95.0	111.0	117.0	89.0	108.0	115.0	0.020961647947828788	137.0	137
DLR00012733-2009-11-10_22-35-16	16	5	820.0	2266.0	1129826.5770405259	3319.7898921076776	102	-47257.941497800843	-1.22277777016186e-05	91.0	108.0	113.0	91.0	109.0	114.0	0.026654935044769939	137.0	137
DLR00012733-2009-11-10_22-35-16	16	6	957.0	2266.0	1166983.7764608457	679.65383686684061	102	-45188.191536070517	-2.2538709588720197e-05	91.0	108.0	112.0	89.0	106.0	111.0	0.022773148387764609	137.0	137
DLR00012733-2009-11-10_22-35-16	16	7	1094.0	2266.0	860065.30924900377	4063.8905688152181	102	-42186.694216909753	-1.2232877569711323e-05	91.0	108.0	112.0	84.0	103.0	109.0	0.021634490968376378	137.0	137
DLR00012733-2009-11-10_22-35-16	16	8	1231.0	2266.0	1206122.6931835825	1279.8770026810594	102	-45358.824385594649	-1.3822552165763141e-05	84.0	104.0	109.0	84.0	103.0	109.0	0.020081776305574246	137.0	137
DLR00012733-2009-11-10_22-35-16	16	9	1372.0	2253.0	1492480.8433828475	-1078.0703615520156	102	-32722.020996786854	-1.3886109918202967e-05	80.0	99.0	106.0	76.0	96.0	105.0	0.0014492003519486569	137.0	137
DLR00012733-2009-11-10_22-35-16	16	10	1505.0	2266.0	1139487.448889809	53.165403341044438	102	-49981.464627529524	-1.4475447434006234e-05	79.0	98.0	104.0	82.0	100.0	105.0	0.016562289736556077	137.0	137
DLR00012733-2009-11-10_22-35-16	16	11	1642.0	2266.0	1442442.4814968167	635.57077042385708	102	-48966.91395503025	-1.1947168259393222e-05	77.0	96.0	103.0	83.0	101.0	105.0	0.016407018270275867	137.0	137
DLR00012733-2009-11-10_22-35-16	16	12	1779.0	2266.0	1553914.0797577763	1666.130495931078	102	-47177.11608959658	-1.4004674321639385e-05	79.0	98.0	104.0	81.0	99.0	104.0	0.026292634956782777	137.0	137
DLR00012733-2009-11-10_22-35-16	16	13	1916.0	2266.0	1339145.4671083279	9298.6152124039254	102	-43015.359464543886	-1.3629059078194093e-05	80.0	100.0	105.0	79.0	98.0	103.0	0.040111795455721751	137.0	137
DLR00012733-2009-11-10_22-35-16	16	14	2053.0	2266.0	1513288.8750582268	8394.8402177714997	102	-37203.363151560297	-1.57656068318038e-05	81.0	101.0	106.0	81.0	100.0	105.0	0.028207649707572072	137.0	137
DLR00012733-2009-11-10_22-35-16	16	15	2190.0	2266.0	1390422.4023083691	8237.8035866152932	102	-39971.429782601328	-1.4346348812357453e-05	85.0	104.0	109.0	83.0	102.0	107.0	0.022773148387764609	137.0	137
DLR00012733-2009-11-10_22-35-16	16	16	2327.0	2266.0	1250959.0471507686	3784.4043338057418	102	-33190.193919274519	-1.7334869072571838e-06	85.0	104.0	110.0	84.0	103.0	109.0	0.0080223590911443505	137.0	137
DLR00012733-2009-11-10_22-35-16	16	17	2464.0	2264.0	1866282.2695512655	22864.823858885753	102	-1417.1412296611984	1.1363844275519658e-05	88.0	107.0	113.0	81.0	101.0	107.0	0.028155892552145335	137.0	137
DLR00012733-2009-11-10_22-35-16	16	18	2600.0	2266.0	1842006.2325966565	15660.13330381269	102	-60687.25697255745	-8.4661248925928871e-07	89.0	107.0	113.0	78.0	98.0	105.0	0.0055897727860876765	137.0	137
DLR00012733-2009-11-10_22-35-16	16	19	2734.0	2255.0	1219746.9996376999	9971.2505904280351	102	-53698.194182728686	9.3792769766608209e-06	87.0	105.0	110.0	77.0	97.0	103.0	0.010299673929920811	137.0	137
DLR00012733-2009-11-10_22-35-16	16	20	2874.0	2266.0	1420891.3058330314	41649.921370403281	102	-28495.345441875637	1.5095415280137101e-05	94.0	111.0	114.0	78.0	97.0	104.0	0.075410175456756892	137.0	137
DLR00012733-2009-11-10_22-35-16	16	21	3009.0	2255.0	1469691.0944050516	26443.441771669255	102	-49057.472440103076	2.2688698272262678e-06	87.0	104.0	111.0	76.0	94.0	102.0	0.038300295015785933	137.0	137
DLR00012733-2009-11-10_22-35-16	16	22	3145.0	2252.0	1254427.0524299985	18871.716306530267	102	-61152.940497658623	-1.2777011527038306e-05	81.0	99.0	106.0	74.0	92.0	99.0	0.038662595103773095	137.0	137
DLR00012733-2009-11-10_22-35-16	16	23	3278.0	2250.0	1241298.1753014855	18761.364370068135	102	-64268.407614678013	-8.213453805923926e-06	80.0	97.0	104.0	72.0	89.0	97.0	0.037368666218104654	137.0	137
DLR00012733-2009-11-10_22-35-16	16	24	3416.0	2255.0	1413707.5806117696	21120.897913320121	102	-57788.996865073546	-1.2286818505389001e-05	82.0	96.0	103.0	76.0	90.0	96.0	0.062677915221779415	137.0	137
