100.0	97.0	84.0	108.0	109.0	99.0	1	0.059986543139589045	0.00021002677081145878	DLR00012733-2009-11-10_16-36-58	166278.38260625463	1	107	272.0	217.0	131284.90120840745	1454580.4999741213	137.0	137
102.0	97.0	80.0	110.0	110.0	98.0	2	0.0080223590911443505	0.00021370225582623674	DLR00012733-2009-11-10_16-36-58	92786.760827253005	1	107	409.0	212.0	76893.542327210293	1537069.4826872319	137.0	137
105.0	98.0	79.0	109.0	104.0	88.0	3	0.00010351431085347549	0.00012066107087033036	DLR00012733-2009-11-10_16-36-58	87021.96703539278	1	107	552.0	228.0	59886.720179187025	1633430.486517261	137.0	137
108.0	101.0	81.0	113.0	108.0	91.0	4	0.0068837016717561202	0.00017883876807513139	DLR00012733-2009-11-10_16-36-58	167078.93828701999	1	107	683.0	212.0	127057.82350909857	2505633.814243569	137.0	137
109.0	101.0	81.0	113.0	107.0	89.0	5	0.0	0.00015207974472774099	DLR00012733-2009-11-10_16-36-58	129930.22783661896	1	107	831.0	224.0	73310.395386012766	1722855.479788831	137.0	137
109.0	102.0	81.0	112.0	105.0	85.0	6	0.0	0.00012132234372812543	DLR00012733-2009-11-10_16-36-58	122895.04389154288	1	107	956.0	229.0	61457.906803028061	1781068.4255473318	137.0	137
110.0	102.0	81.0	113.0	108.0	89.0	7	0.0	0.00016570529777524672	DLR00012733-2009-11-10_16-36-58	144289.92899889612	1	107	1098.0	217.0	83356.468192284592	1917063.7754257026	137.0	137
110.0	103.0	81.0	113.0	108.0	87.0	8	0.00015527146628021324	0.00015458650388437545	DLR00012733-2009-11-10_16-36-58	156833.66088764538	1	107	1231.0	212.0	98332.039277353368	2225963.9599399618	137.0	137
109.0	103.0	81.0	113.0	108.0	88.0	9	0.00056932870969411524	0.0001630294658386118	DLR00012733-2009-11-10_16-36-58	152378.90503492404	1	107	1368.0	212.0	99896.232623624965	2276745.4658143991	137.0	137
108.0	102.0	80.0	110.0	105.0	83.0	10	0.0	9.3240891995318342e-05	DLR00012733-2009-11-10_16-36-58	139007.83198195547	1	107	1505.0	212.0	101232.83633428003	2919069.5864603282	137.0	137
108.0	102.0	80.0	113.0	109.0	89.0	11	0.0	0.00016996520438418322	DLR00012733-2009-11-10_16-36-58	147968.34530660993	1	107	1641.0	212.0	99987.280153589658	2194751.9124268931	137.0	137
108.0	103.0	80.0	112.0	108.0	87.0	12	0.0	0.00015124939908994542	DLR00012733-2009-11-10_16-36-58	151916.69152875172	1	107	1775.0	224.0	105419.77967582821	2401345.9412038713	137.0	137
109.0	103.0	81.0	114.0	111.0	92.0	13	5.1757155426737743e-05	0.00020833510437006603	DLR00012733-2009-11-10_16-36-58	209178.31006262443	1	107	1926.0	213.0	167973.96879005435	2784065.0952331661	137.0	137
108.0	102.0	80.0	113.0	109.0	90.0	14	0.0	0.0001775777033704505	DLR00012733-2009-11-10_16-36-58	174346.92689033734	1	107	2056.0	217.0	135725.79511784692	2654510.3265876509	137.0	137
108.0	102.0	80.0	113.0	109.0	90.0	15	0.00087987164225454171	0.00018108399827505449	DLR00012733-2009-11-10_16-36-58	181029.54658455285	1	107	2189.0	212.0	139213.44697654006	2576232.4931421774	137.0	137
108.0	102.0	80.0	112.0	106.0	85.0	16	0.0	0.0001319336846186483	DLR00012733-2009-11-10_16-36-58	133886.80853523276	1	107	2321.0	222.0	83255.868050719611	2188311.331194038	137.0	137
109.0	102.0	81.0	113.0	109.0	89.0	17	0.0	0.00016996520438418322	DLR00012733-2009-11-10_16-36-58	168207.71376150829	1	107	2463.0	212.0	120897.72002343166	2465999.4681952279	137.0	137
110.0	103.0	81.0	113.0	108.0	89.0	18	0.00072460017597432847	0.0001630294658386118	DLR00012733-2009-11-10_16-36-58	171400.08038872061	1	107	2600.0	212.0	123608.82232936854	2593077.0902127218	137.0	137
109.0	102.0	81.0	113.0	109.0	90.0	19	0.0	0.0001775777033704505	DLR00012733-2009-11-10_16-36-58	169740.80729140056	1	107	2737.0	212.0	121377.17292950819	2363693.3124579471	137.0	137
108.0	101.0	81.0	112.0	108.0	90.0	20	0.0	0.00016329087746514966	DLR00012733-2009-11-10_16-36-58	159804.83147239755	1	107	2874.0	212.0	116169.3281846763	2330747.2623052634	137.0	137
106.0	99.0	80.0	110.0	105.0	88.0	21	0.0	0.0001325334764655341	DLR00012733-2009-11-10_16-36-58	107799.46850944187	1	107	3013.0	217.0	73349.462558298008	1842501.6619222609	137.0	137
103.0	97.0	78.0	105.0	99.0	83.0	22	0.0	4.3767568371291522e-05	DLR00012733-2009-11-10_16-36-58	31747.244335728588	1	107	3144.0	225.0	19902.266249251912	1177635.5069613373	137.0	137
100.0	95.0	79.0	102.0	97.0	82.0	23	0.0	1.3179357481849964e-05	DLR00012733-2009-11-10_16-36-58	13164.459313411364	1	107	3285.0	217.0	16657.331074206253	973766.33947518247	137.0	137
98.0	95.0	82.0	103.0	103.0	92.0	24	0.022255576833497232	0.00011858503078058121	DLR00012733-2009-11-10_16-36-58	62199.9716957169	1	107	3422.0	212.0	54559.606955836563	1077311.0685264736	137.0	137
98.0	93.0	77.0	99.0	93.0	76.0	1	0.0	-5.4025605941172433e-05	DLR00012733-2009-11-10_16-36-58	-61800.744780361412	2	107	272.0	349.0	-12121.787139636075	894993.07670410431	137.0	137
100.0	94.0	75.0	101.0	94.0	75.0	2	0.00020702862170695097	-4.8935236364266909e-05	DLR00012733-2009-11-10_16-36-58	-57205.394913046461	2	107	411.0	352.0	-47902.913724392733	4093484.8028052379	137.0	137
104.0	96.0	77.0	104.0	97.0	77.0	3	0.0	-7.2281142537805623e-06	DLR00012733-2009-11-10_16-36-58	-14413.120356235981	2	107	546.0	349.0	-2483.8369641521426	1290097.9638735056	137.0	137
106.0	99.0	78.0	106.0	99.0	79.0	4	0.0	2.4451971230167922e-05	DLR00012733-2009-11-10_16-36-58	24002.694785749383	2	107	694.0	349.0	8347.0082225381702	1240307.3166502768	137.0	137
106.0	99.0	79.0	107.0	100.0	79.0	5	0.00067284302054759066	3.1726089996087277e-05	DLR00012733-2009-11-10_16-36-58	39424.502299420201	2	107	820.0	362.0	19481.952167592892	1934156.0871590497	137.0	137
107.0	100.0	79.0	107.0	101.0	79.0	6	0.00010351431085347549	3.9830671729975683e-05	DLR00012733-2009-11-10_16-36-58	49105.137827557795	2	107	958.0	358.0	19300.912205002707	1633925.9158428654	137.0	137
107.0	101.0	79.0	107.0	101.0	79.0	7	0.0	4.6935600385721076e-05	DLR00012733-2009-11-10_16-36-58	54206.29262744054	2	107	1096.0	350.0	17353.438258475198	1304217.6996532271	137.0	137
107.0	101.0	78.0	108.0	102.0	81.0	8	0.00062108586512085295	6.2483490995702813e-05	DLR00012733-2009-11-10_16-36-58	50073.313218005183	2	107	1231.0	349.0	770.51592228172717	44340.924641581689	137.0	137
106.0	101.0	78.0	107.0	101.0	79.0	9	0.0	4.6935600385721076e-05	DLR00012733-2009-11-10_16-36-58	51684.46575344287	2	107	1368.0	350.0	17685.786582762001	1298024.8330831737	137.0	137
106.0	100.0	78.0	106.0	100.0	78.0	10	0.0	3.1556899885913304e-05	DLR00012733-2009-11-10_16-36-58	40640.512247261409	2	107	1505.0	349.0	18030.964044635784	2005497.9100460638	137.0	137
106.0	100.0	78.0	106.0	100.0	78.0	11	0.0	2.7789193354771438e-05	DLR00012733-2009-11-10_16-36-58	34606.21666182929	2	107	1644.0	353.0	11902.588442422024	1442690.1961596191	137.0	137
106.0	101.0	78.0	106.0	101.0	79.0	12	0.0056415299415144143	4.2675693776784605e-05	DLR00012733-2009-11-10_16-36-58	49783.030779745051	2	107	1778.0	349.0	15587.520078098663	1124624.5691216812	137.0	137
106.0	101.0	78.0	106.0	101.0	78.0	13	0.00031054293256042647	3.9830671729975683e-05	DLR00012733-2009-11-10_16-36-58	50414.163833219165	2	107	1918.0	353.0	34628.912269976026	3191803.430205476	137.0	137
106.0	100.0	78.0	106.0	101.0	78.0	14	0.0	3.966148161980171e-05	DLR00012733-2009-11-10_16-36-58	38142.704372578199	2	107	2052.0	349.0	9995.790779862311	942554.29196211381	137.0	137
106.0	100.0	78.0	106.0	100.0	78.0	15	0.0	2.7958266134771917e-05	DLR00012733-2009-11-10_16-36-58	36704.089070526228	2	107	2188.0	353.0	21201.091525751359	2605958.2526784334	137.0	137
106.0	100.0	78.0	107.0	101.0	79.0	16	0.0	4.3921388228738181e-05	DLR00012733-2009-11-10_16-36-58	43311.315440570099	2	107	2326.0	349.0	8797.1999245277111	694344.19983437716	137.0	137
107.0	101.0	78.0	108.0	102.0	80.0	17	0.0013456860410951813	5.7716131386417921e-05	DLR00012733-2009-11-10_16-36-58	49084.123367293214	2	107	2463.0	349.0	6715.1502684537854	437959.52383417002	137.0	137
107.0	100.0	78.0	107.0	100.0	79.0	18	0.0	3.966148161980171e-05	DLR00012733-2009-11-10_16-36-58	44471.898808675927	2	107	2594.0	349.0	33826.898211033855	3513337.0625226432	137.0	137
107.0	100.0	78.0	107.0	100.0	79.0	19	0.00062108586512085295	3.8907987245642738e-05	DLR00012733-2009-11-10_16-36-58	37267.451404031359	2	107	2737.0	349.0	11872.287388961297	1178378.6509497438	137.0	137
106.0	99.0	78.0	107.0	99.0	78.0	20	0.0	2.4451971230167922e-05	DLR00012733-2009-11-10_16-36-58	29342.886917197007	2	107	2874.0	349.0	20573.900542068812	2996851.9905801974	137.0	137
105.0	97.0	77.0	105.0	97.0	77.0	21	0.0	-6.3054297694476126e-06	DLR00012733-2009-11-10_16-36-58	-4695.7895530349797	2	107	3011.0	349.0	120.27349585453202	732492.25790590548	137.0	137
101.0	94.0	74.0	102.0	94.0	75.0	22	0.00010351431085347549	-4.5167412502951559e-05	DLR00012733-2009-11-10_16-36-58	-60608.274735210391	2	107	3148.0	349.0	-9939.1636395221321	1065668.4793747736	137.0	137
98.0	91.0	72.0	98.0	92.0	73.0	23	0.00010351431085347549	-8.3198932268486447e-05	DLR00012733-2009-11-10_16-36-58	-109153.72974702352	2	107	3279.0	350.0	-28662.186005406817	1441947.0521712126	137.0	137
95.0	91.0	74.0	96.0	91.0	75.0	24	0.0	-8.259914042160063e-05	DLR00012733-2009-11-10_16-36-58	-109945.54296496531	2	107	3418.0	347.0	-17473.629547088127	844954.71481807344	137.0	137
99.0	93.0	75.0	100.0	93.0	75.0	1	0.0	-5.4025605941172433e-05	DLR00012733-2009-11-10_16-36-58	-66374.407682289981	3	107	272.0	486.0	-7479.0136922249121	584111.17488742829	137.0	137
101.0	94.0	75.0	102.0	95.0	76.0	2	0.0	-3.246466126995222e-05	DLR00012733-2009-11-10_16-36-58	-50950.483369829715	3	107	409.0	486.0	-4086.7092657334219	631672.39014543744	137.0	137
104.0	97.0	77.0	104.0	97.0	78.0	3	0.0	-2.7991348648436146e-06	DLR00012733-2009-11-10_16-36-58	-7253.3560806113474	3	107	561.0	486.0	1084.968400564074	1005226.1016510533	137.0	137
106.0	99.0	78.0	106.0	99.0	79.0	4	5.1757155426737743e-05	2.4451971230167922e-05	DLR00012733-2009-11-10_16-36-58	23979.340324276898	3	107	691.0	490.0	7873.3040128463481	992592.65384814446	137.0	137
106.0	99.0	79.0	107.0	101.0	80.0	5	0.0	4.2675693776784605e-05	DLR00012733-2009-11-10_16-36-58	37594.372279151052	3	107	820.0	486.0	8015.3933726517052	628699.81419181207	137.0	137
107.0	100.0	79.0	107.0	101.0	80.0	6	0.0	3.9830671729975683e-05	DLR00012733-2009-11-10_16-36-58	46359.447762264412	3	107	953.0	491.0	18958.550113278689	1605686.4442834223	137.0	137
106.0	100.0	78.0	107.0	101.0	79.0	7	0.0	4.3167893854579202e-05	DLR00012733-2009-11-10_16-36-58	47631.35749438389	3	107	1094.0	486.0	16780.865440065576	1391413.2609595775	137.0	137
106.0	101.0	79.0	108.0	102.0	80.0	8	0.00010351431085347549	5.8546594354386967e-05	DLR00012733-2009-11-10_16-36-58	48273.795147062992	3	107	1231.0	486.0	1388.7090977838918	81002.694736297286	137.0	137
106.0	101.0	79.0	107.0	102.0	80.0	9	0.00046581439884063971	5.5209372229783454e-05	DLR00012733-2009-11-10_16-36-58	51300.383699476864	3	107	1368.0	486.0	13478.751209945323	859817.59458620159	137.0	137
106.0	100.0	78.0	106.0	100.0	79.0	10	0.0	3.1726089996087277e-05	DLR00012733-2009-11-10_16-36-58	45125.088257332915	3	107	1504.0	488.0	33098.175762955754	3264383.8264065008	137.0	137
106.0	100.0	78.0	106.0	100.0	78.0	11	0.0	3.1556899885913304e-05	DLR00012733-2009-11-10_16-36-58	36065.113916142524	3	107	1642.0	486.0	14133.227651360108	1680248.5577868642	137.0	137
106.0	100.0	77.0	106.0	101.0	78.0	12	0.002432586305056674	3.966148161980171e-05	DLR00012733-2009-11-10_16-36-58	48794.478600466246	3	107	1778.0	487.0	39696.004755378955	3608954.9223642666	137.0	137
106.0	101.0	78.0	106.0	101.0	78.0	13	0.0	4.2337430886610149e-05	DLR00012733-2009-11-10_16-36-58	43375.219532164199	3	107	1920.0	491.0	14915.29559971287	1293318.2544899331	137.0	137
106.0	100.0	77.0	106.0	100.0	78.0	14	0.0	3.1556899885913304e-05	DLR00012733-2009-11-10_16-36-58	34708.184703404411	3	107	2052.0	486.0	1546.5114748781436	183804.27979918223	137.0	137
106.0	100.0	78.0	107.0	102.0	80.0	15	0.00087987164225454171	5.5040182119609481e-05	DLR00012733-2009-11-10_16-36-58	32114.282895819484	3	107	2199.0	492.0	1393.512271801465	91902.139899591115	137.0	137
106.0	100.0	78.0	106.0	101.0	79.0	16	0.0	3.966148161980171e-05	DLR00012733-2009-11-10_16-36-58	38151.001883203782	3	107	2326.0	486.0	12173.834688783958	1150386.8940531029	137.0	137
106.0	100.0	78.0	106.0	100.0	79.0	17	0.00077635733140106618	3.966148161980171e-05	DLR00012733-2009-11-10_16-36-58	40902.001054741013	3	107	2463.0	486.0	14367.182335006091	1442442.4814968167	137.0	137
106.0	100.0	78.0	107.0	100.0	78.0	18	0.0	3.1556899885913304e-05	DLR00012733-2009-11-10_16-36-58	34935.598514816338	3	107	2602.0	489.0	11387.455398617016	1191755.242741059	137.0	137
106.0	99.0	77.0	106.0	99.0	78.0	19	0.0	2.4451971230167922e-05	DLR00012733-2009-11-10_16-36-58	29326.417386161975	3	107	2737.0	486.0	17324.533181645795	2583663.9330262411	137.0	137
106.0	99.0	77.0	106.0	99.0	78.0	20	0.0	2.4282781119993949e-05	DLR00012733-2009-11-10_16-36-58	17633.31702911737	3	107	2874.0	486.0	8163.2987473247858	1273253.3668029602	137.0	137
105.0	97.0	76.0	105.0	97.0	76.0	21	0.0	-7.2281142537805623e-06	DLR00012733-2009-11-10_16-36-58	-13374.164214905237	3	107	3011.0	486.0	-602.08779076087285	322276.77630557423	137.0	137
102.0	94.0	74.0	102.0	94.0	74.0	22	0.0	-4.8935236364266909e-05	DLR00012733-2009-11-10_16-36-58	-57972.585234095735	3	107	3142.0	486.0	-45111.714700369368	3806631.2232803688	137.0	137
98.0	91.0	71.0	98.0	91.0	71.0	23	0.0	-9.8577632768294212e-05	DLR00012733-2009-11-10_16-36-58	-121366.14198468733	3	107	3285.0	486.0	-56899.892161809963	2258166.8661042387	137.0	137
95.0	89.0	71.0	95.0	88.0	70.0	24	0.00010351431085347549	-0.0001302577182522427	DLR00012733-2009-11-10_16-36-58	-146435.17441263012	3	107	3422.0	486.0	-28249.337198075576	876909.90631954873	137.0	137
100.0	93.0	75.0	101.0	94.0	76.0	1	0.0	-4.5167412502951559e-05	DLR00012733-2009-11-10_16-36-58	-55079.657650879177	4	107	272.0	623.0	-4253.1154733408366	411454.05491434195	137.0	137
102.0	95.0	75.0	103.0	96.0	76.0	2	0.0	-2.9788712003143788e-05	DLR00012733-2009-11-10_16-36-58	-42224.824473295383	4	107	411.0	617.0	-5036.3651412957151	888304.78080844681	137.0	137
104.0	97.0	77.0	105.0	97.0	77.0	3	5.1757155426737743e-05	-1.7072602703366939e-06	DLR00012733-2009-11-10_16-36-58	-7822.944950781739	4	107	546.0	623.0	984.27388735797399	764447.44940738054	137.0	137
106.0	99.0	78.0	107.0	99.0	79.0	4	0.0	2.6958730386802388e-05	DLR00012733-2009-11-10_16-36-58	25396.404252928314	4	107	692.0	620.0	10609.467942428342	1374073.2345634284	137.0	137
107.0	100.0	78.0	107.0	100.0	79.0	5	0.0	3.1726089996087277e-05	DLR00012733-2009-11-10_16-36-58	37105.622824729573	4	107	821.0	623.0	11459.456766282876	1120908.8491796493	137.0	137
107.0	100.0	78.0	107.0	101.0	79.0	6	0.0	4.3167893854579202e-05	DLR00012733-2009-11-10_16-36-58	42595.126079115907	4	107	957.0	623.0	11257.853748873606	927443.69753118372	137.0	137
106.0	100.0	78.0	107.0	101.0	79.0	7	0.0	3.9830671729975683e-05	DLR00012733-2009-11-10_16-36-58	45843.830757700867	4	107	1094.0	623.0	14621.991327147671	1239316.4579990685	137.0	137
106.0	100.0	79.0	106.0	100.0	79.0	8	0.00015527146628021324	3.966148161980171e-05	DLR00012733-2009-11-10_16-36-58	43957.570672825925	4	107	1231.0	623.0	10373.89390857173	1111495.6919931681	137.0	137
106.0	100.0	79.0	107.0	101.0	79.0	9	0.00020702862170695097	4.6935600385721076e-05	DLR00012733-2009-11-10_16-36-58	49375.390405702427	4	107	1371.0	620.0	15903.376925817243	1254674.7670928007	137.0	137
106.0	100.0	79.0	106.0	101.0	79.0	10	0.0	4.3167893854579202e-05	DLR00012733-2009-11-10_16-36-58	43748.189765451811	4	107	1499.0	633.0	13208.816647595026	1116449.9852492106	137.0	137
106.0	100.0	78.0	106.0	100.0	79.0	11	0.00015527146628021324	3.1556899885913304e-05	DLR00012733-2009-11-10_16-36-58	38814.114701197395	4	107	1640.0	618.0	27263.811067633873	3156627.9480875731	137.0	137
106.0	100.0	78.0	106.0	101.0	79.0	12	0.00015527146628021324	3.966148161980171e-05	DLR00012733-2009-11-10_16-36-58	39312.492520669926	4	107	1773.0	629.0	12702.166500247924	1186800.9494850163	137.0	137
106.0	100.0	77.0	106.0	100.0	78.0	13	0.0	3.1556899885913304e-05	DLR00012733-2009-11-10_16-36-58	38205.678419508746	4	107	1915.0	623.0	24495.563075512695	2739476.455928782	137.0	137
106.0	100.0	78.0	106.0	100.0	79.0	14	0.0	3.1726089996087277e-05	DLR00012733-2009-11-10_16-36-58	35206.849233780056	4	107	2052.0	623.0	12513.015941341717	1255665.6257440089	137.0	137
106.0	100.0	78.0	106.0	100.0	78.0	15	0.0	3.1726089996087277e-05	DLR00012733-2009-11-10_16-36-58	31988.698109919347	4	107	2189.0	623.0	1837.9694334079638	194951.4396252782	137.0	137
106.0	100.0	78.0	106.0	100.0	79.0	16	0.00082811448682780389	3.1726089996087277e-05	DLR00012733-2009-11-10_16-36-58	34236.327438655215	4	107	2326.0	623.0	11127.041293904607	1153111.7553439261	137.0	137
106.0	100.0	78.0	107.0	102.0	81.0	17	0.0	6.2483490995702813e-05	DLR00012733-2009-11-10_16-36-58	34312.175023772295	4	107	2464.0	625.0	100.29892506837336	6192.8665700533102	137.0	137
106.0	100.0	77.0	107.0	100.0	79.0	18	5.1757155426737743e-05	3.2218172743708385e-05	DLR00012733-2009-11-10_16-36-58	34292.648488223189	4	107	2600.0	623.0	13859.060620041955	1355494.6348532683	137.0	137
107.0	99.0	77.0	107.0	100.0	78.0	19	0.0	2.7789193354771438e-05	DLR00012733-2009-11-10_16-36-58	25955.036719962962	4	107	2737.0	623.0	9714.2590313750406	1191755.242741059	137.0	137
106.0	98.0	76.0	107.0	99.0	77.0	20	0.0	1.3333177339296621e-05	DLR00012733-2009-11-10_16-36-58	14553.276981936226	4	107	2874.0	623.0	7968.1813263639078	1455075.9292997257	137.0	137
105.0	97.0	75.0	106.0	98.0	77.0	21	0.0	1.4607717440928522e-06	DLR00012733-2009-11-10_16-36-58	-9880.1869967250968	4	107	3008.0	618.0	1889.7096312358997	795659.49692044919	137.0	137
103.0	94.0	74.0	103.0	95.0	75.0	22	0.0	-3.7062830769063147e-05	DLR00012733-2009-11-10_16-36-58	-55565.426119753465	4	107	3148.0	623.0	-11169.31952260111	1313383.1421769061	137.0	137
99.0	91.0	71.0	99.0	91.0	72.0	23	0.0	-9.5071337863690216e-05	DLR00012733-2009-11-10_16-36-58	-115918.27652779827	4	107	3282.0	626.0	-58844.503643732576	2508854.1048599971	137.0	137
95.0	89.0	70.0	96.0	89.0	70.0	24	0.0	-0.0001247368642687988	DLR00012733-2009-11-10_16-36-58	-149680.36925616028	4	107	3415.0	626.0	-21810.342384980129	725803.96201024798	137.0	137
101.0	94.0	75.0	101.0	94.0	75.0	1	0.0	-4.985792084859986e-05	DLR00012733-2009-11-10_16-36-58	-45619.785641960392	5	107	272.0	760.0	-14989.619558165461	1297777.1184203716	137.0	137
103.0	95.0	75.0	103.0	95.0	76.0	2	0.0	-3.246466126995222e-05	DLR00012733-2009-11-10_16-36-58	-36745.308074496053	5	107	409.0	765.0	-25313.865609307515	3519529.9290926973	137.0	137
105.0	97.0	77.0	106.0	98.0	78.0	3	0.0	1.3671440229471073e-05	DLR00012733-2009-11-10_16-36-58	1139.4260693101121	5	107	556.0	762.0	3515.1411617343633	590799.47078308591	137.0	137
107.0	99.0	78.0	107.0	99.0	79.0	4	5.1757155426737743e-05	2.4451971230167922e-05	DLR00012733-2009-11-10_16-36-58	25768.2759724936	5	107	692.0	765.0	12962.160877615383	1981965.0170798611	137.0	137
107.0	100.0	78.0	108.0	101.0	79.0	5	0.0	3.9830671729975683e-05	DLR00012733-2009-11-10_16-36-58	36005.047244504822	5	107	825.0	769.0	5506.7561398448179	468180.71269603021	137.0	137
107.0	100.0	78.0	107.0	100.0	79.0	6	0.00062108586512085295	3.9830671729975683e-05	DLR00012733-2009-11-10_16-36-58	39735.664517564132	5	107	956.0	766.0	9752.4686144245643	868735.3224470783	137.0	137
106.0	100.0	78.0	107.0	100.0	79.0	7	0.0	3.966148161980171e-05	DLR00012733-2009-11-10_16-36-58	40643.567361862588	5	107	1096.0	769.0	18226.513999648192	1798656.1666062835	137.0	137
106.0	100.0	78.0	107.0	101.0	79.0	8	0.00072460017597432847	3.9830671729975683e-05	DLR00012733-2009-11-10_16-36-58	43912.914751140241	5	107	1231.0	760.0	18529.282479880345	1684211.9923916981	137.0	137
106.0	100.0	79.0	106.0	101.0	79.0	9	0.0	3.9830671729975683e-05	DLR00012733-2009-11-10_16-36-58	44183.598162721821	5	107	1371.0	761.0	18103.693616406763	1657458.8088090678	137.0	137
106.0	100.0	79.0	106.0	101.0	79.0	10	0.0	3.9830671729975683e-05	DLR00012733-2009-11-10_16-36-58	40665.027974975703	5	107	1508.0	768.0	11502.999199415579	1054025.8902230733	137.0	137
105.0	100.0	78.0	106.0	100.0	79.0	11	0.0	3.1726089996087277e-05	DLR00012733-2009-11-10_16-36-58	34177.721010067675	5	107	1647.0	768.0	11699.732023033712	1176892.362972931	137.0	137
105.0	99.0	78.0	105.0	99.0	78.0	12	0.0	2.4282781119993949e-05	DLR00012733-2009-11-10_16-36-58	27252.7906625668	5	107	1779.0	760.0	3484.419130761612	611855.21712126688	137.0	137
105.0	99.0	78.0	106.0	100.0	79.0	13	0.00062108586512085295	3.1556899885913304e-05	DLR00012733-2009-11-10_16-36-58	30092.954634840848	5	107	1915.0	760.0	10764.374427858913	1147662.0327622793	137.0	137
105.0	99.0	78.0	105.0	100.0	78.0	14	0.0023290719942031988	2.4451971230167922e-05	DLR00012733-2009-11-10_16-36-58	27184.543402914536	5	107	2061.0	770.0	6773.1183829596339	881864.19957559125	137.0	137
105.0	99.0	78.0	105.0	100.0	78.0	15	0.0	2.4451971230167922e-05	DLR00012733-2009-11-10_16-36-58	25645.344535359141	5	107	2189.0	760.0	9568.9651653258134	1338154.6084571194	137.0	137
105.0	99.0	77.0	106.0	100.0	78.0	16	0.0	2.4451971230167922e-05	DLR00012733-2009-11-10_16-36-58	26070.393890196279	5	107	2326.0	760.0	9315.950600723414	1162277.1978676051	137.0	137
105.0	99.0	77.0	106.0	100.0	78.0	17	0.0	2.4451971230167922e-05	DLR00012733-2009-11-10_16-36-58	25104.594513061689	5	107	2458.0	758.0	10322.383424580263	1372339.2319238135	137.0	137
106.0	99.0	77.0	107.0	100.0	78.0	18	0.00077635733140106618	2.4451971230167922e-05	DLR00012733-2009-11-10_16-36-58	21920.732612453714	5	107	2593.0	763.0	8015.570418121124	1059227.8981419182	137.0	137
107.0	99.0	76.0	107.0	100.0	78.0	19	5.1757155426737743e-05	2.4451971230167922e-05	DLR00012733-2009-11-10_16-36-58	19006.762568616043	5	107	2740.0	760.0	2391.5762055992004	333423.9361316702	137.0	137
106.0	98.0	76.0	107.0	100.0	78.0	20	0.0	2.4451971230167922e-05	DLR00012733-2009-11-10_16-36-58	9159.3797590566865	5	107	2874.0	760.0	3185.4165312847385	415417.48951917607	137.0	137
105.0	97.0	75.0	106.0	97.0	76.0	21	0.00056932870969411524	-6.4746198796215846e-06	DLR00012733-2009-11-10_16-36-58	-14071.009161710483	5	107	3011.0	760.0	-3171.6205805790696	2015901.9258837535	137.0	137
103.0	94.0	73.0	103.0	95.0	74.0	22	0.0	-3.7062830769063147e-05	DLR00012733-2009-11-10_16-36-58	-55793.574684829931	5	107	3145.0	759.0	-9272.2556181482196	1067897.9113399927	137.0	137
99.0	91.0	71.0	100.0	92.0	73.0	23	0.0	-7.9692637363882452e-05	DLR00012733-2009-11-10_16-36-58	-111773.277272359	5	107	3288.0	763.0	-17673.132999064019	944536.00926453096	137.0	137
96.0	89.0	70.0	96.0	89.0	70.0	24	0.00098338595310801724	-0.0001247368642687988	DLR00012733-2009-11-10_16-36-58	-149458.80805288331	5	107	3411.0	761.0	-23942.058455237533	818201.53123544343	137.0	137
102.0	94.0	75.0	102.0	95.0	75.0	1	0.00077635733140106618	-3.723202087923712e-05	DLR00012733-2009-11-10_16-36-58	-41464.626185158952	6	107	272.0	897.0	-7420.4112039226738	855111.01599296113	137.0	137
103.0	95.0	75.0	103.0	95.0	75.0	2	0.00041405724341390195	-3.246466126995222e-05	DLR00012733-2009-11-10_16-36-58	-37218.583033315328	6	107	411.0	898.0	-21012.572852718517	2909408.7146110446	137.0	137
105.0	97.0	77.0	106.0	98.0	78.0	3	0.00015527146628021324	8.150586246027204e-06	DLR00012733-2009-11-10_16-36-58	-65.957246666746855	6	107	557.0	903.0	2483.7851879512286	1012162.112209513	137.0	137
107.0	99.0	78.0	108.0	100.0	78.0	4	0.0	2.7958266134771917e-05	DLR00012733-2009-11-10_16-36-58	21238.457196842952	6	107	683.0	897.0	189.58332609145893	20064.887686972725	137.0	137
107.0	99.0	78.0	107.0	100.0	78.0	5	0.0	2.7789193354771438e-05	DLR00012733-2009-11-10_16-36-58	32266.939290574221	6	107	823.0	895.0	1292.5296296640176	157051.09621655196	137.0	137
107.0	100.0	78.0	107.0	100.0	79.0	6	0.00056932870969411524	3.1556899885913304e-05	DLR00012733-2009-11-10_16-36-58	35693.576940913532	6	107	956.0	895.0	11758.728325554859	1196461.8213342994	137.0	137
106.0	100.0	78.0	107.0	100.0	79.0	7	0.0	2.8711877839104386e-05	DLR00012733-2009-11-10_16-36-58	34704.175716414386	6	107	1096.0	893.0	12281.84979187952	1370605.2292841985	137.0	137
106.0	100.0	78.0	106.0	100.0	79.0	8	0.0	3.1726089996087277e-05	DLR00012733-2009-11-10_16-36-58	33757.410482111569	6	107	1237.0	896.0	10798.408718905985	1089449.0870037782	137.0	137
105.0	100.0	78.0	106.0	101.0	79.0	9	0.00056932870969411524	3.9830671729975683e-05	DLR00012733-2009-11-10_16-36-58	35816.380960861847	6	107	1373.0	897.0	7002.7475428747603	635388.11008746957	137.0	137
105.0	100.0	79.0	105.0	100.0	79.0	10	0.00051757155426737742	3.1726089996087277e-05	DLR00012733-2009-11-10_16-36-58	36056.060536707955	6	107	1505.0	897.0	13968.241144780986	1496196.5633248796	137.0	137
105.0	99.0	78.0	105.0	100.0	79.0	11	0.0	2.9050140729278838e-05	DLR00012733-2009-11-10_16-36-58	28285.381621740125	6	107	1642.0	897.0	9108.5890299790099	1093412.5216086125	137.0	137
105.0	99.0	78.0	105.0	99.0	79.0	12	0.00041405724341390195	2.729699327697684e-05	DLR00012733-2009-11-10_16-36-58	26001.041298312433	6	107	1779.0	897.0	9095.6921977231523	1138001.1609129962	137.0	137
105.0	99.0	78.0	105.0	99.0	78.0	13	0.0	2.4282781119993949e-05	DLR00012733-2009-11-10_16-36-58	22882.305573678423	6	107	1907.0	891.0	7165.4834856415682	1101339.3908182806	137.0	137
105.0	99.0	78.0	105.0	99.0	78.0	14	0.00098338595310801724	1.6347389496279513e-05	DLR00012733-2009-11-10_16-36-58	17875.004448421743	6	107	2049.0	899.0	2137.5873159287148	386682.58863412868	137.0	137
104.0	98.0	77.0	105.0	99.0	78.0	15	0.0	1.6347389496279513e-05	DLR00012733-2009-11-10_16-36-58	16199.549516689032	6	107	2189.0	899.0	8411.774672039006	1623769.6146679779	137.0	137
105.0	98.0	77.0	105.0	99.0	78.0	16	0.0	1.1918292777169072e-05	DLR00012733-2009-11-10_16-36-58	13859.837487702685	6	107	2326.0	897.0	7314.3455324607321	1868511.7015164846	137.0	137
105.0	98.0	77.0	105.0	99.0	78.0	17	0.0	1.617819938610554e-05	DLR00012733-2009-11-10_16-36-58	12903.352535147527	6	107	2463.0	897.0	5589.3154381209606	1003987.5283370427	137.0	137
105.0	98.0	76.0	106.0	99.0	77.0	18	0.0	1.2579565634964152e-05	DLR00012733-2009-11-10_16-36-58	13413.292634183836	6	107	2600.0	897.0	7810.9998100211515	1558868.3730138191	137.0	137
106.0	98.0	76.0	106.0	98.0	77.0	19	0.0	1.241049285496367e-05	DLR00012733-2009-11-10_16-36-58	7123.1663662531764	6	107	2737.0	897.0	633.16229862640864	185290.56777599503	137.0	137
106.0	98.0	75.0	106.0	98.0	76.0	20	0.0	-2.7991348648436146e-06	DLR00012733-2009-11-10_16-36-58	3025.2329975416865	6	107	2870.0	893.0	4237.4216422139216	3675837.8813208425	137.0	137
105.0	96.0	75.0	106.0	97.0	76.0	21	0.0	-6.3054297694476126e-06	DLR00012733-2009-11-10_16-36-58	-18726.915566085187	6	107	3011.0	897.0	-800.21808270689553	1198443.5386367163	137.0	137
103.0	94.0	73.0	104.0	95.0	74.0	22	0.0	-3.3725608644459627e-05	DLR00012733-2009-11-10_16-36-58	-57136.454248059214	6	107	3143.0	893.0	-6125.3682944362181	786494.05439677031	137.0	137
99.0	91.0	71.0	99.0	91.0	71.0	23	0.0	-9.5071337863690216e-05	DLR00012733-2009-11-10_16-36-58	-120640.89202507246	6	107	3289.0	905.0	-6026.1301295833391	252421.24139537287	137.0	137
95.0	89.0	69.0	96.0	89.0	70.0	24	0.0	-0.00012206091500199039	DLR00012733-2009-11-10_16-36-58	-154155.81259198135	6	107	3415.0	898.0	-17549.826006484367	594515.19072511781	137.0	137
102.0	94.0	75.0	102.0	95.0	75.0	1	0.0	-3.7062830769063147e-05	DLR00012733-2009-11-10_16-36-58	-38430.641988552365	7	107	272.0	1034.0	-6499.1120960191474	814981.24061901553	137.0	137
104.0	95.0	75.0	104.0	96.0	76.0	2	0.00077635733140106618	-2.1684130269255379e-05	DLR00012733-2009-11-10_16-36-58	-37210.381263453513	7	107	409.0	1034.0	-3693.2110195224786	815724.38460742205	137.0	137
105.0	97.0	76.0	106.0	98.0	77.0	3	0.0	-2.7991348648436146e-06	DLR00012733-2009-11-10_16-36-58	-3692.372223128014	7	107	554.0	1037.0	1469.1592418500888	1527904.0401635526	137.0	137
106.0	99.0	77.0	107.0	99.0	78.0	4	5.1757155426737743e-05	2.4451971230167922e-05	DLR00012733-2009-11-10_16-36-58	20335.87265636442	7	107	685.0	1037.0	8839.8575238646918	1220490.1436261062	137.0	137
107.0	99.0	77.0	107.0	99.0	77.0	5	0.0	2.4451971230167922e-05	DLR00012733-2009-11-10_16-36-58	28679.475552257583	7	107	826.0	1034.0	17608.26658281148	2788276.2445008024	137.0	137
107.0	99.0	77.0	107.0	100.0	79.0	6	0.00010351431085347549	2.8711877839104386e-05	DLR00012733-2009-11-10_16-36-58	31907.460767452107	7	107	957.0	1034.0	7552.9027019486039	746859.70834842918	137.0	137
106.0	99.0	78.0	107.0	101.0	79.0	7	0.00015527146628021324	4.4428841229086609e-05	DLR00012733-2009-11-10_16-36-58	29373.949599631978	7	107	1101.0	1035.0	3793.5446484612116	293046.4460949226	137.0	137
105.0	99.0	78.0	106.0	99.0	78.0	8	0.00056932870969411524	2.4451971230167922e-05	DLR00012733-2009-11-10_16-36-58	26328.5824650781	7	107	1231.0	1034.0	11995.05529795564	1686193.7096941152	137.0	137
105.0	99.0	78.0	105.0	99.0	78.0	9	0.00067284302054759066	2.4451971230167922e-05	DLR00012733-2009-11-10_16-36-58	25996.482798767156	7	107	1378.0	1041.0	9320.476811769995	1304960.8436416334	137.0	137
105.0	99.0	78.0	106.0	100.0	79.0	10	0.0	3.1726089996087277e-05	DLR00012733-2009-11-10_16-36-58	29517.439827915226	7	107	1505.0	1034.0	6556.6792902939042	672793.0241705915	137.0	137
105.0	99.0	78.0	105.0	100.0	79.0	11	0.0	3.1726089996087277e-05	DLR00012733-2009-11-10_16-36-58	25309.018282675581	7	107	1641.0	1046.0	474.77079044670285	46818.071269603031	137.0	137
104.0	99.0	78.0	105.0	99.0	79.0	12	0.0	2.3790698372372841e-05	DLR00012733-2009-11-10_16-36-58	21223.705011125861	7	107	1777.0	1028.0	7565.0515778338777	1199434.397287925	137.0	137
104.0	99.0	78.0	105.0	99.0	78.0	13	0.0	1.6347389496279513e-05	DLR00012733-2009-11-10_16-36-58	16209.367147252115	7	107	1925.0	1026.0	4752.0506113392676	756025.15087210806	137.0	137
104.0	98.0	77.0	104.0	99.0	78.0	14	0.00093162879768127942	1.1918292777169072e-05	DLR00012733-2009-11-10_16-36-58	8367.8370061785481	7	107	2063.0	1041.0	4400.3991108552855	1058980.1834791161	137.0	137
104.0	98.0	77.0	104.0	99.0	77.0	15	0.0	9.0732707303601537e-06	DLR00012733-2009-11-10_16-36-58	5379.1845196398936	7	107	2189.0	1034.0	4902.8878807186438	1341127.1844107448	137.0	137
104.0	98.0	77.0	104.0	98.0	77.0	16	0.0	9.6868899647174509e-07	DLR00012733-2009-11-10_16-36-58	3294.545659007174	7	107	2323.0	1034.0	3160.1936832167326	2257423.7221158324	137.0	137
104.0	98.0	76.0	104.0	98.0	77.0	17	0.0	-1.7072602703366939e-06	DLR00012733-2009-11-10_16-36-58	3918.4675756669617	7	107	2468.0	1032.0	4194.5284100268382	3597560.0478753685	137.0	137
105.0	98.0	75.0	105.0	98.0	76.0	18	0.0	-2.968207644844095e-06	DLR00012733-2009-11-10_16-36-58	-2979.5315946244391	7	107	2601.0	1036.0	-878.75660479574333	3252493.5225919983	137.0	137
105.0	98.0	75.0	106.0	98.0	76.0	19	0.0021738005279229853	-2.0455231605111462e-06	DLR00012733-2009-11-10_16-36-58	-3039.5647740410977	7	107	2737.0	1034.0	2989.5077272802323	1292575.1105015269	137.0	137
105.0	97.0	75.0	106.0	98.0	75.0	20	0.0	-6.3054297694476126e-06	DLR00012733-2009-11-10_16-36-58	-11630.377155314201	7	107	2869.0	1036.0	-1678.5276955504717	1556638.9410485998	137.0	137
105.0	96.0	74.0	105.0	97.0	75.0	21	0.0	-1.8346908144651863e-05	DLR00012733-2009-11-10_16-36-58	-29621.994830486157	7	107	3011.0	1034.0	-5255.5646661034916	1383486.3917499096	137.0	137
103.0	94.0	72.0	103.0	94.0	73.0	22	0.0	-5.2610721379044884e-05	DLR00012733-2009-11-10_16-36-58	-68076.668945809826	7	107	3145.0	1031.0	-36692.795794239035	2674575.2142746234	137.0	137
99.0	91.0	70.0	100.0	92.0	72.0	23	0.0	-8.5382681457500282e-05	DLR00012733-2009-11-10_16-36-58	-122810.46701004806	7	107	3285.0	1034.0	-6091.9973448263208	283633.28890844161	137.0	137
95.0	89.0	69.0	95.0	89.0	69.0	24	0.0	-0.00012916584365773575	DLR00012733-2009-11-10_16-36-58	-160932.48784057712	7	107	3410.0	1030.0	-32076.442999714916	1009189.5362558874	137.0	137
102.0	94.0	74.0	102.0	94.0	74.0	1	0.0	-4.8935236364266909e-05	DLR00012733-2009-11-10_16-36-58	-42734.94452909629	8	107	272.0	1171.0	-10826.313368880265	1043374.1597225815	137.0	137
103.0	95.0	75.0	104.0	96.0	75.0	2	0.0	-2.1853320379429352e-05	DLR00012733-2009-11-10_16-36-58	-39650.765787609227	8	107	409.0	1171.0	-4531.5755375941335	929920.84415920486	137.0	137
105.0	97.0	76.0	106.0	97.0	77.0	3	0.0	-2.968207644844095e-06	DLR00012733-2009-11-10_16-36-58	-10663.937386754151	8	107	546.0	1167.0	687.73600267512143	683940.18399668753	137.0	137
106.0	98.0	76.0	106.0	98.0	77.0	4	0.0	9.0732707303601537e-06	DLR00012733-2009-11-10_16-36-58	7085.4663245584024	8	107	681.0	1173.0	4842.888219435401	2071390.0103514311	137.0	137
106.0	99.0	76.0	107.0	99.0	78.0	5	0.0	2.4282781119993949e-05	DLR00012733-2009-11-10_16-36-58	17893.333394344361	8	107	820.0	1171.0	3597.9094886888583	509301.34672118421	137.0	137
106.0	99.0	77.0	107.0	100.0	77.0	6	0.0	2.4451971230167922e-05	DLR00012733-2009-11-10_16-36-58	20906.02862639711	8	107	957.0	1171.0	5834.218203155222	771878.88929144444	137.0	137
106.0	99.0	77.0	106.0	100.0	78.0	7	0.0	2.4282781119993949e-05	DLR00012733-2009-11-10_16-36-58	18834.239313174301	8	107	1093.0	1172.0	6286.8988474457683	913323.96175146219	137.0	137
105.0	98.0	77.0	105.0	99.0	77.0	8	0.0	9.0732707303601537e-06	DLR00012733-2009-11-10_16-36-58	15394.694839947266	8	107	1231.0	1171.0	12375.702127807612	3521759.3610579162	137.0	137
105.0	99.0	78.0	105.0	99.0	78.0	9	0.0021220433724962475	2.4451971230167922e-05	DLR00012733-2009-11-10_16-36-58	16869.723679224444	8	107	1371.0	1166.0	4250.187385683801	643562.69395993999	137.0	137
104.0	99.0	78.0	106.0	100.0	80.0	10	0.00046581439884063971	3.1726089996087277e-05	DLR00012733-2009-11-10_16-36-58	15186.623783025512	8	107	1505.0	1171.0	229.30498937032789	22789.748977796178	137.0	137
104.0	99.0	78.0	105.0	100.0	79.0	11	0.00067284302054759066	2.4282781119993949e-05	DLR00012733-2009-11-10_16-36-58	15355.651633453233	8	107	1636.0	1171.0	1513.3630009810893	227649.77511515966	137.0	137
104.0	98.0	78.0	105.0	99.0	78.0	12	0.00015527146628021324	1.6347389496279513e-05	DLR00012733-2009-11-10_16-36-58	13045.527636045153	8	107	1775.0	1167.0	4696.5936167454392	777576.3265358936	137.0	137
104.0	98.0	77.0	103.5	98.0	77.0	13	0.0	9.6868899647174509e-07	DLR00012733-2009-11-10_16-36-58	2192.6633337163357	8	107	1916.0	1171.0	130.4389159428691	148133.36835567516	137.0	137
103.0	98.0	77.0	104.0	98.0	77.0	14	0.0013456860410951813	8.4119978725650752e-06	DLR00012733-2009-11-10_16-36-58	1369.1529784640381	8	107	2052.0	1171.0	2890.789917754787	1073843.0632472439	137.0	137
103.0	98.0	76.0	104.0	98.0	77.0	15	0.0	9.6868899647174509e-07	DLR00012733-2009-11-10_16-36-58	-4274.6263630840467	8	107	2189.0	1171.0	1758.0473261933414	783769.19310594688	137.0	137
103.0	97.0	76.0	104.0	98.0	77.0	16	0.0	-2.0455231605111462e-06	DLR00012733-2009-11-10_16-36-58	-5699.4155219139884	8	107	2326.0	1171.0	758.67142334190032	1247986.4711971427	137.0	137
104.0	97.0	76.0	104.0	98.0	76.0	17	0.0	-6.3054297694476126e-06	DLR00012733-2009-11-10_16-36-58	-11992.189105711903	8	107	2463.0	1177.0	-711.91628739289229	1301740.5530252059	137.0	137
104.0	97.0	75.0	104.0	98.0	76.0	18	0.0	-6.3054297694476126e-06	DLR00012733-2009-11-10_16-36-58	-16208.504868988472	8	107	2600.0	1171.0	-882.86323088120685	871212.46907509957	137.0	137
105.0	97.0	74.0	105.0	97.0	74.0	19	0.00098338595310801724	-1.817783536465138e-05	DLR00012733-2009-11-10_16-36-58	-19947.26946018399	8	107	2738.0	1164.0	-5468.2512283694714	1473654.5290098856	137.0	137
105.0	97.0	74.0	106.0	99.0	76.0	20	0.0	8.9040806201861808e-06	DLR00012733-2009-11-10_16-36-58	-22454.64348102123	8	107	2874.0	1171.0	963.9063990840632	276449.56368717976	137.0	137
104.0	96.0	73.0	105.0	96.0	74.0	21	0.0	-2.1853320379429352e-05	DLR00012733-2009-11-10_16-36-58	-39441.248769449638	8	107	3011.0	1171.0	-4342.1381296663149	886323.06350602966	137.0	137
102.0	93.0	72.0	103.0	94.0	72.0	22	0.0	-5.4625280457884753e-05	DLR00012733-2009-11-10_16-36-58	-77830.230735473349	8	107	3145.0	1171.0	-12571.881873324959	947013.15589255211	137.0	137
98.0	90.0	70.0	98.0	91.0	70.0	23	0.0	-0.00010935816376899106	DLR00012733-2009-11-10_16-36-58	-130227.95456400007	8	107	3281.0	1168.0	-72967.226770105917	2723127.2881838423	137.0	137
94.0	88.0	69.0	95.0	89.0	69.0	24	0.0	-0.00013743961550179815	DLR00012733-2009-11-10_16-36-58	-165724.44432344654	8	107	3422.0	1170.0	-30099.209488245262	915305.67905387923	137.0	137
101.0	94.0	74.0	101.0	94.0	74.0	1	0.0	-5.2272341158696945e-05	DLR00012733-2009-11-10_16-36-58	-57222.769608597649	9	107	286.0	1314.0	-18026.835516582425	1550941.503804151	137.0	137
103.0	95.0	74.0	104.0	97.0	76.0	2	0.00010351431085347549	-1.7085960770144462e-05	DLR00012733-2009-11-10_16-36-58	-45309.916042710109	9	107	414.0	1310.0	-392.15318151465272	225915.77247554477	137.0	137
105.0	97.0	75.0	105.0	97.0	75.0	3	0.0	-1.817783536465138e-05	DLR00012733-2009-11-10_16-36-58	-19257.675686700728	9	107	562.0	1296.0	-293.80703912493016	67378.388282180007	137.0	137
106.0	98.0	76.0	106.0	98.0	77.0	4	0.00025878577713368871	9.0732707303601537e-06	DLR00012733-2009-11-10_16-36-58	315.74989828851756	9	107	683.0	1308.0	3262.1693789493006	956178.59841623099	137.0	137
106.0	98.0	76.0	107.0	99.0	77.0	5	0.00093162879768127942	1.2579565634964152e-05	DLR00012733-2009-11-10_16-36-58	12936.91811445898	9	107	820.0	1308.0	5354.888159600142	1127101.7157497024	137.0	137
106.0	99.0	76.0	106.0	99.0	76.0	6	0.0	8.9040806201861808e-06	DLR00012733-2009-11-10_16-36-58	10694.281201857362	9	107	961.0	1312.0	8816.5155489298922	3766006.018580819	137.0	137
105.0	98.0	76.0	106.0	99.0	77.0	7	0.0	1.241049285496367e-05	DLR00012733-2009-11-10_16-36-58	6860.5564995021523	9	107	1102.0	1306.0	4136.0504361438379	915057.96439107705	137.0	137
104.0	98.0	77.0	105.0	99.0	77.0	8	0.0	9.0732707303601537e-06	DLR00012733-2009-11-10_16-36-58	6405.5116626897106	9	107	1228.0	1313.0	4900.2850357998777	1205627.2638579784	137.0	137
104.0	98.0	77.0	105.0	99.0	78.0	9	0.0	1.1918292777169072e-05	DLR00012733-2009-11-10_16-36-58	7335.1273975326149	9	107	1368.0	1308.0	4853.6080510487518	1348063.1949692045	137.0	137
104.0	98.0	77.0	104.0	99.0	78.0	10	0.00020702862170695097	1.2579565634964152e-05	DLR00012733-2009-11-10_16-36-58	7389.1267521077916	9	107	1505.0	1308.0	4381.1269502053174	996060.6591273743	137.0	137
104.0	98.0	77.0	104.0	98.0	77.0	11	5.1757155426737743e-05	9.6868899647174509e-07	DLR00012733-2009-11-10_16-36-58	5965.1954284460098	9	107	1646.0	1305.0	5631.2750962643922	3850724.4332591486	137.0	137
103.0	98.0	77.0	103.0	98.0	77.0	12	0.00056932870969411524	7.9949888629777349e-07	DLR00012733-2009-11-10_16-36-58	44.655745638050213	9	107	1779.0	1308.0	865.31059565409885	2454109.1643807255	137.0	137
103.0	98.0	77.0	103.0	98.0	77.0	13	0.0	9.6868899647174509e-07	DLR00012733-2009-11-10_16-36-58	-705.59547884206131	9	107	1916.0	1308.0	2620.3886200038419	1712946.8932767452	137.0	137
103.0	97.0	76.0	104.0	99.0	77.0	14	0.0	9.6868899647174509e-07	DLR00012733-2009-11-10_16-36-58	-9460.333308889647	9	107	2054.0	1308.0	95.780782343946299	27744.042233838827	137.0	137
103.0	97.0	76.0	103.0	98.0	77.0	15	0.0	-6.3054297694476126e-06	DLR00012733-2009-11-10_16-36-58	-17088.611904634305	9	107	2189.0	1308.0	-568.91891185229395	449354.39832306822	137.0	137
103.0	97.0	76.0	103.0	97.0	76.0	16	0.0	-1.4410011503336021e-05	DLR00012733-2009-11-10_16-36-58	-20576.182644207442	9	107	2326.0	1308.0	-1401.4374705738412	841238.99487604166	137.0	137
103.0	96.0	75.0	103.0	97.0	76.0	17	0.0	-1.4579201613509993e-05	DLR00012733-2009-11-10_16-36-58	-23723.588399318738	9	107	2464.0	1307.0	-3375.0462141619973	1287868.531908286	137.0	137
103.0	96.0	74.0	104.0	96.0	75.0	18	0.00046581439884063971	-2.1684130269255379e-05	DLR00012733-2009-11-10_16-36-58	-26907.706186721098	9	107	2600.0	1308.0	-11873.73019110994	2671602.6383209978	137.0	137
104.0	96.0	74.0	105.0	97.0	75.0	19	0.0019150147507892967	-1.8346908144651863e-05	DLR00012733-2009-11-10_16-36-58	-28574.629547674907	9	107	2737.0	1308.0	-3132.276182476865	1055759.8928626881	137.0	137
104.0	96.0	73.0	106.0	98.0	76.0	20	0.0	9.0732707303601537e-06	DLR00012733-2009-11-10_16-36-58	-36777.94516554282	9	107	2874.0	1307.0	47.529380837490116	17835.455721753529	137.0	137
104.0	95.0	73.0	104.0	95.0	73.0	21	0.0012421717302417059	-3.9246579958076988e-05	DLR00012733-2009-11-10_16-36-58	-49195.068558163133	9	107	3009.0	1308.0	-24035.792297131957	2495477.513068682	137.0	137
101.0	93.0	71.0	102.0	93.0	72.0	22	0.0	-6.4483009644075156e-05	DLR00012733-2009-11-10_16-36-58	-88435.463353293191	9	107	3148.0	1307.0	-17425.09034586911	1114220.5532839915	137.0	137
98.0	90.0	70.0	98.0	91.0	71.0	23	0.0	-9.8577632768294212e-05	DLR00012733-2009-11-10_16-36-58	-138428.36281398655	9	107	3285.0	1307.0	-3681.7648763004695	157794.24020495833	137.0	137
94.0	88.0	68.0	94.0	88.0	69.0	24	0.0	-0.00014103824925293954	DLR00012733-2009-11-10_16-36-58	-173876.4351173522	9	107	3416.0	1309.0	-35504.46240183062	1036933.5784897262	137.0	137
101.0	94.0	74.0	101.0	94.0	75.0	1	0.0	-4.7843361769759992e-05	DLR00012733-2009-11-10_16-36-58	-57621.617885516134	10	107	281.0	1449.0	-5487.4696425787452	526641.37311733339	137.0	137
102.0	95.0	74.0	103.0	95.0	75.0	2	0.00010351431085347549	-3.3556535864459145e-05	DLR00012733-2009-11-10_16-36-58	-49577.982490320959	10	107	413.0	1447.0	-8197.7006432507296	1166488.3471352414	137.0	137
104.0	96.0	75.0	104.0	96.0	75.0	3	0.0	-2.1684130269255379e-05	DLR00012733-2009-11-10_16-36-58	-27493.998173748758	10	107	552.0	1441.0	-15667.927348818297	2952758.7806014181	137.0	137
105.0	97.0	75.0	106.0	98.0	77.0	4	0.0	7.0727736993387495e-07	DLR00012733-2009-11-10_16-36-58	-5698.669073023787	10	107	683.0	1446.0	1917.1271431927869	965096.32627710782	137.0	137
106.0	98.0	76.0	106.0	98.0	77.0	5	0.0	9.0732707303601537e-06	DLR00012733-2009-11-10_16-36-58	9694.3953261264342	10	107	823.0	1447.0	6057.8531272942819	2226211.6746027637	137.0	137
106.0	98.0	76.0	106.0	99.0	77.0	6	0.00077635733140106618	1.241049285496367e-05	DLR00012733-2009-11-10_16-36-58	7031.6015762497946	10	107	957.0	1445.0	3095.8312434179211	800861.50483929412	137.0	137
105.0	98.0	76.0	105.0	98.0	76.0	7	0.00010351431085347549	8.9040806201861808e-06	DLR00012733-2009-11-10_16-36-58	1278.3149526110706	10	107	1094.0	1445.0	1950.5911613155756	872451.04238911031	137.0	137
104.0	97.0	76.0	105.0	98.0	77.0	8	0.0	9.6868899647174509e-07	DLR00012733-2009-11-10_16-36-58	-3673.3107247335338	10	107	1229.0	1446.0	1897.1876237301863	1042135.5864085711	137.0	137
104.0	97.0	76.0	104.0	98.0	77.0	9	0.0	-2.7991348648436146e-06	DLR00012733-2009-11-10_16-36-58	-3282.8685283778132	10	107	1368.0	1445.0	1015.8888093919858	2038691.6748615496	137.0	137
103.0	97.0	76.0	104.0	98.0	77.0	10	0.0	9.6868899647174509e-07	DLR00012733-2009-11-10_16-36-58	-4272.0743581180195	10	107	1510.0	1442.0	1613.4154450882504	1214792.7063816572	137.0	137
103.0	97.0	76.0	103.0	98.0	77.0	11	0.0	7.9949888629777349e-07	DLR00012733-2009-11-10_16-36-58	-6021.2829033615608	10	107	1642.0	1445.0	1205.7843114697823	1085733.3670617463	137.0	137
103.0	97.0	76.0	103.0	98.0	77.0	12	0.00036230008798716424	-1.7072602703366939e-06	DLR00012733-2009-11-10_16-36-58	-7105.7605242490308	10	107	1779.0	1445.0	1029.3535057348779	1205131.8345323741	137.0	137
103.0	97.0	76.0	103.0	98.0	77.0	13	0.0	7.9949888629777349e-07	DLR00012733-2009-11-10_16-36-58	-12820.997279610647	10	107	1918.0	1448.0	690.75907636244483	665113.86962372542	137.0	137
102.0	97.0	76.0	103.0	97.0	76.0	14	0.0	-1.4410011503336021e-05	DLR00012733-2009-11-10_16-36-58	-18506.892559206677	10	107	2043.0	1440.0	-2440.64837782113	1256161.0550696133	137.0	137
102.0	96.0	75.0	102.0	97.0	76.0	15	0.0	-1.4579201613509993e-05	DLR00012733-2009-11-10_16-36-58	-25360.225735688382	10	107	2192.0	1449.0	-3849.4889791876021	1176644.6483101288	137.0	137
102.0	96.0	75.0	103.0	97.0	76.0	16	0.0	-1.7085960770144462e-05	DLR00012733-2009-11-10_16-36-58	-30607.89569172922	10	107	2318.0	1442.0	-2418.8936062403254	804824.93944412819	137.0	137
102.0	96.0	74.0	102.0	96.0	75.0	17	0.0	-3.246466126995222e-05	DLR00012733-2009-11-10_16-36-58	-37121.767316739533	10	107	2460.0	1446.0	-19999.985709832235	2752109.9037316907	137.0	137
103.0	96.0	74.0	103.0	96.0	75.0	18	0.0	-2.1684130269255379e-05	DLR00012733-2009-11-10_16-36-58	-38355.838880471696	10	107	2600.0	1444.0	-3396.1554817371948	828853.261735935	137.0	137
103.0	96.0	73.0	104.0	96.0	75.0	19	0.0	-2.1684130269255379e-05	DLR00012733-2009-11-10_16-36-58	-38731.291740393564	10	107	2732.0	1442.0	-5062.3085103230424	1105550.5400859169	137.0	137
104.0	96.0	73.0	104.0	96.0	74.0	20	0.0	-2.929662925552268e-05	DLR00012733-2009-11-10_16-36-58	-40484.717548439439	10	107	2866.0	1443.0	-6014.0925889380133	1063934.4767351586	137.0	137
103.0	95.0	72.0	104.0	96.0	74.0	21	5.1757155426737743e-05	-3.3725608644459627e-05	DLR00012733-2009-11-10_16-36-58	-57054.387722985572	10	107	3004.0	1444.0	-5422.997126222328	725308.53268464375	137.0	137
101.0	92.0	71.0	101.0	92.0	71.0	22	0.0	-7.9861710143882921e-05	DLR00012733-2009-11-10_16-36-58	-96125.832724796142	10	107	3146.0	1441.0	-62596.573857588999	3180656.2703793799	137.0	137
97.0	89.0	69.0	97.0	90.0	70.0	23	0.0	-0.000113787143157928	DLR00012733-2009-11-10_16-36-58	-147895.32284857036	10	107	3283.0	1445.0	-31659.115657817605	1148405.1767506858	137.0	137
94.0	87.0	68.0	94.0	87.0	69.0	24	0.0	-0.00015281831600160592	DLR00012733-2009-11-10_16-36-58	-183886.13732029757	10	107	3413.0	1443.0	-39855.721148408578	1078549.6418404845	137.0	137
101.0	93.0	74.0	101.0	93.0	74.0	1	0.0	-6.3222062269567756e-05	DLR00012733-2009-11-10_16-36-58	-54854.539490719246	11	107	272.0	1582.0	-12231.596051636361	871460.18373790174	137.0	137
102.0	94.0	74.0	102.0	94.0	74.0	2	0.0	-5.2441531268870911e-05	DLR00012733-2009-11-10_16-36-58	-64352.599183327926	11	107	412.0	1582.0	-31962.898511969484	2489284.646498628	137.0	137
104.0	96.0	75.0	104.0	96.0	75.0	3	0.0	-3.0050123629681655e-05	DLR00012733-2009-11-10_16-36-58	-34877.727266102833	11	107	558.0	1582.0	-16053.186678239324	2454356.8790435279	137.0	137
105.0	97.0	75.0	105.0	97.0	76.0	4	0.00036230008798716424	-6.3054297694476126e-06	DLR00012733-2009-11-10_16-36-58	-12616.986281795587	11	107	687.0	1580.0	-87.878746692090019	1293318.2544899331	137.0	137
105.0	98.0	76.0	105.0	98.0	76.0	5	0.0015527146628021324	-2.7991348648436146e-06	DLR00012733-2009-11-10_16-36-58	1258.1898927656746	11	107	829.0	1587.0	2291.7898948888765	2717182.1362765902	137.0	137
105.0	98.0	76.0	106.0	99.0	78.0	6	0.00015527146628021324	2.4282781119993949e-05	DLR00012733-2009-11-10_16-36-58	3500.7097789963454	11	107	957.0	1582.0	2287.3804021765304	315340.76574711449	137.0	137
105.0	97.0	76.0	105.0	98.0	76.0	7	0.0	-6.3054297694476126e-06	DLR00012733-2009-11-10_16-36-58	-4852.665900938644	11	107	1101.0	1583.0	-769.7456139938904	2707025.8351017032	137.0	137
104.0	97.0	76.0	104.0	97.0	76.0	8	0.0	-6.3054297694476126e-06	DLR00012733-2009-11-10_16-36-58	-14649.757268671752	11	107	1235.0	1585.0	-1221.0325794091805	1248481.9005227471	137.0	137
103.0	97.0	75.0	103.0	97.0	76.0	9	0.0	-1.817783536465138e-05	DLR00012733-2009-11-10_16-36-58	-21650.640784423365	11	107	1381.0	1583.0	-9840.6998249303633	2396887.0772734326	137.0	137
103.0	96.0	76.0	103.0	97.0	76.0	10	0.0	-1.4410011503336021e-05	DLR00012733-2009-11-10_16-36-58	-23469.178019711213	11	107	1509.0	1573.0	-1855.7987711961473	716390.80482376681	137.0	137
102.0	96.0	75.0	103.0	97.0	76.0	11	0.0	-1.4410011503336021e-05	DLR00012733-2009-11-10_16-36-58	-24421.612318255608	11	107	1653.0	1587.0	-1811.3670448394705	844954.71481807344	137.0	137
102.0	96.0	75.0	103.0	97.5	76.0	12	0.0	-6.3900248245345981e-06	DLR00012733-2009-11-10_16-36-58	-29276.630955053573	11	107	1778.0	1585.0	-14.09332789441968	17340.026396149267	137.0	137
102.0	96.0	75.0	102.0	97.0	76.0	13	0.0	-1.817783536465138e-05	DLR00012733-2009-11-10_16-36-58	-29373.667880375007	11	107	1916.0	1582.0	-4719.2864465891525	1319823.7234097612	137.0	137
102.0	96.0	75.0	102.0	96.0	75.0	14	0.00031054293256042647	-2.9788712003143788e-05	DLR00012733-2009-11-10_16-36-58	-36919.346699153073	11	107	2053.0	1582.0	-7057.3490631035038	1170451.7817400757	137.0	137
102.0	95.0	74.0	102.0	96.0	75.0	15	0.0	-2.995790211331776e-05	DLR00012733-2009-11-10_16-36-58	-41824.896389086527	11	107	2189.0	1581.0	-8736.085122818642	1258885.9163604369	137.0	137
101.0	95.0	74.0	102.0	96.0	75.0	16	0.0	-3.246466126995222e-05	DLR00012733-2009-11-10_16-36-58	-49129.033304441604	11	107	2326.0	1581.0	-5369.8353586191797	701775.63971844106	137.0	137
101.0	95.0	74.0	102.0	95.0	75.0	17	0.0	-3.7062830769063147e-05	DLR00012733-2009-11-10_16-36-58	-54439.564764953037	11	107	2463.0	1581.0	-7184.1710261957687	862542.45587702503	137.0	137
102.0	95.0	73.0	103.0	95.0	74.0	18	0.0	-3.723202087923712e-05	DLR00012733-2009-11-10_16-36-58	-56072.687997288143	11	107	2600.0	1581.0	-8026.8104581554007	904158.5192277832	137.0	137
103.0	95.0	73.0	103.0	96.0	74.0	19	0.00077635733140106618	-3.3725608644459627e-05	DLR00012733-2009-11-10_16-36-58	-53817.227684777361	11	107	2737.0	1581.0	-4299.1594838104611	557110.27664199576	137.0	137
103.0	95.0	73.0	103.0	95.0	73.0	20	0.00098338595310801724	-4.5428824129489423e-05	DLR00012733-2009-11-10_16-36-58	-52338.869871403578	11	107	2870.0	1581.0	-29668.163891426724	2905692.9946690132	137.0	137
102.0	94.0	72.0	102.0	94.0	72.0	21	0.0017597432845090834	-6.0807524629297195e-05	DLR00012733-2009-11-10_16-36-58	-71565.772056402857	11	107	3011.0	1583.0	-34841.93320550723	2494238.939754671	137.0	137
100.0	92.0	71.0	100.0	92.0	72.0	22	0.0	-7.9861710143882921e-05	DLR00012733-2009-11-10_16-36-58	-107547.23746997042	11	107	3147.0	1581.0	-16881.4661450813	883102.77288960211	137.0	137
96.0	88.0	69.0	96.0	89.0	69.0	23	0.0	-0.00012916584365773575	DLR00012733-2009-11-10_16-36-58	-165839.60884114751	11	107	3283.0	1585.0	-23852.545862984825	745868.84969722072	137.0	137
93.0	86.0	68.0	93.0	86.0	68.0	24	0.0	-0.00016167650943982681	DLR00012733-2009-11-10_16-36-58	-196344.11249934844	11	107	3410.0	1583.0	-48793.266384380222	1206865.837171989	137.0	137
100.0	93.0	74.0	100.0	93.0	74.0	1	0.0	-6.4975209721869761e-05	DLR00012733-2009-11-10_16-36-58	-60733.325350201114	12	107	272.0	1719.0	-12877.749032790511	843716.14150406292	137.0	137
101.0	93.0	73.0	101.0	93.0	73.0	2	0.0	-6.4483009644075156e-05	DLR00012733-2009-11-10_16-36-58	-79565.440295696462	12	107	411.0	1723.0	-51614.232931969607	3244566.6533823302	137.0	137
103.0	94.0	74.0	103.0	95.0	74.0	3	0.00072460017597432847	-3.7985515253396098e-05	DLR00012733-2009-11-10_16-36-58	-55328.829770036398	12	107	546.0	1719.0	-9071.4179995073755	1012657.5415351172	137.0	137
104.0	96.0	75.0	105.0	97.0	76.0	4	0.00015527146628021324	-1.817783536465138e-05	DLR00012733-2009-11-10_16-36-58	-27869.960709826657	12	107	686.0	1717.0	-1491.2867009497756	744382.56172040792	137.0	137
105.0	97.0	76.0	106.0	97.0	77.0	5	0.0	-2.7991348648436146e-06	DLR00012733-2009-11-10_16-36-58	-11366.894919594293	12	107	823.0	1721.0	1027.126575851682	736703.40717354184	137.0	137
105.0	97.0	75.0	105.0	98.0	76.0	6	0.00015527146628021324	-2.7991348648436146e-06	DLR00012733-2009-11-10_16-36-58	-7404.4178854491583	12	107	961.0	1725.0	1596.8578859731358	867744.46379586984	137.0	137
104.0	97.0	75.0	104.0	97.0	75.0	7	0.00072460017597432847	-1.817783536465138e-05	DLR00012733-2009-11-10_16-36-58	-19519.493917114833	12	107	1101.0	1721.0	-9351.0091740824428	2671354.9236581954	137.0	137
103.0	96.0	75.0	104.0	97.0	76.0	8	0.00015527146628021324	-1.7424223660318911e-05	DLR00012733-2009-11-10_16-36-58	-27444.205646692168	12	107	1233.0	1717.0	-1828.8989973825448	768410.88401221472	137.0	137
103.0	96.0	75.0	103.0	97.0	76.0	9	0.0	-1.7085960770144462e-05	DLR00012733-2009-11-10_16-36-58	-32979.476573288179	12	107	1368.0	1719.0	-1538.9529952584594	578909.16696858348	137.0	137
102.0	96.0	75.0	102.0	96.0	75.0	10	0.00010351431085347549	-2.1684130269255379e-05	DLR00012733-2009-11-10_16-36-58	-35445.299636272772	12	107	1499.0	1718.0	-5328.5169019642517	1035695.0051757155	137.0	137
102.0	95.0	74.0	102.0	96.0	75.0	11	0.0	-2.9788712003143788e-05	DLR00012733-2009-11-10_16-36-58	-42719.833889900365	12	107	1636.0	1719.0	-5686.6285153155522	935618.28140365402	137.0	137
101.0	95.0	74.0	102.0	96.0	75.0	12	0.0	-3.3556535864459145e-05	DLR00012733-2009-11-10_16-36-58	-47697.176316074641	12	107	1779.0	1722.0	-6919.427771876025	913076.24708866014	137.0	137
101.0	95.0	74.0	102.0	96.0	75.0	13	0.0014492003519486569	-3.3725608644459627e-05	DLR00012733-2009-11-10_16-36-58	-48607.823654820211	12	107	1916.0	1718.0	-6926.4452551038803	936856.85471766477	137.0	137
101.0	94.0	74.0	101.0	95.0	75.0	14	0.0	-3.7062830769063147e-05	DLR00012733-2009-11-10_16-36-58	-56559.714747932776	12	107	2050.0	1717.0	-6717.4226656834344	798632.0728740748	137.0	137
101.0	94.0	73.0	101.0	95.0	74.0	15	0.0	-4.5336602613125525e-05	DLR00012733-2009-11-10_16-36-58	-62000.382356689166	12	107	2185.0	1718.0	-13822.909567830822	1281675.6653382331	137.0	137
101.0	94.0	73.0	101.0	94.0	74.0	16	0.0	-5.2441531268870911e-05	DLR00012733-2009-11-10_16-36-58	-63590.81541391358	12	107	2326.0	1718.0	-33937.107789815389	2738733.3119403757	137.0	137
101.0	94.0	73.0	102.0	95.0	74.0	17	0.0030536721701775269	-4.7843361769759992e-05	DLR00012733-2009-11-10_16-36-58	-66156.941542271059	12	107	2461.0	1716.0	-9631.5551463847132	1013400.6855235236	137.0	137
101.0	94.0	72.0	102.0	94.0	73.0	18	0.0054345013198074631	-5.2441531268870911e-05	DLR00012733-2009-11-10_16-36-58	-70031.750171651496	12	107	2600.0	1718.0	-8681.1101050188299	897470.22333212569	137.0	137
102.0	94.0	72.0	102.0	94.0	72.0	19	0.00036230008798716424	-6.3222062269567756e-05	DLR00012733-2009-11-10_16-36-58	-72471.199329741852	12	107	2736.0	1718.0	-35320.310769075426	2409272.8104135399	137.0	137
102.0	93.0	72.0	102.0	94.0	73.0	20	0.0	-5.2441531268870911e-05	DLR00012733-2009-11-10_16-36-58	-75601.004466891231	12	107	2874.0	1718.0	-11814.927178102387	923975.69225195388	137.0	137
101.0	92.0	72.0	101.0	92.0	71.0	21	0.0	-7.9861710143882921e-05	DLR00012733-2009-11-10_16-36-58	-95243.051291942989	12	107	3011.0	1718.0	-2611.6785485753617	126582.19269188965	137.0	137
99.0	91.0	70.0	99.0	91.0	71.0	22	0.0	-9.5071337863690216e-05	DLR00012733-2009-11-10_16-36-58	-125126.33303715826	12	107	3140.0	1713.0	-18747.236622289158	789466.63035039592	137.0	137
95.0	87.0	68.0	95.0	88.0	69.0	23	0.0	-0.00014471373426771752	DLR00012733-2009-11-10_16-36-58	-188359.44990903095	12	107	3285.0	1717.0	-39460.402941249937	1083256.220433725	137.0	137
92.0	85.0	67.0	93.0	86.0	67.0	24	0.0	-0.00017262611322052413	DLR00012733-2009-11-10_16-36-58	-208923.83989141372	12	107	3408.0	1715.0	-53149.554801635401	1254674.7670928007	137.0	137
99.0	91.0	72.0	99.0	92.0	73.0	1	0.0	-8.3198932268486447e-05	DLR00012733-2009-11-10_16-36-58	-95831.053620493753	13	107	295.0	1858.0	-16713.143250349396	845202.42948087573	137.0	137
99.0	91.0	72.0	100.0	92.0	73.0	2	0.0	-7.8600762769375534e-05	DLR00012733-2009-11-10_16-36-58	-107068.65081090921	13	107	418.0	1865.0	-14349.735264122628	784760.05175715545	137.0	137
101.0	93.0	73.0	101.0	93.0	73.0	3	0.00020702862170695097	-6.4313936864074687e-05	DLR00012733-2009-11-10_16-36-58	-76017.569810051573	13	107	554.0	1860.0	-53905.57888006101	3486088.4496144094	137.0	137
103.0	95.0	74.0	103.0	95.0	75.0	4	0.0010869002639614927	-3.3971708683356929e-05	DLR00012733-2009-11-10_16-36-58	-44781.550975353333	13	107	688.0	1862.0	-23194.919838578669	2720897.8562186225	137.0	137
104.0	96.0	75.0	105.0	97.0	76.0	5	0.0	-1.7085960770144462e-05	DLR00012733-2009-11-10_16-36-58	-26722.998447922448	13	107	837.0	1860.0	-2178.9475294195454	959894.31835826312	137.0	137
104.0	96.0	75.0	104.0	96.0	75.0	6	0.0	-1.883910822244646e-05	DLR00012733-2009-11-10_16-36-58	-28387.156169639009	13	107	963.0	1862.0	-4822.3039829527179	1083751.6497593294	137.0	137
103.0	96.0	74.0	104.0	96.0	75.0	7	0.0	-2.1853320379429352e-05	DLR00012733-2009-11-10_16-36-58	-38446.662476283855	13	107	1108.0	1864.0	-4991.833035546254	995565.22980177007	137.0	137
102.0	95.0	74.0	103.0	96.0	75.0	8	0.00087987164225454171	-3.3641072254459386e-05	DLR00012733-2009-11-10_16-36-58	-49596.162503696134	13	107	1231.0	1856.0	-6363.9292942315569	865019.60250504641	137.0	137
101.0	94.0	74.0	102.0	95.0	74.0	9	0.0	-3.723202087923712e-05	DLR00012733-2009-11-10_16-36-58	-57582.85662438014	13	107	1377.0	1857.0	-8477.9708982873672	952462.8784741991	137.0	137
101.0	94.0	74.0	101.0	94.0	74.0	10	0.0	-4.8935236364266909e-05	DLR00012733-2009-11-10_16-36-58	-61031.315097818682	13	107	1514.0	1850.0	-296.75073013427203	25514.610268619639	137.0	137
100.0	94.0	73.0	101.0	94.0	74.0	11	0.00077635733140106618	-4.9104309144267392e-05	DLR00012733-2009-11-10_16-36-58	-64190.387655793907	13	107	1642.0	1855.0	-14110.957488730463	1246004.753894726	137.0	137
100.0	94.0	73.0	101.0	95.0	74.0	12	0.0012939288856684437	-4.5336602613125525e-05	DLR00012733-2009-11-10_16-36-58	-65222.514652468963	13	107	1779.0	1855.0	-6579.0847086902731	657682.42973966151	137.0	137
100.0	94.0	73.0	100.0	94.0	73.0	13	0.0	-6.0546113002759323e-05	DLR00012733-2009-11-10_16-36-58	-71105.159232337246	13	107	1916.0	1855.0	-32931.549861940657	2337930.9875265257	137.0	137
100.0	94.0	73.0	100.0	93.0	73.0	14	0.00031054293256042647	-6.4975209721869761e-05	DLR00012733-2009-11-10_16-36-58	-77612.049919335128	13	107	2053.0	1855.0	-53164.517906424822	3258934.1038248534	137.0	137
99.0	93.0	72.0	100.0	94.0	73.0	15	0.0	-6.4313936864074687e-05	DLR00012733-2009-11-10_16-36-58	-84388.001983497845	13	107	2190.0	1855.0	-16361.494454701295	1095641.9535738316	137.0	137
99.0	93.0	72.0	100.0	93.0	73.0	16	0.0	-6.7820231768678683e-05	DLR00012733-2009-11-10_16-36-58	-90425.322326342051	13	107	2326.0	1855.0	-8411.3944258988104	498649.61622069246	137.0	137
100.0	93.0	72.0	100.0	93.0	72.0	17	0.0	-7.8600762769375534e-05	DLR00012733-2009-11-10_16-36-58	-93753.983764651755	13	107	2468.0	1858.0	-47795.594532315925	2498945.5183479115	137.0	137
100.0	93.0	71.0	101.0	93.0	72.0	18	0.0	-6.7820231768678683e-05	DLR00012733-2009-11-10_16-36-58	-93508.191721353534	13	107	2597.0	1857.0	-11014.799555551001	670811.30686817458	137.0	137
101.0	93.0	71.0	101.0	93.0	72.0	19	0.0016044718182288702	-7.5432730754945981e-05	DLR00012733-2009-11-10_16-36-58	-89095.832647736141	13	107	2744.0	1854.0	-56194.641741081017	3116002.7433880232	137.0	137
100.0	92.0	71.0	101.0	93.0	72.0	20	0.0	-6.7820231768678683e-05	DLR00012733-2009-11-10_16-36-58	-96017.119628571978	13	107	2874.0	1855.0	-16075.62692958385	989867.79255732102	137.0	137
99.0	91.0	71.0	100.0	92.0	72.0	21	0.0	-8.3198932268486447e-05	DLR00012733-2009-11-10_16-36-58	-113118.98168468478	13	107	3011.0	1855.0	-22699.416616640094	1130817.4356917345	137.0	137
97.0	89.0	69.0	98.0	90.0	70.0	22	0.0	-0.00011395633326810198	DLR00012733-2009-11-10_16-36-58	-155667.2612163134	13	107	3141.0	1857.0	-18466.13732713155	646287.55525076343	137.0	137
93.0	85.0	66.0	93.0	85.0	66.0	23	0.0	-0.00018625166626802989	DLR00012733-2009-11-10_16-36-58	-221855.31348369067	13	107	3285.0	1855.0	-110216.30316876047	2391189.6400289843	137.0	137
91.0	84.0	66.0	91.0	85.0	67.0	24	0.0	-0.00018625166626802989	DLR00012733-2009-11-10_16-36-58	-215421.26509420632	13	107	3422.0	1855.0	-53450.495828961517	1186800.9494850163	137.0	137
98.0	90.0	72.0	98.0	91.0	72.0	1	0.0010869002639614927	-9.8408442658120239e-05	DLR00012733-2009-11-10_16-36-58	-108605.31581666236	14	107	297.0	1995.0	-21490.820255890732	955187.73976502253	137.0	137
98.0	90.0	70.0	98.0	90.0	71.0	2	0.00041405724341390195	-0.00010935816376899106	DLR00012733-2009-11-10_16-36-58	-135402.37237824072	14	107	424.0	1996.0	-21053.763997065958	812999.5233165985	137.0	137
100.0	92.0	72.0	101.0	92.0	72.0	3	0.0	-7.9692637363882452e-05	DLR00012733-2009-11-10_16-36-58	-105225.3794851479	14	107	546.0	1993.0	-1435.5582109755728	72580.396201024792	137.0	137
102.0	93.0	73.0	102.0	94.0	74.0	4	0.0	-5.2441531268870911e-05	DLR00012733-2009-11-10_16-36-58	-67526.187561914325	14	107	688.0	1997.0	-28955.659261385128	2207633.0748926038	137.0	137
103.0	94.0	74.0	103.0	95.0	74.0	5	0.0	-3.723202087923712e-05	DLR00012733-2009-11-10_16-36-58	-54220.769037862003	14	107	830.0	1992.0	-7957.4102465287897	891525.07142487448	137.0	137
102.0	94.0	73.0	103.0	95.0	74.0	6	0.00062108586512085295	-4.8935236364266909e-05	DLR00012733-2009-11-10_16-36-58	-53788.526889482731	14	107	965.0	1995.0	-28671.314533924793	2795955.3990476686	137.0	137
102.0	94.0	73.0	102.0	95.0	74.0	7	0.0	-4.8935236364266909e-05	DLR00012733-2009-11-10_16-36-58	-66396.529386933311	14	107	1103.0	1988.0	-6325.726531126661	604423.77723720309	137.0	137
101.0	93.0	72.0	101.0	93.0	73.0	8	0.0	-6.4483009644075156e-05	DLR00012733-2009-11-10_16-36-58	-78056.281867808968	14	107	1231.0	1992.0	-48726.815791613604	3030293.4700584854	137.0	137
100.0	93.0	72.0	100.0	93.0	72.0	9	0.0	-7.8600762769375534e-05	DLR00012733-2009-11-10_16-36-58	-91581.157788573561	14	107	1372.0	1997.0	-57267.137002788026	3047881.2111174371	137.0	137
99.0	92.0	72.0	100.0	94.0	73.0	10	0.0	-6.0546113002759323e-05	DLR00012733-2009-11-10_16-36-58	-95636.531578860988	14	107	1513.0	1992.0	-5714.1131866462738	407986.04963511211	137.0	137
99.0	92.0	72.0	99.0	92.0	72.0	11	0.0	-8.3198932268486447e-05	DLR00012733-2009-11-10_16-36-58	-102131.42624016886	14	107	1642.0	1992.0	-48236.405577908125	2285663.1936752759	137.0	137
98.0	92.0	71.0	99.0	92.0	72.0	12	0.0	-8.3198932268486447e-05	DLR00012733-2009-11-10_16-36-58	-103337.38042842239	14	107	1779.0	1992.0	-42326.819893344844	2022094.7924538066	137.0	137
98.0	92.0	71.0	98.0	92.0	71.0	13	0.0	-9.1303514002374859e-05	DLR00012733-2009-11-10_16-36-58	-109869.0259801127	14	107	1916.0	1992.0	-1368.5048095542347	60690.092386522439	137.0	137
98.0	91.0	70.0	98.0	92.0	71.0	14	0.0	-9.1303514002374859e-05	DLR00012733-2009-11-10_16-36-58	-118461.81322401122	14	107	2051.0	1996.0	-21992.469516529589	993831.22716215521	137.0	137
97.0	91.0	70.0	98.0	92.0	71.0	15	0.0014492003519486569	-9.3979463269183299e-05	DLR00012733-2009-11-10_16-36-58	-120602.16279610716	14	107	2190.0	1992.0	-20482.234874285907	939334.00134568603	137.0	137
97.0	91.0	70.0	98.0	91.0	71.0	16	0.00046581439884063971	-9.573261072148529e-05	DLR00012733-2009-11-10_16-36-58	-125281.62536383435	14	107	2326.0	1994.0	-21442.797432918615	919516.82832151547	137.0	137
98.0	91.0	70.0	98.0	91.0	71.0	17	5.1757155426737743e-05	-9.8577632768294212e-05	DLR00012733-2009-11-10_16-36-58	-124648.49436115184	14	107	2462.0	1994.0	-32297.371881671479	1321557.7260493764	137.0	137
98.0	91.0	70.0	99.0	92.0	71.0	18	0.0	-9.4317726159357741e-05	DLR00012733-2009-11-10_16-36-58	-118546.0398750538	14	107	2607.0	1991.0	-29288.648388196489	1321062.2967237721	137.0	137
99.0	91.0	70.0	99.0	92.0	71.0	19	0.0	-9.3979463269183299e-05	DLR00012733-2009-11-10_16-36-58	-116793.51277617455	14	107	2738.0	1984.0	-23104.758227708011	1070127.3433052122	137.0	137
98.0	91.0	70.0	99.0	91.0	71.0	20	0.0	-9.5071337863690216e-05	DLR00012733-2009-11-10_16-36-58	-126142.1599501649	14	107	2865.0	1992.0	-11998.846590220039	537045.38895502302	137.0	137
98.0	89.0	69.0	98.0	90.0	70.0	21	0.0	-0.00011412552337827594	DLR00012733-2009-11-10_16-36-58	-150989.50842684117	14	107	3011.0	1992.0	-19955.913685918062	668829.58956575755	137.0	137
95.0	87.0	67.0	96.0	87.0	68.0	22	0.00010351431085347549	-0.00014563641875205046	DLR00012733-2009-11-10_16-36-58	-190837.94156953011	14	107	3142.0	1992.0	-33135.306355051202	881368.77024998702	137.0	137
91.0	83.0	65.0	91.0	83.0	65.0	23	0.0	-0.00020622853626694858	DLR00012733-2009-11-10_16-36-58	-253135.92188560343	14	107	3281.0	1987.0	-118856.69810440172	2267827.7379535222	137.0	137
89.0	83.0	65.0	89.0	83.0	66.0	24	0.0	-0.0002078126109392501	DLR00012733-2009-11-10_16-36-58	-245772.69198914489	14	107	3408.0	1993.0	-53345.592173203149	1035199.5758501112	137.0	137
98.0	91.0	73.0	98.0	91.0	73.0	1	0.0	-9.4471546016804399e-05	DLR00012733-2009-11-10_16-36-58	-106700.33785661412	15	107	301.0	2119.0	-22344.03501207204	1006712.3896278661	137.0	137
98.0	90.0	71.0	99.0	90.0	72.0	2	0.00051757155426737742	-9.9500317252627156e-05	DLR00012733-2009-11-10_16-36-58	-130583.70838008849	15	107	421.0	2129.0	-20536.405769116656	849165.86408570979	137.0	137
100.0	91.0	72.0	100.0	91.0	72.0	3	0.0	-8.4121616752819392e-05	DLR00012733-2009-11-10_16-36-58	-104650.42500404385	15	107	551.0	2128.0	-21645.020631352651	980206.92070803791	137.0	137
103.0	94.0	74.0	103.0	94.0	74.0	4	0.0	-4.8181624659934447e-05	DLR00012733-2009-11-10_16-36-58	-62063.103451748881	15	107	692.0	2130.0	-12915.874994137386	1242289.0339526942	137.0	137
102.0	94.0	73.0	103.0	94.0	74.0	5	0.0	-4.9104309144267392e-05	DLR00012733-2009-11-10_16-36-58	-68145.360935317382	15	107	836.0	2126.0	-10628.805549410703	908617.38315822172	137.0	137
101.0	93.0	73.0	101.0	93.0	73.0	6	0.0	-6.4975209721869761e-05	DLR00012733-2009-11-10_16-36-58	-83038.307349905372	15	107	966.0	2133.0	-18141.882880529236	1152864.0406811242	137.0	137
101.0	93.0	72.0	101.0	93.0	73.0	7	0.0	-6.4483009644075156e-05	DLR00012733-2009-11-10_16-36-58	-87364.564838072576	15	107	1110.0	2121.0	-13621.091963876015	857588.16262098239	137.0	137
100.0	92.0	71.0	100.0	92.0	72.0	8	0.0	-7.9692637363882452e-05	DLR00012733-2009-11-10_16-36-58	-99985.745698130864	15	107	1231.0	2129.0	-19805.887897282439	1045355.8770249988	137.0	137
99.0	91.0	71.0	99.0	91.0	71.0	9	0.0	-9.5071337863690216e-05	DLR00012733-2009-11-10_16-36-58	-119630.39247264477	15	107	1382.0	2129.0	-19214.159911410716	851890.72537653334	137.0	137
98.0	90.0	70.0	98.0	91.0	70.0	10	0.0	-0.00010935816376899106	DLR00012733-2009-11-10_16-36-58	-131702.12795458734	15	107	1509.0	2126.0	-35673.83007979409	1375559.5225402412	137.0	137
97.0	90.0	69.0	98.0	91.0	70.0	11	0.0	-0.00010668221450218262	DLR00012733-2009-11-10_16-36-58	-141026.66366434851	15	107	1642.0	2129.0	-15585.702013854079	618295.79835412255	137.0	137
97.0	90.0	69.0	97.0	90.0	70.0	12	0.00056932870969411524	-0.00011395633326810198	DLR00012733-2009-11-10_16-36-58	-140535.7168119112	15	107	1779.0	2129.0	-34116.003992583406	1239564.1726618707	137.0	137
97.0	90.0	69.0	97.0	90.0	70.0	13	0.0	-0.00011395633326810198	DLR00012733-2009-11-10_16-36-58	-144669.17738575791	15	107	1916.0	2129.0	-26627.596948891503	939581.71600848832	137.0	137
96.0	89.0	69.0	97.0	90.0	69.0	14	0.0	-0.0001247368642687988	DLR00012733-2009-11-10_16-36-58	-148915.2523251953	15	107	2053.0	2129.0	-29940.221865915588	1008694.106930283	137.0	137
96.0	90.0	69.0	96.0	89.0	69.0	15	0.0	-0.00012599781164330623	DLR00012733-2009-11-10_16-36-58	-151272.3060837228	15	107	2196.0	2128.0	-103039.22072551154	3248282.3733243621	137.0	137
97.0	90.0	69.0	97.0	90.0	70.0	16	0.00062108586512085295	-0.00011395633326810198	DLR00012733-2009-11-10_16-36-58	-139004.58879142837	15	107	2330.0	2129.0	-27184.674372560712	966087.18492831616	137.0	137
97.0	90.0	69.0	98.0	90.0	70.0	17	0.00015527146628021324	-0.00011061911114349846	DLR00012733-2009-11-10_16-36-58	-139784.31640180899	15	107	2470.0	2124.0	-29088.839083163482	1074090.777910046	137.0	137
97.0	90.0	69.0	98.0	90.0	70.0	18	0.0	-0.00011111131122129305	DLR00012733-2009-11-10_16-36-58	-143139.64458516293	15	107	2600.0	2129.0	-6998.8027066827863	254402.95869778996	137.0	137
97.0	89.0	69.0	97.0	90.0	70.0	19	0.0	-0.00011395633326810198	DLR00012733-2009-11-10_16-36-58	-145844.38922810624	15	107	2737.0	2129.0	-24650.121258396601	883598.20221520623	137.0	137
97.0	89.0	69.0	98.0	90.0	70.0	20	0.00025878577713368871	-0.00012206091500199039	DLR00012733-2009-11-10_16-36-58	-147978.49777420473	15	107	2866.0	2122.0	-37353.473488599448	1278455.3747218053	137.0	137
97.0	88.0	69.0	97.0	89.0	69.0	21	0.0	-0.00012675142334763869	DLR00012733-2009-11-10_16-36-58	-157026.0077099987	15	107	3009.0	2120.0	-76484.583753172177	2405557.090471508	137.0	137
94.0	86.0	67.0	95.0	87.0	68.0	22	5.1757155426737743e-05	-0.00015658613986292127	DLR00012733-2009-11-10_16-36-58	-195168.58411511895	15	107	3142.0	2122.0	-50088.386690146137	1299511.1210599865	137.0	137
91.0	83.0	65.0	91.0	83.0	65.0	23	0.00082811448682780389	-0.00020605934615677458	DLR00012733-2009-11-10_16-36-58	-253537.52232779196	15	107	3282.0	2124.0	-64203.055846858748	1245757.0392319236	137.0	137
90.0	84.0	67.0	90.0	84.0	68.0	24	0.0	-0.00018800481372033189	DLR00012733-2009-11-10_16-36-58	-231055.62713850793	15	107	3408.0	2122.0	-74754.439477431748	1558868.3730138191	137.0	137
101.0	97.0	83.0	111.0	110.0	99.0	1	0.024377620205993478	0.00022557466142144049	DLR00012733-2009-11-10_16-36-58	151632.91273285556	16	107	272.0	2267.0	132365.62328005879	2087986.8927591739	137.0	137
103.0	97.0	80.0	117.0	114.0	100.0	2	0.031261321877749597	0.00027220284566848487	DLR00012733-2009-11-10_16-36-58	218118.68242251949	16	107	414.0	2268.0	204193.06964402017	2262873.4446974797	137.0	137
105.0	98.0	80.0	120.0	116.0	101.0	3	0.06345427255318048	0.00030646654157270446	DLR00012733-2009-11-10_16-36-58	271295.93061055936	16	107	546.0	2266.0	253254.1846244295	2553938.1734899851	137.0	137
107.0	99.0	81.0	121.0	114.0	97.0	4	0.02298017700947156	0.00027068036933726615	DLR00012733-2009-11-10_16-36-58	255494.97227775896	16	107	690.0	2272.0	233272.01748109749	2998833.7078826153	137.0	137
105.0	96.0	77.0	117.0	112.0	96.0	5	0.034780808446767765	0.00023992296833765062	DLR00012733-2009-11-10_16-36-58	224721.22692246889	16	107	820.0	2266.0	214635.76445442118	2850452.6248641377	137.0	137
104.0	95.0	76.0	116.0	114.0	99.0	6	0.02184151959008333	0.00027220284566848487	DLR00012733-2009-11-10_16-36-58	198194.48190431742	16	107	957.0	2266.0	198447.003145895	2813047.7107810159	137.0	137
104.0	96.0	76.0	117.0	115.0	100.0	7	0.027120749443610578	0.00028582839871599069	DLR00012733-2009-11-10_16-36-58	190302.34505430126	16	107	1094.0	2266.0	189442.16688622747	2479623.7746493453	137.0	137
103.0	95.0	74.0	115.0	113.0	97.0	8	0.024843434604834118	0.00025573227057417022	DLR00012733-2009-11-10_16-36-58	167968.6377052576	16	107	1231.0	2266.0	175042.59447706077	2626766.2843538122	137.0	137
101.0	93.0	73.0	111.0	108.0	91.0	9	0.0023290719942031988	0.00016679717236975367	DLR00012733-2009-11-10_16-36-58	52553.530539439031	16	107	1372.0	2253.0	79385.952208154296	2204908.2136017806	137.0	137
100.0	93.0	73.0	112.0	111.0	95.0	10	0.026033849179649085	0.00021310246397935091	DLR00012733-2009-11-10_16-36-58	87633.405921749829	16	107	1505.0	2266.0	111730.50182921902	2257176.0074530304	137.0	137
100.0	92.0	72.0	110.0	108.0	92.0	11	0.023549505719165673	0.00017883876807513139	DLR00012733-2009-11-10_16-36-58	68433.703088893933	16	107	1642.0	2266.0	91461.782397126604	2333224.4089332852	137.0	137
100.0	92.0	72.0	110.0	108.0	91.0	12	0.032762279385124993	0.00016771997418426007	DLR00012733-2009-11-10_16-36-58	78424.941257907616	16	107	1779.0	2266.0	101584.92852495342	2358986.7338647069	137.0	137
100.0	92.0	72.0	111.0	109.0	91.0	13	0.046477925573210496	0.00017883876807513139	DLR00012733-2009-11-10_16-36-58	108028.42493446046	16	107	1916.0	2266.0	132543.45509191474	2163539.8649138245	137.0	137
100.0	93.0	73.0	112.0	109.0	92.0	14	0.033642151027379538	0.00018435973938874876	DLR00012733-2009-11-10_16-36-58	131977.18751871298	16	107	2053.0	2266.0	148068.38004595184	2393666.7866570055	137.0	137
101.0	93.0	73.0	114.0	111.0	94.0	15	0.0394907095906009	0.00021293327386917696	DLR00012733-2009-11-10_16-36-58	165861.66919768331	16	107	2190.0	2266.0	179504.6029567701	2459311.1722995704	137.0	137
102.0	94.0	75.0	117.0	112.0	93.0	16	0.014647274985766782	0.00022831197436898472	DLR00012733-2009-11-10_16-36-58	153991.68037556647	16	107	2327.0	2266.0	156619.75303106869	2426117.4074840848	137.0	137
102.0	94.0	74.0	118.0	114.0	96.0	17	0.028828735572692925	0.00025573227057417022	DLR00012733-2009-11-10_16-36-58	178633.80264784841	16	107	2464.0	2264.0	185662.98462577575	2566323.9066300918	137.0	137
101.0	95.0	75.0	115.0	109.0	91.0	18	0.014492003519486568	0.00019203360205575183	DLR00012733-2009-11-10_16-36-58	152266.95392499911	16	107	2600.0	2266.0	163054.06208681103	2373354.1843072302	137.0	137
101.0	93.0	74.0	114.0	111.0	96.0	19	0.014026189120645929	0.00022606674416906163	DLR00012733-2009-11-10_16-36-58	88689.121795799001	16	107	2734.0	2255.0	110823.71055863559	1811785.0437347963	137.0	137
101.0	94.0	76.0	117.0	113.0	98.0	20	0.096268309093732213	0.00025906937536860025	DLR00012733-2009-11-10_16-36-58	277910.25498945516	16	107	2874.0	2266.0	292429.424566901	2068169.7197350031	137.0	137
100.0	92.0	74.0	113.0	109.0	93.0	21	0.051291341027897105	0.00019755457336936919	DLR00012733-2009-11-10_16-36-58	154475.28507205166	16	107	3009.0	2255.0	187018.84740613704	1870493.4188189015	137.0	137
98.0	90.0	72.0	109.0	103.0	86.0	22	0.043217224781326016	0.00010528237037052259	DLR00012733-2009-11-10_16-36-58	84459.609141356952	16	107	3145.0	2252.0	142126.12217930082	1601227.5803529837	137.0	137
95.0	88.0	72.0	106.0	101.0	86.0	23	0.042130324517364523	7.5786034075587942e-05	DLR00012733-2009-11-10_16-36-58	40514.811309538214	16	107	3278.0	2250.0	124390.55208342869	1520472.6002794888	137.0	137
95.0	89.0	75.0	105.0	100.0	87.0	24	0.070079188447802906	6.1330135390286626e-05	DLR00012733-2009-11-10_16-36-58	75140.10392021056	16	107	3416.0	2255.0	138048.07862084926	1681239.4164380727	137.0	137
