101.0	99.0	85.0	109.0	110.0	100.0	1	0.054451489157653576	0.058431755558607773	DLR00012733-2009-11-09_20-00-38	187591.7604530463	1	107	275.5	217.0	130851.11420089264	1437321.4598540147	137	136
104.0	99.0	82.0	111.0	111.0	98.0	2	0.00037295540518940808	0.058557236659251152	DLR00012733-2009-11-09_20-00-38	114021.41587528483	1	107	419.5	214.0	74459.545829616924	1495037.0802919709	137	136
107.0	101.0	81.0	110.0	106.0	88.0	3	0.0	0.034706253394851644	DLR00012733-2009-11-09_20-00-38	117447.45726647653	1	107	552.5	228.0	66498.974207343243	1625656.6423357667	137	136
109.0	103.0	83.0	113.0	109.0	90.0	4	0.0	0.042784705112452748	DLR00012733-2009-11-09_20-00-38	188267.2842188887	1	107	693.5	214.0	130839.53935201404	2433928.4671532842	137	136
110.0	103.0	82.0	113.0	109.0	90.0	5	0.0	0.043400382291527505	DLR00012733-2009-11-09_20-00-38	155853.69061768972	1	107	832.5	225.0	77279.306985232877	1679575.1824817522	137	136
111.0	104.0	82.0	112.0	106.0	85.0	6	0.0	0.030867052309143925	DLR00012733-2009-11-09_20-00-38	149342.03387138926	1	107	957.5	230.0	66447.385125195811	1744378.6861313868	137	136
111.0	105.0	82.0	114.0	110.0	89.0	7	0.0	0.046384702240210102	DLR00012733-2009-11-09_20-00-38	171644.56019491659	1	107	1099.5	218.0	88605.619186208118	1878542.189781022	137	136
111.0	105.0	83.0	113.0	108.0	86.0	8	0.0	0.035682726137268923	DLR00012733-2009-11-09_20-00-38	178103.48253993184	1	107	1240.5	214.0	100025.83699603901	2159526.1313868612	137	136
110.0	105.0	82.0	113.0	109.0	87.0	9	0.0	0.041612141970985221	DLR00012733-2009-11-09_20-00-38	170816.87815555822	1	107	1377.5	214.0	100348.42981729817	2201547.1532846713	137	136
109.0	104.0	81.0	111.0	106.0	83.0	10	0.0	0.02771410778172358	DLR00012733-2009-11-09_20-00-38	148587.87656998076	1	107	1503.5	220.0	93633.300761712802	2658209.3430656935	137	136
109.0	104.0	81.0	113.0	110.0	90.0	11	0.0021844530875379615	0.049219994682382279	DLR00012733-2009-11-09_20-00-38	172297.14138147567	1	107	1650.5	214.0	104862.60012071602	2136743.6496350365	137	136
109.0	105.0	82.0	113.0	108.0	86.0	12	0.0	0.039435670185982159	DLR00012733-2009-11-09_20-00-38	176258.12161410422	1	107	1775.5	225.0	113294.45252260468	2373175.1824817518	137	136
110.0	105.0	82.0	115.0	112.0	93.0	13	0.0	0.057341559958883508	DLR00012733-2009-11-09_20-00-38	228829.9880963586	1	107	1926.5	214.0	173883.56177216713	2755161.4598540151	137	136
109.0	104.0	81.0	113.0	110.0	90.0	14	0.0	0.049219994682382279	DLR00012733-2009-11-09_20-00-38	197663.30685535795	1	107	2057.5	218.0	143791.74142637767	2626060.7299270071	137	136
109.0	104.0	82.0	114.0	110.0	91.0	15	0.002450849805530396	0.05034941434575544	DLR00012733-2009-11-09_20-00-38	203465.33569736511	1	107	2197.5	213.0	145190.61962354791	2538727.8832116788	137	136
110.0	104.0	82.0	112.0	107.0	86.0	16	0.0	0.035514101558531179	DLR00012733-2009-11-09_20-00-38	161796.72002906134	1	107	2321.5	223.0	92242.19852725105	2155982.1897810218	137	136
110.0	105.0	82.0	114.0	110.0	90.0	17	0.0010123075283712504	0.047321950918978485	DLR00012733-2009-11-09_20-00-38	187583.65593680114	1	107	2471.5	214.0	122840.8280713506	2398742.1897810218	137	136
111.0	104.0	82.0	114.0	109.0	89.0	18	0.00063935212318184237	0.045298426054931298	DLR00012733-2009-11-09_20-00-38	188627.06103470689	1	107	2608.5	214.0	125304.17453470592	2541006.1313868617	137	136
110.0	104.0	82.0	113.0	110.0	90.0	19	0.0	0.046470959277204585	DLR00012733-2009-11-09_20-00-38	188119.08913671845	1	107	2744.5	214.0	121543.56560604429	2289892.5547445258	137	136
109.0	103.0	82.0	113.0	109.0	90.0	20	0.0	0.045298426054931298	DLR00012733-2009-11-09_20-00-38	172161.8633373807	1	107	2871.5	216.0	109990.84040205342	2195724.9635036495	137	136
107.0	102.0	81.0	110.0	106.0	88.0	21	0.0	0.034706253394851644	DLR00012733-2009-11-09_20-00-38	133375.24364833027	1	107	3013.5	217.0	79059.896667424866	1837533.7226277376	137	136
104.0	99.0	80.0	105.0	101.0	83.0	22	0.0	0.014343519067722355	DLR00012733-2009-11-09_20-00-38	58790.563672138444	1	107	3144.5	225.0	24622.282151845739	1194308.3211678832	137	136
101.0	97.0	81.0	102.0	98.0	83.0	23	0.0	0.007298416480789144	DLR00012733-2009-11-09_20-00-38	47163.189176903637	1	107	3292.5	214.0	24711.364395618748	1052550.6569343067	137	136
99.0	97.0	84.0	104.0	104.0	93.0	24	0.023283073152538761	0.034008238593227866	DLR00012733-2009-11-09_20-00-38	102444.90309176095	1	107	3428.5	214.0	63645.848306995467	1064195.0364963503	137	136
99.0	95.0	77.0	100.0	94.0	76.0	1	0.00015983803079546059	-0.011501578492786223	DLR00012733-2009-11-09_20-00-38	0.0	2	107	282.5	350.0	0.0	1069764.0875912409	137	136
102.0	96.0	76.0	102.0	96.0	76.0	2	0.0	-0.005513341523193699	DLR00012733-2009-11-09_20-00-38	0.0	2	107	411.5	353.0	0.0	4124135.4744525542	137	136
105.0	99.0	79.0	105.0	99.0	78.0	3	0.0	0.0041415525389233345	DLR00012733-2009-11-09_20-00-38	22026.169965531328	2	107	556.5	350.0	5071.4355290260428	1213040.5839416056	137	136
107.0	101.0	80.0	107.0	101.0	80.0	4	0.0	0.011984689793825295	DLR00012733-2009-11-09_20-00-38	57288.540978198114	2	107	693.5	350.0	15751.666430530075	1267465.4014598543	137	136
108.0	102.0	80.0	108.0	102.0	80.0	5	0.0	0.014094501614061202	DLR00012733-2009-11-09_20-00-38	68247.374898864902	2	107	821.5	362.0	28659.566956622268	1976506.8613138685	137	136
108.0	102.0	80.0	108.0	102.0	80.0	6	0.0	0.015949401899370639	DLR00012733-2009-11-09_20-00-38	78496.049369863831	2	107	958.5	358.0	27580.741455851858	1669702.7737226277	137	136
108.0	103.0	80.0	108.0	103.0	80.0	7	0.0	0.018016070241512184	DLR00012733-2009-11-09_20-00-38	85919.862472196182	2	107	1103.5	350.0	24088.23556110245	1332775.182481752	137	136
108.0	103.0	80.0	108.0	103.0	80.0	8	0.0	0.017972926763417819	DLR00012733-2009-11-09_20-00-38	84349.325228276532	2	107	1240.5	350.0	799.39449661818094	45311.824817518253	137	136
108.0	103.0	80.0	108.0	103.0	80.0	9	0.0	0.017972926763417819	DLR00012733-2009-11-09_20-00-38	80821.466984431725	2	107	1368.5	351.0	23035.590466447335	1326446.7153284671	137	136
107.0	102.0	79.0	107.0	102.0	79.0	10	0.0	0.015012153220602257	DLR00012733-2009-11-09_20-00-38	69800.347220089796	2	107	1513.5	350.0	30477.865695248031	2048651.3868613138	137	136
107.0	102.0	79.0	107.0	102.0	79.0	11	0.0	0.011984689793825295	DLR00012733-2009-11-09_20-00-38	63324.357113131264	2	107	1644.5	354.0	18007.776932577646	1474279.7080291968	137	136
107.0	103.0	79.0	107.0	103.0	79.0	12	0.0059672864830305292	0.015906258421276277	DLR00012733-2009-11-09_20-00-38	79777.28193875782	2	107	1780.5	353.0	21547.33466542829	1159881.4598540145	137	136
108.0	103.0	79.0	107.0	103.0	79.0	13	0.0	0.015906258421276277	DLR00012733-2009-11-09_20-00-38	79923.162875206413	2	107	1918.5	353.0	54594.591098486191	3259413.7226277376	137	136
107.0	102.0	79.0	107.0	102.0	79.0	14	0.0	0.014733725199002993	DLR00012733-2009-11-09_20-00-38	67771.898976565761	2	107	2054.5	350.0	13566.920197175699	955345.40145985398	137	136
107.0	102.0	79.0	107.0	102.0	79.0	15	0.0	0.014094501614061202	DLR00012733-2009-11-09_20-00-38	66485.829899916294	2	107	2188.5	353.0	37375.673867071957	2663018.9781021895	137	136
108.0	103.0	79.0	108.0	103.0	79.0	16	0.0	0.015906258421276277	DLR00012733-2009-11-09_20-00-38	74911.394317845828	2	107	2334.5	350.0	11201.01281806027	709547.73722627736	137	136
108.0	102.0	79.0	108.0	102.0	79.0	17	0.0	0.015137634321245638	DLR00012733-2009-11-09_20-00-38	73093.473479997992	2	107	2593.5	350.0	55014.394020335785	3572040.0	137	136
108.0	102.0	79.0	108.0	102.0	79.0	18	0.0	0.015137634321245638	DLR00012733-2009-11-09_20-00-38	73149.55917781248	2	107	2594.5	349.0	55121.525362077344	3577355.9124087594	137	136
108.0	102.0	79.0	108.0	102.0	79.0	19	0.0	0.01405135813596684	DLR00012733-2009-11-09_20-00-38	64346.704749778728	2	107	2727.5	357.0	16723.628224253651	1215571.9708029197	137	136
107.0	101.0	79.0	107.0	101.0	79.0	20	0.0	0.011345466208883506	DLR00012733-2009-11-09_20-00-38	57163.177649278325	2	107	2875.5	348.0	37124.229705948266	3060699.8540145983	137	136
106.0	99.0	78.0	105.0	98.0	78.0	21	0.0	0.0032239009323822808	DLR00012733-2009-11-09_20-00-38	22727.633256226181	2	107	3018.5	350.0	2675.8561994620659	748531.0948905109	137	136
102.0	96.0	75.0	102.0	96.0	76.0	22	0.0	-0.005513341523193699	DLR00012733-2009-11-09_20-00-38	0.0	2	107	3155.5	350.0	0.0	1086724.3795620438	137	136
99.0	93.0	73.0	99.0	93.0	73.0	23	0.0	-0.017278047405546639	DLR00012733-2009-11-09_20-00-38	0.0	2	107	3279.5	350.0	0.0	1473520.2919708032	137	136
96.0	93.0	76.0	97.0	93.0	75.0	24	0.0	-0.016274138762011101	DLR00012733-2009-11-09_20-00-38	0.0	2	107	3428.5	350.0	0.0	863456.0583941607	137	136
101.0	95.0	76.0	100.0	94.0	75.0	1	0.0	-0.011501578492786223	DLR00012733-2009-11-09_20-00-38	0.0	3	107	286.5	500.0	0.0	596901.02189781016	137	136
103.0	97.0	77.0	103.0	97.0	77.0	2	0.0	-0.0018270574392476209	DLR00012733-2009-11-09_20-00-38	0.0	3	107	419.5	487.0	0.0	613608.17518248176	137	136
105.0	99.0	79.0	105.0	99.0	79.0	3	0.0	0.006251364359159242	DLR00012733-2009-11-09_20-00-38	25579.304671457703	3	107	556.5	487.0	6150.3764874875751	1027236.7883211679	137	136
107.0	101.0	80.0	107.0	101.0	80.0	4	0.0	0.011984689793825295	DLR00012733-2009-11-09_20-00-38	57149.188924298287	3	107	691.5	491.0	12319.603462766918	1014326.7153284672	137	136
108.0	102.0	80.0	108.0	102.0	80.0	5	0.0	0.014733725199002993	DLR00012733-2009-11-09_20-00-38	69214.645534093841	3	107	827.5	485.0	9598.8059371095151	650313.28467153281	137	136
108.0	102.0	80.0	108.0	103.0	80.0	6	0.0	0.015949401899370639	DLR00012733-2009-11-09_20-00-38	77814.218790092229	3	107	953.5	492.0	27624.482781890212	1640844.9635036497	137	136
108.0	103.0	80.0	108.0	103.0	80.0	7	0.0	0.017972926763417819	DLR00012733-2009-11-09_20-00-38	80247.603106195529	3	107	1103.5	487.0	24650.153916191899	1421880.0	137	136
108.0	103.0	80.0	108.0	103.0	80.0	8	0.0	0.017972926763417819	DLR00012733-2009-11-09_20-00-38	81828.186279738526	3	107	1240.5	487.0	1449.7748099253818	82776.350364963495	137	136
107.0	103.0	80.0	107.0	103.0	80.0	9	5.3279343598486864e-05	0.017972926763417819	DLR00012733-2009-11-09_20-00-38	80422.386446538265	3	107	1377.5	486.0	15989.007358468587	908008.46715328458	137	136
107.0	102.0	79.0	107.0	102.0	80.0	10	0.00063935212318184237	0.015906258421276277	DLR00012733-2009-11-09_20-00-38	73241.358933939162	3	107	1504.5	488.0	52064.31135116877	3335861.6058394159	137	136
107.0	102.0	79.0	107.0	102.0	79.0	11	0.0	0.014733725199002993	DLR00012733-2009-11-09_20-00-38	67471.192625612734	3	107	1650.5	487.0	26026.44100416587	1821332.8467153285	137	136
107.0	103.0	79.0	107.0	103.0	79.0	12	0.0	0.015906258421276277	DLR00012733-2009-11-09_20-00-38	73208.405392830886	3	107	1778.5	488.0	57309.40518875642	3680889.635036496	137	136
107.0	103.0	79.0	107.0	103.0	79.0	13	5.3279343598486864e-05	0.015906258421276277	DLR00012733-2009-11-09_20-00-38	74040.831078741292	3	107	1920.5	492.0	20936.16665001776	1318852.5547445256	137	136
107.0	102.0	79.0	107.0	102.0	79.0	14	5.3279343598486864e-05	0.014733725199002993	DLR00012733-2009-11-09_20-00-38	69347.256634116653	3	107	2053.5	493.0	2743.4697113746083	187828.90510948905	137	136
107.0	102.0	79.0	107.0	102.0	79.0	15	0.0	0.014094501614061202	DLR00012733-2009-11-09_20-00-38	63739.266445629401	3	107	2201.5	491.0	1328.4579563356133	93914.452554744523	137	136
107.0	102.0	79.0	107.0	102.0	79.0	16	0.00010655868719697373	0.015055296698696619	DLR00012733-2009-11-09_20-00-38	68122.516395286541	3	107	2321.5	485.0	17371.097159345525	1175576.0583941606	137	136
107.0	102.0	79.0	107.0	102.0	79.0	17	0.0	0.015180777799340002	DLR00012733-2009-11-09_20-00-38	69303.398729306558	3	107	2467.5	489.0	22401.436481494457	1474026.5693430656	137	136
107.0	102.0	79.0	107.0	102.0	79.0	18	0.0	0.014094501614061202	DLR00012733-2009-11-09_20-00-38	64745.232725264868	3	107	2602.5	489.0	17109.144879734027	1217850.2189781023	137	136
107.0	101.0	79.0	107.0	102.0	79.0	19	0.0	0.012153314372563041	DLR00012733-2009-11-09_20-00-38	59625.796786784733	3	107	2740.5	486.0	33871.39730107689	2640236.4963503648	137	136
107.0	101.0	78.0	107.0	101.0	78.0	20	0.0	0.010812156571552012	DLR00012733-2009-11-09_20-00-38	48087.51387235157	3	107	2881.5	487.0	13912.054696952395	1301132.8467153287	137	136
106.0	99.0	77.0	105.0	98.0	77.0	21	0.0	0.0022866522536138987	DLR00012733-2009-11-09_20-00-38	18757.853612297262	3	107	3018.5	487.0	611.98610479194292	437423.64963503642	137	136
103.0	96.0	75.0	103.0	96.0	75.0	22	0.0	-0.005513341523193699	DLR00012733-2009-11-09_20-00-38	0.0	3	107	3142.5	486.0	0.0	3854289.635036496	137	136
99.0	92.0	73.0	99.0	92.0	73.0	23	0.0	-0.020027082810724336	DLR00012733-2009-11-09_20-00-38	0.0	3	107	3291.5	487.0	0.0	2324066.2773722624	137	136
96.0	91.0	73.0	96.0	90.0	71.0	24	0.0	-0.028317272665963306	DLR00012733-2009-11-09_20-00-38	0.0	3	107	3428.5	487.0	0.0	873834.74452554737	137	136
102.0	95.0	76.0	102.0	95.0	76.0	1	0.0	-0.0085408049499706602	DLR00012733-2009-11-09_20-00-38	0.0	4	107	273.5	633.0	0.0	420463.35766423354	137	136
104.0	97.0	77.0	103.0	97.0	77.0	2	0.0	-0.0015917728957427189	DLR00012733-2009-11-09_20-00-38	0.0	4	107	419.5	623.0	0.0	907755.32846715336	137	136
106.0	99.0	79.0	106.0	99.0	79.0	3	0.0	0.006251364359159242	DLR00012733-2009-11-09_20-00-38	29109.563870836839	4	107	556.5	623.0	4631.2531872737	781185.98540145997	137	136
107.0	101.0	80.0	108.0	101.0	80.0	4	0.0	0.011984689793825295	DLR00012733-2009-11-09_20-00-38	57805.292383788765	4	107	693.5	623.0	17521.516624626442	1404160.2919708029	137	136
108.0	102.0	80.0	108.0	102.0	80.0	5	0.0	0.014094501614061202	DLR00012733-2009-11-09_20-00-38	69130.53511124941	4	107	822.5	623.0	16892.797232690868	1145452.5547445256	137	136
108.0	102.0	80.0	108.0	102.0	80.0	6	0.0	0.015906258421276277	DLR00012733-2009-11-09_20-00-38	74672.160614232562	4	107	966.5	623.0	15386.130450481243	947751.24087591236	137	136
108.0	102.0	80.0	108.0	103.0	80.0	7	0.0	0.015906258421276277	DLR00012733-2009-11-09_20-00-38	76779.444565817874	4	107	1085.5	625.0	20886.876379928912	1266452.8467153287	137	136
108.0	103.0	80.0	108.0	103.0	80.0	8	0.0	0.015949401899370639	DLR00012733-2009-11-09_20-00-38	79262.3041813944	4	107	1240.5	623.0	18970.10271850487	1136339.5620437956	137	136
107.0	103.0	80.0	107.0	103.0	80.0	9	0.0	0.015949401899370639	DLR00012733-2009-11-09_20-00-38	78249.437892492293	4	107	1377.5	623.0	21405.667006397627	1281641.1678832115	137	136
107.0	102.0	80.0	107.0	102.0	80.0	10	0.0	0.015906258421276277	DLR00012733-2009-11-09_20-00-38	73638.370403647918	4	107	1499.5	634.0	18122.106999897878	1140896.0583941606	137	136
107.0	102.0	79.0	107.0	102.0	79.0	11	0.0	0.014733725199002993	DLR00012733-2009-11-09_20-00-38	67492.303458773793	4	107	1640.5	618.0	46183.84774368097	3225493.1386861312	137	136
107.0	102.0	79.0	107.0	102.0	79.0	12	0.0	0.014733725199002993	DLR00012733-2009-11-09_20-00-38	68379.678945718508	4	107	1774.5	630.0	17300.546835524328	1183170.2189781021	137	136
107.0	102.0	79.0	107.0	102.0	79.0	13	0.00010655868719697373	0.014733725199002993	DLR00012733-2009-11-09_20-00-38	68289.69225138257	4	107	1913.5	624.0	40828.683740620167	2799460.7299270071	137	136
107.0	102.0	79.0	107.0	102.0	79.0	14	0.0	0.014094501614061202	DLR00012733-2009-11-09_20-00-38	66233.705628328564	4	107	2061.5	623.0	18174.157866872891	1283160.0	137	136
107.0	102.0	79.0	107.0	102.0	79.0	15	0.0	0.014733725199002993	DLR00012733-2009-11-09_20-00-38	65029.568678357791	4	107	2194.5	634.0	2834.319914671808	199220.14598540147	137	136
107.0	102.0	79.0	107.0	102.0	79.0	16	0.00042623474878789491	0.01405135813596684	DLR00012733-2009-11-09_20-00-38	63329.333688996623	4	107	2324.5	622.0	15900.771177470022	1178360.5839416056	137	136
107.0	102.0	79.0	107.0	103.0	79.0	17	0.00063935212318184237	0.015906258421276277	DLR00012733-2009-11-09_20-00-38	66190.228673332414	4	107	2473.5	625.0	117.18813820649434	7341.0218978102184	137	136
107.0	102.0	79.0	107.0	102.0	79.0	18	0.00015983803079546059	0.01405135813596684	DLR00012733-2009-11-09_20-00-38	60648.252212409163	4	107	2600.5	629.0	18058.627422204077	1385174.8905109488	137	136
107.0	101.0	78.0	108.0	102.0	78.0	19	0.0	0.011961173307152502	DLR00012733-2009-11-09_20-00-38	56035.674254030688	4	107	2737.5	619.0	14831.397932382868	1217850.2189781023	137	136
107.0	101.0	78.0	107.0	101.0	78.0	20	5.3279343598486864e-05	0.01012978950851586	DLR00012733-2009-11-09_20-00-38	44471.219036905932	4	107	2876.5	623.0	14694.793962387419	1486936.6423357667	137	136
106.0	99.0	77.0	106.0	99.0	77.0	21	0.0	0.0041415525389233345	DLR00012733-2009-11-09_20-00-38	20104.692049565598	4	107	3008.5	619.0	3633.1024247989421	813081.45985401457	137	136
103.0	96.0	75.0	104.0	96.0	76.0	22	0.0	-0.0046623498814198023	DLR00012733-2009-11-09_20-00-38	0.0	4	107	3155.5	623.0	0.0	1326446.7153284671	137	136
100.0	93.0	73.0	100.0	93.0	73.0	23	0.0	-0.017278047405546639	DLR00012733-2009-11-09_20-00-38	0.0	4	107	3282.5	626.0	0.0	2563788.6131386864	137	136
96.0	91.0	72.0	96.0	90.0	71.0	24	0.0	-0.02799570116626968	DLR00012733-2009-11-09_20-00-38	0.0	4	107	3415.5	627.0	0.0	741696.35036496341	137	136
102.0	96.0	76.0	102.0	95.0	76.0	1	0.0	-0.0082623769283713955	DLR00012733-2009-11-09_20-00-38	0.0	5	107	282.5	759.0	0.0	1358089.0510948906	137	136
104.0	97.0	77.0	104.0	97.0	77.0	2	0.0	-0.00069766769506869944	DLR00012733-2009-11-09_20-00-38	0.0	5	107	410.5	765.0	0.0	3581659.2700729929	137	136
106.0	99.0	79.0	106.0	100.0	79.0	3	0.0	0.0071454695598332611	DLR00012733-2009-11-09_20-00-38	34060.941268137387	5	107	556.5	759.0	4777.2936680121275	600444.96350364969	137	136
108.0	101.0	80.0	108.0	101.0	80.0	4	0.0016516596515530929	0.01405135813596684	DLR00012733-2009-11-09_20-00-38	59818.131704953092	5	107	692.5	766.0	27029.281818377356	2025362.6277372262	137	136
108.0	102.0	80.0	109.0	102.0	80.0	5	0.0	0.014988606814735222	DLR00012733-2009-11-09_20-00-38	70579.831189673801	5	107	830.5	759.0	7516.8478433298678	478178.97810218984	137	136
108.0	102.0	79.0	108.0	102.0	80.0	6	5.3279343598486864e-05	0.015180777799340002	DLR00012733-2009-11-09_20-00-38	72913.398588524724	5	107	966.5	759.0	14206.573772895546	889276.20437956206	137	136
108.0	102.0	79.0	108.0	102.0	79.0	7	0.0	0.015180777799340002	DLR00012733-2009-11-09_20-00-38	72513.605546710751	5	107	1103.5	759.0	28273.890342979907	1836521.1678832117	137	136
107.0	102.0	80.0	107.0	103.0	80.0	8	0.0	0.015906258421276277	DLR00012733-2009-11-09_20-00-38	74475.46310535798	5	107	1240.5	759.0	27837.139456600242	1721089.9270072991	137	136
107.0	102.0	80.0	107.0	103.0	80.0	9	0.0	0.015906258421276277	DLR00012733-2009-11-09_20-00-38	74844.283175499397	5	107	1371.5	762.0	27187.876166843609	1693750.9489051094	137	136
107.0	102.0	80.0	107.0	102.0	80.0	10	0.0	0.015906258421276277	DLR00012733-2009-11-09_20-00-38	71588.665578573782	5	107	1513.5	759.0	16946.778073561469	1077105.1094890512	137	136
107.0	102.0	79.0	107.0	102.0	80.0	11	0.0	0.014094501614061202	DLR00012733-2009-11-09_20-00-38	64292.121713007939	5	107	1650.5	759.0	16771.098842075477	1202661.8978102189	137	136
107.0	102.0	79.0	106.0	101.0	80.0	12	0.0	0.011345466208883506	DLR00012733-2009-11-09_20-00-38	59862.551987692874	5	107	1787.5	759.0	7302.1512979611443	625252.55474452558	137	136
107.0	101.0	79.0	107.0	102.0	79.0	13	0.0	0.012027833271919659	DLR00012733-2009-11-09_20-00-38	59182.148081977495	5	107	1923.5	770.0	15238.691858074928	1172791.5328467153	137	136
107.0	101.0	79.0	107.0	101.0	79.0	14	0.0	0.011984689793825295	DLR00012733-2009-11-09_20-00-38	57946.114887762727	5	107	2061.5	759.0	11097.688739772797	901173.72262773721	137	136
106.0	101.0	79.0	107.0	102.0	79.0	15	0.0	0.012027833271919659	DLR00012733-2009-11-09_20-00-38	58058.655047113491	5	107	2192.5	766.0	17093.440251996115	1367455.182481752	137	136
106.0	101.0	79.0	107.0	102.0	79.0	16	0.0	0.011984689793825295	DLR00012733-2009-11-09_20-00-38	57815.008523978941	5	107	2321.5	764.0	14827.046372213588	1187726.7153284671	137	136
107.0	101.0	79.0	107.0	102.0	79.0	17	0.0	0.011984689793825295	DLR00012733-2009-11-09_20-00-38	55206.758601943555	5	107	2458.5	758.0	16992.759659679949	1402388.3211678832	137	136
107.0	101.0	78.0	107.0	101.0	78.0	18	0.0	0.01102392462838412	DLR00012733-2009-11-09_20-00-38	51521.051929330795	5	107	2594.5	763.0	12059.174432179027	1082421.0218978103	137	136
107.0	101.0	78.0	108.0	101.0	78.0	19	0.0	0.010812156571552012	DLR00012733-2009-11-09_20-00-38	49769.489468090338	5	107	2741.5	760.0	3667.0714760777255	340724.6715328467	137	136
107.0	100.0	77.0	107.0	100.0	77.0	20	0.0	0.008231745745112061	DLR00012733-2009-11-09_20-00-38	37549.275645008536	5	107	2881.5	759.0	3552.0094425775796	412869.19708029192	137	136
106.0	99.0	77.0	106.0	99.0	77.0	21	0.00069263146678032932	0.0032239009323822808	DLR00012733-2009-11-09_20-00-38	15879.288991214204	5	107	3012.5	759.0	7771.850460571206	2060042.6277372262	137	136
104.0	96.0	75.0	104.0	96.0	75.0	22	0.0	-0.0046623498814198023	DLR00012733-2009-11-09_20-00-38	0.0	5	107	3145.5	760.0	0.0	1091280.8759124088	137	136
100.0	93.0	73.0	100.0	93.0	73.0	23	0.00042623474878789491	-0.017278047405546639	DLR00012733-2009-11-09_20-00-38	0.0	5	107	3288.5	763.0	0.0	965217.81021897821	137	136
97.0	91.0	71.0	97.0	91.0	71.0	24	0.00085246949757578983	-0.027187853002590145	DLR00012733-2009-11-09_20-00-38	0.0	5	107	3411.5	762.0	0.0	836117.08029197087	137	136
103.0	96.0	76.0	103.0	96.0	76.0	1	0.0	-0.0056192255516097529	DLR00012733-2009-11-09_20-00-38	0.0	6	107	278.5	898.0	0.0	871809.63503649633	137	136
105.0	97.0	77.0	104.0	98.0	77.0	2	0.0	-0.00069766769506869944	DLR00012733-2009-11-09_20-00-38	0.0	6	107	411.5	899.0	0.0	2948053.1386861312	137	136
106.0	99.0	78.0	106.0	99.0	78.0	3	0.0	0.006251364359159242	DLR00012733-2009-11-09_20-00-38	31537.171320333589	6	107	557.5	903.0	6908.8195885985306	1034324.6715328466	137	136
108.0	101.0	79.0	108.0	101.0	79.0	4	0.0	0.011067038187284241	DLR00012733-2009-11-09_20-00-38	57226.889970093362	6	107	693.5	895.0	252.43579111387783	20504.233576642335	137	136
108.0	102.0	79.0	108.0	102.0	79.0	5	0.00058607277958335553	0.01405135813596684	DLR00012733-2009-11-09_20-00-38	66235.824228547412	6	107	830.5	895.0	2169.2325330815374	160489.92700729927	137	136
108.0	102.0	79.0	108.0	102.0	79.0	6	0.00058607277958335553	0.01405135813596684	DLR00012733-2009-11-09_20-00-38	65859.94844132755	6	107	956.5	895.0	17135.118951497985	1222659.8540145985	137	136
107.0	102.0	79.0	107.0	102.0	79.0	7	0.0	0.014094501614061202	DLR00012733-2009-11-09_20-00-38	64956.92252054315	6	107	1103.5	895.0	19898.357280478496	1400616.3503649635	137	136
107.0	102.0	79.0	107.0	102.0	79.0	8	0.0	0.014094501614061202	DLR00012733-2009-11-09_20-00-38	64754.42606771041	6	107	1237.5	897.0	15662.235598513322	1113303.9416058394	137	136
107.0	102.0	80.0	107.0	102.0	80.0	9	0.0	0.015055296698696619	DLR00012733-2009-11-09_20-00-38	67812.180888151212	6	107	1374.5	897.0	9613.5215226817927	649300.72992700723	137	136
106.0	102.0	80.0	107.0	102.0	80.0	10	0.00037295540518940808	0.014819982235997477	DLR00012733-2009-11-09_20-00-38	65791.936588478406	6	107	1505.5	902.0	21728.574059108472	1528957.6642335765	137	136
106.0	101.0	80.0	106.0	101.0	80.0	11	0.0	0.012027833271919659	DLR00012733-2009-11-09_20-00-38	58017.660101448142	6	107	1641.5	899.0	13990.287396688824	1117354.1605839415	137	136
106.0	101.0	80.0	106.0	101.0	80.0	12	0.00010655868719697373	0.012027833271919659	DLR00012733-2009-11-09_20-00-38	55529.229434712572	6	107	1785.5	898.0	14242.235755818832	1162919.1240875912	137	136
106.0	101.0	80.0	106.0	101.0	79.0	13	0.00074591081037881615	0.011259209171889021	DLR00012733-2009-11-09_20-00-38	52101.868128417671	6	107	1924.5	895.0	12526.916376091125	1125454.5985401459	137	136
106.0	101.0	79.0	106.0	101.0	79.0	14	0.0	0.011090584593151277	DLR00012733-2009-11-09_20-00-38	49206.737768461717	6	107	2051.5	899.0	4203.3614689687611	395149.48905109492	137	136
106.0	101.0	79.0	106.0	101.0	79.0	15	0.0	0.010172932986610221	DLR00012733-2009-11-09_20-00-38	47002.70966555913	6	107	2189.5	899.0	16854.902287844467	1659324.0875912409	137	136
106.0	101.0	79.0	106.0	101.0	79.0	16	0.00074591081037881615	0.01012978950851586	DLR00012733-2009-11-09_20-00-38	45527.092536866723	6	107	2326.5	896.0	18718.291368808979	1909425.1094890512	137	136
106.0	101.0	78.0	106.0	101.0	78.0	17	0.0	0.01012978950851586	DLR00012733-2009-11-09_20-00-38	42738.101093371901	6	107	2471.5	895.0	9365.1946723249985	997113.28467153292	137	136
106.0	101.0	78.0	107.0	101.0	78.0	18	0.0	0.008231745745112061	DLR00012733-2009-11-09_20-00-38	42351.525265877746	6	107	2597.5	895.0	14540.143546034953	1593001.7518248179	137	136
107.0	100.0	77.0	107.0	100.0	77.0	19	0.0	0.006251364359159242	DLR00012733-2009-11-09_20-00-38	29449.526320404872	6	107	2868.5	893.0	23806.983143409136	3740124.0875912406	137	136
107.0	100.0	77.0	107.0	100.0	77.0	20	0.0	0.006251364359159242	DLR00012733-2009-11-09_20-00-38	29081.7117505557	6	107	2872.5	893.0	23663.879313375626	3734808.1751824818	137	136
106.0	98.0	76.0	106.0	99.0	76.0	21	0.0	0.0031807873734821584	DLR00012733-2009-11-09_20-00-38	8497.3687352051365	6	107	3018.5	895.0	3248.8030107188233	1224684.9635036495	137	136
104.0	96.0	75.0	104.0	96.0	75.0	22	0.0	-0.0046623498814198023	DLR00012733-2009-11-09_20-00-38	0.0	6	107	3142.5	893.0	0.0	803715.32846715336	137	136
100.0	93.0	72.0	100.0	93.0	73.0	23	0.0	-0.017278047405546639	DLR00012733-2009-11-09_20-00-38	0.0	6	107	3291.5	903.0	0.0	257948.3211678832	137	136
97.0	91.0	71.0	96.0	90.0	71.0	24	0.0	-0.027870220065626297	DLR00012733-2009-11-09_20-00-38	0.0	6	107	3414.5	899.0	0.0	607532.8467153284	137	136
103.0	96.0	76.0	103.0	96.0	76.0	1	0.0	-0.005513341523193699	DLR00012733-2009-11-09_20-00-38	0.0	7	107	282.5	1032.0	0.0	832826.27737226279	137	136
105.0	98.0	77.0	105.0	97.0	77.0	2	0.0	-0.00069766769506869944	DLR00012733-2009-11-09_20-00-38	0.0	7	107	419.5	1032.0	0.0	840926.71532846708	137	136
106.0	99.0	78.0	106.0	99.0	78.0	3	0.0	0.006251364359159242	DLR00012733-2009-11-09_20-00-38	28014.927017542188	7	107	554.5	1037.0	10092.232758441702	1561359.4160583944	137	136
108.0	101.0	79.0	108.0	101.0	79.0	4	0.0	0.01102392462838412	DLR00012733-2009-11-09_20-00-38	51278.107200897139	7	107	693.5	1032.0	13546.77724943672	1247214.3065693432	137	136
108.0	101.0	79.0	108.0	101.0	79.0	5	0.0005327934359848687	0.012153314372563041	DLR00012733-2009-11-09_20-00-38	60152.725616673968	7	107	830.5	1032.0	36087.13371839482	2855404.3795620441	137	136
108.0	102.0	79.0	108.0	102.0	78.0	6	0.0	0.011984689793825295	DLR00012733-2009-11-09_20-00-38	59491.248749443708	7	107	966.5	1032.0	8948.97910877699	718407.59124087601	137	136
107.0	101.0	79.0	107.0	102.0	79.0	7	0.0	0.012027833271919659	DLR00012733-2009-11-09_20-00-38	57664.110568077514	7	107	1102.5	1036.0	3804.9257006612506	299463.0656934306	137	136
107.0	101.0	79.0	107.0	101.0	79.0	8	0.0	0.011984689793825295	DLR00012733-2009-11-09_20-00-38	57101.842048139952	7	107	1233.5	1036.0	20693.673273106087	1723115.0364963503	137	136
106.0	101.0	80.0	106.0	101.0	79.0	9	0.00079919015397730299	0.012027833271919659	DLR00012733-2009-11-09_20-00-38	59349.977639744364	7	107	1378.5	1041.0	16802.206496639894	1333534.5985401457	137	136
106.0	101.0	80.0	106.0	101.0	80.0	10	0.0	0.012027833271919659	DLR00012733-2009-11-09_20-00-38	58164.383203655751	7	107	1513.5	1032.0	8585.6584396698308	687524.67153284664	137	136
106.0	101.0	80.0	106.0	102.0	79.0	11	0.0	0.011984689793825295	DLR00012733-2009-11-09_20-00-38	53468.085580195439	7	107	1644.5	1046.0	545.29675226791983	47843.211678832115	137	136
106.0	101.0	80.0	106.0	101.0	80.0	12	0.0	0.011133728071245639	DLR00012733-2009-11-09_20-00-38	50426.374821791294	7	107	1777.5	1029.0	13682.674329407779	1225697.518248175	137	136
106.0	101.0	79.0	106.0	101.0	79.0	13	0.0	0.010172932986610221	DLR00012733-2009-11-09_20-00-38	46344.232826396117	7	107	1925.5	1028.0	7679.8642923539064	772579.27007299277	137	136
105.0	100.0	79.0	105.0	100.0	79.0	14	0.0010655868719697374	0.0081062646444686783	DLR00012733-2009-11-09_20-00-38	39193.200118680557	7	107	2064.5	1041.0	9177.3538659266524	1080649.0510948903	137	136
105.0	100.0	79.0	105.0	100.0	79.0	15	0.0	0.0080631211663743148	DLR00012733-2009-11-09_20-00-38	35233.598376193673	7	107	2197.5	1032.0	10329.114307643846	1370492.8467153285	137	136
105.0	100.0	78.0	105.0	100.0	78.0	16	0.0	0.0080631211663743148	DLR00012733-2009-11-09_20-00-38	35552.726493441769	7	107	2323.5	1034.0	17645.967805480119	2306852.8467153283	137	136
105.0	100.0	78.0	106.0	100.0	78.0	17	0.0	0.006890587944101031	DLR00012733-2009-11-09_20-00-38	32507.791002701288	7	107	2469.5	1032.0	24924.889218498411	3652791.2408759128	137	136
106.0	100.0	77.0	106.0	100.0	77.0	18	0.0	0.0062082208810648794	DLR00012733-2009-11-09_20-00-38	26968.800119215175	7	107	2602.5	1036.0	18934.949652916453	3293334.306569343	137	136
106.0	100.0	77.0	106.0	100.0	76.0	19	0.0023442911183334221	0.0062082208810648794	DLR00012733-2009-11-09_20-00-38	25522.059090937633	7	107	2744.5	1032.0	8008.6300358964236	1317333.7226277376	137	136
106.0	99.0	76.0	106.0	99.0	76.0	20	0.0	0.0032239009323822808	DLR00012733-2009-11-09_20-00-38	16986.005556422915	7	107	2870.5	1036.0	6055.9704970996818	1590723.5036496352	137	136
105.0	98.0	75.0	106.0	98.0	75.0	21	0.0	-0.00050549671046392004	DLR00012733-2009-11-09_20-00-38	0.0	7	107	3018.5	1033.0	420.88716589582043	1415298.3941605841	137	136
103.0	96.0	74.0	104.0	96.0	74.0	22	0.0	-0.0085408049499706602	DLR00012733-2009-11-09_20-00-38	0.0	7	107	3145.5	1031.0	0.0	2733138.3941605841	137	136
99.0	93.0	72.0	100.0	93.0	72.0	23	0.0	-0.020027082810724336	DLR00012733-2009-11-09_20-00-38	0.0	7	107	3295.5	1036.0	0.0	289843.795620438	137	136
96.0	91.0	70.0	96.0	90.0	70.0	24	0.0	-0.028317272665963306	DLR00012733-2009-11-09_20-00-38	0.0	7	107	3410.5	1031.0	0.0	1031287.00729927	137	136
103.0	96.0	76.0	103.0	96.0	76.0	1	0.0	-0.0057486260666986012	DLR00012733-2009-11-09_20-00-38	0.0	8	107	274.5	1178.0	0.0	1066220.1459854015	137	136
104.0	97.0	76.0	104.0	97.0	76.0	2	0.0	-0.0015917728957427189	DLR00012733-2009-11-09_20-00-38	0.0	8	107	410.5	1171.0	0.0	950282.6277372262	137	136
106.0	99.0	77.0	106.0	99.0	77.0	3	0.0	0.0032239009323822808	DLR00012733-2009-11-09_20-00-38	18695.936449033121	8	107	549.5	1167.0	2795.2753821927672	698915.912408759	137	136
107.0	100.0	78.0	107.0	100.0	78.0	4	0.0	0.0099376484431053201	DLR00012733-2009-11-09_20-00-38	42845.013618409685	8	107	693.5	1168.0	19198.052861786771	2116745.693430657	137	136
108.0	101.0	78.0	108.0	101.0	78.0	5	0.0	0.01102392462838412	DLR00012733-2009-11-09_20-00-38	50811.930092466617	8	107	830.5	1168.0	5781.0855969001123	520453.13868613139	137	136
107.0	101.0	78.0	107.0	101.0	78.0	6	0.0	0.01102392462838412	DLR00012733-2009-11-09_20-00-38	49353.312569941532	8	107	966.5	1168.0	8176.2874662558115	769794.74452554737	137	136
107.0	101.0	78.0	107.0	101.0	78.0	7	0.0	0.010172932986610221	DLR00012733-2009-11-09_20-00-38	48543.573752294978	8	107	1093.5	1173.0	9779.177039541848	933322.33576642338	137	136
106.0	101.0	78.0	106.0	101.0	79.0	8	0.0011721455591667111	0.010172932986610221	DLR00012733-2009-11-09_20-00-38	49257.52187998587	8	107	1232.5	1172.0	38036.224596028354	3598872.700729927	137	136
106.0	101.0	79.0	106.0	101.0	79.0	9	0.0	0.010898413608546497	DLR00012733-2009-11-09_20-00-38	49561.688179847581	8	107	1377.5	1168.0	7113.7451637020449	657654.30656934297	137	136
106.0	101.0	79.0	106.0	101.0	79.0	10	0.0	0.011133728071245639	DLR00012733-2009-11-09_20-00-38	48202.624251981331	8	107	1514.5	1163.0	238.74150617610437	23288.759124087592	137	136
105.0	101.0	79.0	105.0	101.0	79.0	11	0.0	0.010172932986610221	DLR00012733-2009-11-09_20-00-38	45824.255605429244	8	107	1636.5	1166.0	2037.1098042754281	206561.16788321166	137	136
105.0	100.0	79.0	105.0	101.0	79.0	12	0.0	0.0081062646444686783	DLR00012733-2009-11-09_20-00-38	41743.752991609814	8	107	1775.5	1167.0	7510.3003585045262	794602.33576642338	137	136
105.0	100.0	79.0	105.0	100.0	79.0	13	0.0	0.0080631211663743148	DLR00012733-2009-11-09_20-00-38	37740.38991663191	8	107	1921.5	1162.0	1213.4776288407893	151376.93430656931	137	136
105.0	100.0	79.0	105.0	100.0	79.0	14	0.0	0.0072121594437946582	DLR00012733-2009-11-09_20-00-38	32911.710827900162	8	107	2061.5	1168.0	7711.3297418240763	1097356.2043795621	137	136
105.0	100.0	78.0	105.0	100.0	78.0	15	0.0	0.006251364359159242	DLR00012733-2009-11-09_20-00-38	27721.826401309867	8	107	2190.5	1175.0	4904.4078964904993	800930.80291970796	137	136
105.0	100.0	78.0	105.0	100.0	78.0	16	0.0	0.0041846960170176979	DLR00012733-2009-11-09_20-00-38	25532.766886686375	8	107	2321.5	1170.0	7215.5040819031847	1275312.7007299268	137	136
105.0	99.0	77.0	105.0	99.0	77.0	17	0.0	0.0041415525389233345	DLR00012733-2009-11-09_20-00-38	18497.255538156922	8	107	2464.5	1176.0	5322.798669560827	1330243.7956204379	137	136
105.0	99.0	76.0	105.0	99.0	76.0	18	0.0	0.0029690193166500506	DLR00012733-2009-11-09_20-00-38	14978.386578409827	8	107	2608.5	1168.0	2921.3477646106235	909527.29927007284	137	136
105.0	99.0	76.0	106.0	99.0	76.0	19	0.0	0.0029023294326886535	DLR00012733-2009-11-09_20-00-38	11863.228015756573	8	107	2738.5	1165.0	4048.255957921102	1505922.0437956203	137	136
106.0	99.0	75.0	105.0	99.0	76.0	20	0.0	0.0022866522536138987	DLR00012733-2009-11-09_20-00-38	6565.8543340268461	8	107	2879.5	1165.0	563.59562428652941	282502.77372262772	137	136
105.0	98.0	75.0	105.0	98.0	75.0	21	0.0	-0.0010192391947623268	DLR00012733-2009-11-09_20-00-38	0.0	8	107	3018.5	1168.0	0.0	904464.52554744517	137	136
103.0	95.0	73.0	103.0	95.0	73.0	22	0.0	-0.0094349101506446802	DLR00012733-2009-11-09_20-00-38	0.0	8	107	3145.5	1171.0	0.0	967749.19708029192	137	136
99.0	92.0	72.0	99.0	93.0	72.0	23	0.0	-0.020348624391223723	DLR00012733-2009-11-09_20-00-38	0.0	8	107	3281.5	1169.0	0.0	2782753.5766423354	137	136
96.0	90.0	70.0	96.0	90.0	70.0	24	0.0	-0.031109421630041125	DLR00012733-2009-11-09_20-00-38	0.0	8	107	3421.5	1160.0	0.0	935347.44525547454	137	136
103.0	96.0	76.0	102.0	96.0	75.0	1	0.0	-0.0076231533434296065	DLR00012733-2009-11-09_20-00-38	0.0	9	107	286.5	1315.0	0.0	1584901.313868613	137	136
104.0	97.0	76.0	104.0	97.0	76.0	2	0.0	-0.0016349163738370817	DLR00012733-2009-11-09_20-00-38	0.0	9	107	419.5	1304.0	0.0	230862.48175182482	137	136
106.0	99.0	77.0	107.0	99.0	77.0	3	0.0	0.0031807873734821584	DLR00012733-2009-11-09_20-00-38	12845.428431597558	9	107	560.5	1300.0	249.49617758870153	68853.722627737225	137	136
107.0	100.0	77.0	107.0	100.0	77.0	4	0.0	0.0071023560009331388	DLR00012733-2009-11-09_20-00-38	34644.75025482905	9	107	693.5	1304.0	7244.9572871019864	977115.32846715325	137	136
107.0	101.0	77.0	107.0	101.0	78.0	5	0.0	0.01012978950851586	DLR00012733-2009-11-09_20-00-38	45869.279929052791	9	107	830.5	1304.0	11947.998628640664	1214053.1386861312	137	136
107.0	101.0	77.0	107.0	101.0	77.0	6	0.0	0.009616076943411692	DLR00012733-2009-11-09_20-00-38	42852.374707294694	9	107	961.5	1312.0	34506.029148049252	3817078.2481751824	137	136
106.0	100.0	77.0	106.0	101.0	77.0	7	0.0	0.0080631211663743148	DLR00012733-2009-11-09_20-00-38	38996.955229595245	9	107	1102.5	1307.0	7890.6026538587612	930284.67153284664	137	136
106.0	100.0	78.0	106.0	100.0	78.0	8	0.0	0.0080631211663743148	DLR00012733-2009-11-09_20-00-38	38459.659034446697	9	107	1229.5	1312.0	10267.702742219113	1232025.9854014597	137	136
106.0	100.0	78.0	106.0	100.0	78.0	9	0.0	0.0080631211663743148	DLR00012733-2009-11-09_20-00-38	39561.291530187598	9	107	1377.5	1304.0	11752.87895398675	1377580.7299270076	137	136
105.0	100.0	78.0	106.0	100.0	79.0	10	0.0	0.0081062646444686783	DLR00012733-2009-11-09_20-00-38	37820.578386957248	9	107	1510.5	1312.0	8491.5822693777936	1017870.6569343065	137	136
105.0	100.0	78.0	105.0	100.0	78.0	11	0.0	0.0080631211663743148	DLR00012733-2009-11-09_20-00-38	35717.724894053368	9	107	1650.5	1304.0	29752.02759498528	3908208.1751824818	137	136
105.0	100.0	78.0	105.0	100.0	78.0	12	0.0	0.0074238975814325259	DLR00012733-2009-11-09_20-00-38	32200.25912987539	9	107	1787.5	1304.0	16983.50040771161	2400514.1605839417	137	136
105.0	100.0	78.0	105.0	100.0	78.0	13	0.0	0.0069768449810955159	DLR00012733-2009-11-09_20-00-38	29584.640295317193	9	107	1918.5	1312.0	11093.662102912478	1750454.01459854	137	136
104.0	100.0	78.0	104.0	100.0	78.0	14	0.0	0.0041846960170176979	DLR00012733-2009-11-09_20-00-38	23479.98147961307	9	107	2061.5	1304.0	155.81324052744702	28351.53284671533	137	136
104.0	99.0	77.0	104.0	99.0	77.0	15	0.0	0.0041415525389233345	DLR00012733-2009-11-09_20-00-38	16202.220676390411	9	107	2192.5	1308.0	1653.1438019690286	459193.5766423358	137	136
104.0	99.0	77.0	104.0	99.0	77.0	16	0.0014918216207576323	0.0023297957317082612	DLR00012733-2009-11-09_20-00-38	11457.787867632715	9	107	2318.5	1317.0	2104.9483236774399	859658.97810218984	137	136
104.0	98.0	76.0	104.0	99.0	76.0	17	0.0	0.0022866522536138987	DLR00012733-2009-11-09_20-00-38	7030.6449696300342	9	107	2464.5	1307.0	2448.5479275172656	1316068.0291970803	137	136
104.0	98.0	76.0	104.0	98.0	76.0	18	0.0	-0.00050549671046392004	DLR00012733-2009-11-09_20-00-38	894.67843961677534	9	107	2597.5	1306.0	634.42758870637351	2730100.7299270071	137	136
105.0	98.0	75.0	105.0	98.0	75.0	19	0.00021311737439394746	-0.00050549671046392004	DLR00012733-2009-11-09_20-00-38	1283.1765568826856	9	107	2743.5	1312.0	970.94026561220392	1078877.0802919709	137	136
105.0	98.0	75.0	105.0	98.0	75.0	20	0.0	-0.0016349163738370817	DLR00012733-2009-11-09_20-00-38	0.0	9	107	2881.5	1304.0	0.0	18225.985401459857	137	136
104.0	97.0	74.0	105.0	97.0	74.0	21	0.0044221855186744102	-0.0046192363225196799	DLR00012733-2009-11-09_20-00-38	0.0	9	107	3009.5	1308.0	0.0	2550119.1240875917	137	136
102.0	95.0	72.0	103.0	95.0	73.0	22	0.0	-0.012462373577421641	DLR00012733-2009-11-09_20-00-38	0.0	9	107	3155.5	1304.0	0.0	1129504.817518248	137	136
98.0	92.0	71.0	98.0	92.0	71.0	23	5.3279343598486864e-05	-0.023266284375139164	DLR00012733-2009-11-09_20-00-38	0.0	9	107	3292.5	1304.0	0.0	161249.34306569342	137	136
95.0	90.0	70.0	95.0	89.0	69.0	24	0.0	-0.03223884129341429	DLR00012733-2009-11-09_20-00-38	0.0	9	107	3416.5	1310.0	0.0	1059638.5401459853	137	136
102.0	96.0	76.0	102.0	96.0	76.0	1	0.0	-0.0075800098653352431	DLR00012733-2009-11-09_20-00-38	0.0	10	107	281.5	1450.0	0.0	537666.56934306561	137	136
104.0	97.0	76.0	104.0	97.0	76.0	2	0.0	-0.0035329601372408809	DLR00012733-2009-11-09_20-00-38	0.0	10	107	414.5	1447.0	0.0	1192030.0729927006	137	136
105.0	98.0	76.0	105.0	98.0	76.0	3	0.0	0.0022866522536138987	DLR00012733-2009-11-09_20-00-38	6226.8938856991199	10	107	556.5	1441.0	3915.8630515188079	3017413.1386861312	137	136
107.0	100.0	77.0	107.0	100.0	77.0	4	0.0	0.0068238980601396338	DLR00012733-2009-11-09_20-00-38	29447.197125730348	10	107	693.5	1441.0	6372.1109317283981	942182.18978102191	137	136
107.0	100.0	77.0	107.0	101.0	78.0	5	0.0	0.0099376484431053201	DLR00012733-2009-11-09_20-00-38	41663.032733551394	10	107	830.5	1441.0	20434.412610834523	2274957.3722627736	137	136
107.0	100.0	77.0	107.0	101.0	77.0	6	0.0	0.008231745745112061	DLR00012733-2009-11-09_20-00-38	39527.162110707672	10	107	966.5	1441.0	7665.9340211230392	873581.60583941615	137	136
106.0	100.0	77.0	106.0	100.0	77.0	7	0.0	0.0071454695598332611	DLR00012733-2009-11-09_20-00-38	33333.501068779631	10	107	1103.5	1441.0	6874.9925460508666	891048.17518248165	137	136
105.0	100.0	77.0	106.0	100.0	78.0	8	0.0	0.006251364359159242	DLR00012733-2009-11-09_20-00-38	27450.660963068534	10	107	1229.5	1447.0	6815.0510914793604	1064954.4525547447	137	136
105.0	100.0	78.0	105.0	100.0	78.0	9	0.0	0.006251364359159242	DLR00012733-2009-11-09_20-00-38	26984.274365943336	10	107	1362.5	1445.0	12422.481767093515	2081053.1386861312	137	136
105.0	100.0	78.0	105.0	100.0	78.0	10	0.0	0.0062082208810648794	DLR00012733-2009-11-09_20-00-38	27031.594991638332	10	107	1513.5	1441.0	7247.5404215146182	1240632.7007299268	137	136
105.0	100.0	78.0	105.0	100.0	78.0	11	0.0	0.0041846960170176979	DLR00012733-2009-11-09_20-00-38	24195.245947618172	10	107	1650.5	1441.0	6318.9346326159775	1163425.4014598543	137	136
104.0	100.0	78.0	104.0	100.0	78.0	12	0.00010655868719697373	0.0041846960170176979	DLR00012733-2009-11-09_20-00-38	23761.749658733879	10	107	1787.5	1441.0	6275.2317827242305	1231519.7080291968	137	136
104.0	99.0	77.0	104.0	100.0	78.0	13	0.0	0.0041846960170176979	DLR00012733-2009-11-09_20-00-38	20764.075158331132	10	107	1918.5	1448.0	3275.6319918565418	679677.3722627738	137	136
104.0	99.0	77.0	104.0	99.0	77.0	14	0.0	0.0041415525389233345	DLR00012733-2009-11-09_20-00-38	13519.656934748218	10	107	2043.5	1440.0	4181.4150148692879	1283666.2773722624	137	136
103.0	98.0	76.0	104.0	99.0	77.0	15	0.0	0.00026312738956671725	DLR00012733-2009-11-09_20-00-38	4009.2788201732023	10	107	2193.5	1449.0	1539.2570370810415	1202408.7591240874	137	136
103.0	98.0	76.0	104.0	98.0	77.0	16	0.0	0.00026312738956671725	DLR00012733-2009-11-09_20-00-38	0.0	10	107	2318.5	1442.0	607.89308371264246	822447.59124087601	137	136
103.0	98.0	76.0	104.0	98.0	76.0	17	0.0	-0.0015917728957427189	DLR00012733-2009-11-09_20-00-38	0.0	10	107	2460.5	1447.0	0.0	2812370.8029197082	137	136
104.0	98.0	75.0	104.0	98.0	75.0	18	0.0	-0.0015917728957427189	DLR00012733-2009-11-09_20-00-38	0.0	10	107	2600.5	1443.0	0.0	847002.04379562044	137	136
104.0	98.0	75.0	104.0	98.0	75.0	19	0.0	-0.0016349163738370817	DLR00012733-2009-11-09_20-00-38	0.0	10	107	2733.5	1442.0	0.0	1129757.9562043797	137	136
104.0	98.0	74.0	104.0	98.0	74.0	20	0.0	-0.0016349163738370817	DLR00012733-2009-11-09_20-00-38	0.0	10	107	2866.5	1443.0	0.0	1087230.6569343067	137	136
104.0	97.0	74.0	104.0	97.0	74.0	21	0.0	-0.005513341523193699	DLR00012733-2009-11-09_20-00-38	0.0	10	107	3006.5	1445.0	0.0	741949.48905109486	137	136
102.0	94.0	72.0	102.0	94.0	72.0	22	0.0	-0.013399622256190022	DLR00012733-2009-11-09_20-00-38	0.0	10	107	3146.5	1441.0	0.0	3245491.0948905107	137	136
98.0	91.0	71.0	98.0	91.0	71.0	23	0.0	-0.0251211846604486	DLR00012733-2009-11-09_20-00-38	0.0	10	107	3283.5	1445.0	0.0	1173550.9489051094	137	136
95.0	89.0	70.0	95.0	89.0	69.0	24	0.0	-0.033132946494088308	DLR00012733-2009-11-09_20-00-38	0.0	10	107	3413.5	1443.0	0.0	1102165.8394160585	137	136
102.0	96.0	75.0	102.0	95.0	75.0	1	0.0	-0.0094349101506446802	DLR00012733-2009-11-09_20-00-38	0.0	11	107	282.5	1577.0	0.0	890541.89781021897	137	136
103.0	96.0	75.0	103.0	96.0	76.0	2	0.0	-0.005513341523193699	DLR00012733-2009-11-09_20-00-38	0.0	11	107	412.5	1582.0	0.0	2543790.6569343065	137	136
105.0	98.0	76.0	105.0	98.0	76.0	3	0.0	-0.00069766769506869944	DLR00012733-2009-11-09_20-00-38	0.0	11	107	558.5	1582.0	0.0	2508098.1021897811	137	136
106.0	99.0	77.0	106.0	99.0	77.0	4	0.0	0.0035023289539815455	DLR00012733-2009-11-09_20-00-38	21365.765171464831	11	107	693.5	1577.0	5989.6503725538987	1321637.0802919711	137	136
106.0	100.0	77.0	107.0	100.0	77.0	5	0.0	0.0071023560009331388	DLR00012733-2009-11-09_20-00-38	33181.02986489905	11	107	829.5	1587.0	19899.792577777902	2776678.2481751824	137	136
107.0	100.0	77.0	107.0	100.0	77.0	6	0.0	0.007337640544438041	DLR00012733-2009-11-09_20-00-38	34217.350139976028	11	107	966.5	1577.0	2554.4752773557307	322245.54744525545	137	136
106.0	99.0	77.0	106.0	100.0	77.0	7	0.0	0.0062082208810648794	DLR00012733-2009-11-09_20-00-38	24443.375793898686	11	107	1101.5	1584.0	14589.076536392175	2766299.5620437954	137	136
105.0	99.0	77.0	105.0	99.0	77.0	8	0.0	0.0034160719169870602	DLR00012733-2009-11-09_20-00-38	16956.337329721417	11	107	1240.5	1577.0	4896.4297816363696	1267465.4014598543	137	136
105.0	99.0	77.0	105.0	99.0	77.0	9	0.0	0.0029690193166500506	DLR00012733-2009-11-09_20-00-38	13495.486241246281	11	107	1381.5	1583.0	7542.2755267588418	2449369.9270072989	137	136
104.0	99.0	77.0	104.0	99.0	77.0	10	0.0	0.003055276353644536	DLR00012733-2009-11-09_20-00-38	11022.637087630146	11	107	1513.5	1577.0	2041.5893681839896	732077.08029197087	137	136
104.0	98.0	77.0	104.0	99.0	77.0	11	0.0	0.0022866522536138987	DLR00012733-2009-11-09_20-00-38	5700.4724107689772	11	107	1654.5	1587.0	1368.4740343468191	863456.0583941607	137	136
104.0	99.0	77.0	104.0	99.0	76.5	12	0.0021311737439394748	0.00026312738956671725	DLR00012733-2009-11-09_20-00-38	6229.255594291445	11	107	1781.5	1581.0	27.940530460568052	18225.985401459857	137	136
103.0	98.0	76.0	104.0	98.0	76.0	13	0.0	0.00026312738956671725	DLR00012733-2009-11-09_20-00-38	2072.6733968654353	11	107	1918.5	1589.0	1149.5168142974499	1348722.9197080291	137	136
103.0	98.0	76.0	103.0	98.0	76.0	14	0.0	-0.00067412128920166508	DLR00012733-2009-11-09_20-00-38	0.0	11	107	2054.5	1584.0	0.0	1196080.2919708029	137	136
103.0	98.0	76.0	103.0	98.0	76.0	15	0.0	-0.0015917728957427189	DLR00012733-2009-11-09_20-00-38	0.0	11	107	2197.5	1577.0	0.0	1286450.802919708	137	136
103.0	97.0	75.0	103.0	97.0	76.0	16	0.0	-0.0036584412378842632	DLR00012733-2009-11-09_20-00-38	0.0	11	107	2334.5	1577.0	0.0	717141.89781021897	137	136
103.0	97.0	75.0	103.0	97.0	75.0	17	0.0	-0.0046623498814198023	DLR00012733-2009-11-09_20-00-38	0.0	11	107	2470.5	1578.0	0.0	881428.9051094891	137	136
103.0	97.0	75.0	103.0	97.0	74.0	18	0.0	-0.005513341523193699	DLR00012733-2009-11-09_20-00-38	0.0	11	107	2593.5	1589.0	0.0	923956.20437956206	137	136
104.0	97.0	74.0	104.0	97.0	74.0	19	0.00085246949757578983	-0.0046623498814198023	DLR00012733-2009-11-09_20-00-38	0.0	11	107	2744.5	1577.0	0.0	609051.67883211677	137	136
104.0	97.0	74.0	104.0	97.0	74.0	20	0.00047951409238638181	-0.0046623498814198023	DLR00012733-2009-11-09_20-00-38	0.0	11	107	2870.5	1581.0	0.0	2969316.7883211682	137	136
103.0	96.0	73.0	103.0	96.0	74.0	21	0.0018647770259470403	-0.0085839185088707835	DLR00012733-2009-11-09_20-00-38	0.0	11	107	3011.5	1584.0	0.0	2548853.4306569342	137	136
101.0	94.0	72.0	101.0	94.0	72.0	22	0.0	-0.016383942204872621	DLR00012733-2009-11-09_20-00-38	0.0	11	107	3147.5	1581.0	0.0	902439.41605839413	137	136
97.0	90.0	70.0	97.0	90.0	70.0	23	0.0	-0.028999609809805219	DLR00012733-2009-11-09_20-00-38	0.0	11	107	3283.5	1586.0	0.0	762200.58394160587	137	136
94.0	88.0	69.0	94.0	88.0	69.0	24	0.0	-0.03616040992086527	DLR00012733-2009-11-09_20-00-38	0.0	11	107	3411.5	1583.0	0.0	1233291.6788321168	137	136
101.0	95.0	75.0	101.0	94.0	74.0	1	0.0	-0.012505487136321764	DLR00012733-2009-11-09_20-00-38	0.0	12	107	282.5	1713.0	0.0	878644.37956204382	137	136
102.0	95.0	74.0	102.0	95.0	75.0	2	0.0	-0.0094349101506446802	DLR00012733-2009-11-09_20-00-38	0.0	12	107	412.5	1723.0	0.0	3312825.9854014595	137	136
104.0	97.0	75.0	104.0	97.0	76.0	3	0.0	-0.0046192363225196799	DLR00012733-2009-11-09_20-00-38	0.0	12	107	556.5	1713.0	0.0	1023186.5693430656	137	136
106.0	98.0	77.0	106.0	98.0	77.0	4	0.0	0.0023297957317082612	DLR00012733-2009-11-09_20-00-38	7926.3813881939877	12	107	693.5	1713.0	1462.3412742712781	760681.7518248175	137	136
106.0	99.0	77.0	106.0	99.0	77.0	5	0.0	0.0043101771176610798	DLR00012733-2009-11-09_20-00-38	22252.486199368144	12	107	824.5	1720.0	3855.9564440589238	752834.45255474444	137	136
106.0	100.0	77.0	106.0	100.0	77.0	6	0.0	0.0043101771176610798	DLR00012733-2009-11-09_20-00-38	24336.214290865631	12	107	966.5	1713.0	4370.1124405607034	886744.81751824822	137	136
105.0	99.0	76.0	105.0	99.0	76.0	7	0.0	0.0029690193166500506	DLR00012733-2009-11-09_20-00-38	13145.237874048089	12	107	1101.5	1721.0	7964.1390540379844	2729847.5912408764	137	136
105.0	98.0	76.0	105.0	98.0	77.0	8	0.0	0.0022866522536138987	DLR00012733-2009-11-09_20-00-38	5367.682275475865	12	107	1240.5	1713.0	1277.6922762367253	785236.20437956206	137	136
104.0	98.0	76.0	104.0	98.0	76.0	9	0.0	-0.00050549671046392004	DLR00012733-2009-11-09_20-00-38	0.0	12	107	1372.5	1722.0	0.0	591585.10948905104	137	136
104.0	98.0	76.0	104.0	98.0	76.0	10	0.0	-0.00074078125396882192	DLR00012733-2009-11-09_20-00-38	0.0	12	107	1513.5	1713.0	0.0	1058372.8467153285	137	136
103.0	98.0	76.0	103.0	98.0	76.0	11	0.0	-0.0015917728957427189	DLR00012733-2009-11-09_20-00-38	0.0	12	107	1637.5	1719.0	0.0	956104.81751824822	137	136
103.0	97.0	76.0	103.0	98.0	76.0	12	0.0	-0.0016349163738370817	DLR00012733-2009-11-09_20-00-38	0.0	12	107	1779.5	1722.0	0.0	933069.19708029204	137	136
103.0	97.0	75.0	103.0	97.0	75.0	13	0.0	-0.0037015847159786257	DLR00012733-2009-11-09_20-00-38	0.0	12	107	1924.5	1713.0	0.0	957370.51094890514	137	136
102.0	97.0	75.0	103.0	97.0	76.0	14	0.00031967606159092119	-0.0046623498814198023	DLR00012733-2009-11-09_20-00-38	0.0	12	107	2061.5	1713.0	0.0	816119.12408759107	137	136
102.0	97.0	75.0	102.0	97.0	75.0	15	0.0023975704619319089	-0.005513341523193699	DLR00012733-2009-11-09_20-00-38	0.0	12	107	2185.5	1718.0	0.0	1309739.5620437958	137	136
102.0	96.0	75.0	102.0	96.0	75.0	16	0.0	-0.0055564850012880624	DLR00012733-2009-11-09_20-00-38	0.0	12	107	2326.5	1716.0	0.0	2798701.3138686134	137	136
102.0	96.0	75.0	102.0	96.0	75.0	17	0.0032500399595076987	-0.0076231533434296065	DLR00012733-2009-11-09_20-00-38	0.0	12	107	2461.5	1716.0	0.0	1035590.3649635038	137	136
102.0	96.0	74.0	103.0	96.0	74.0	18	0.0	-0.0085839185088707835	DLR00012733-2009-11-09_20-00-38	0.0	12	107	2600.5	1714.0	0.0	917121.45985401457	137	136
103.0	96.0	73.0	103.0	96.0	73.0	19	0.0	-0.0085839185088707835	DLR00012733-2009-11-09_20-00-38	0.0	12	107	2736.5	1719.0	0.0	2462026.8613138688	137	136
103.0	96.0	73.0	103.0	96.0	74.0	20	0.0	-0.0085839185088707835	DLR00012733-2009-11-09_20-00-38	0.0	12	107	2873.5	1725.0	0.0	944207.29927007295	137	136
102.0	95.0	73.0	102.0	94.0	74.0	21	0.0	-0.012505487136321764	DLR00012733-2009-11-09_20-00-38	0.0	12	107	3018.5	1713.0	0.0	129353.86861313868	137	136
100.0	93.0	72.0	100.0	93.0	72.0	22	0.0	-0.020027082810724336	DLR00012733-2009-11-09_20-00-38	0.0	12	107	3140.5	1714.0	0.0	806752.99270072998	137	136
96.0	89.0	69.0	96.0	89.0	69.0	23	0.0	-0.032964321915350564	DLR00012733-2009-11-09_20-00-38	0.0	12	107	3285.5	1717.0	0.0	1106975.4744525547	137	136
93.0	87.0	68.0	93.0	87.0	68.0	24	0.0	-0.040081978548316251	DLR00012733-2009-11-09_20-00-38	0.0	12	107	3408.5	1715.0	0.0	1282147.4452554744	137	136
100.0	94.0	74.0	100.0	93.0	74.0	1	0.0011188662155682241	-0.016383942204872621	DLR00012733-2009-11-09_20-00-38	0.0	13	107	295.5	1858.0	0.0	863709.19708029192	137	136
101.0	94.0	74.0	101.0	94.0	74.0	2	0.00047951409238638181	-0.013760417819532548	DLR00012733-2009-11-09_20-00-38	0.0	13	107	420.5	1864.0	0.0	807765.54744525545	137	136
103.0	95.0	74.0	103.0	95.0	75.0	3	0.0	-0.0085839185088707835	DLR00012733-2009-11-09_20-00-38	0.0	13	107	554.5	1860.0	0.0	3542929.051094891	137	136
104.0	97.0	76.0	105.0	97.0	76.0	4	0.0	-0.0015917728957427189	DLR00012733-2009-11-09_20-00-38	0.0	13	107	689.5	1862.0	0.0	2765793.2846715329	137	136
105.0	98.0	76.0	105.0	99.0	77.0	5	0.0	0.0023297957317082612	DLR00012733-2009-11-09_20-00-38	8352.4689117170255	13	107	837.5	1861.0	2815.9732593226045	980912.40875912399	137	136
105.0	99.0	76.0	105.0	99.0	76.0	6	0.0	0.0022866522536138987	DLR00012733-2009-11-09_20-00-38	8740.7453996383028	13	107	966.5	1849.0	2021.4042309989338	1107481.7518248176	137	136
104.0	98.0	75.0	104.0	98.0	75.0	7	0.0	-0.00074078125396882192	DLR00012733-2009-11-09_20-00-38	0.0	13	107	1108.5	1862.0	0.0	1017111.2408759125	137	136
103.0	97.0	75.0	103.0	97.0	75.0	8	0.00010655868719697373	-0.0036584412378842632	DLR00012733-2009-11-09_20-00-38	0.0	13	107	1240.5	1849.0	0.0	883960.29197080282	137	136
103.0	97.0	75.0	103.0	97.0	75.0	9	0.0	-0.0044270653379149	DLR00012733-2009-11-09_20-00-38	0.0	13	107	1378.5	1857.0	0.0	973318.2481751825	137	136
103.0	97.0	75.0	102.0	97.0	76.0	10	0.0	-0.0037015847159786257	DLR00012733-2009-11-09_20-00-38	0.0	13	107	1518.5	1848.0	0.0	26073.284671532845	137	136
102.0	96.0	75.0	102.0	96.0	75.0	11	0.0	-0.0055564850012880624	DLR00012733-2009-11-09_20-00-38	0.0	13	107	1650.5	1849.0	0.0	1273287.5912408759	137	136
102.0	96.0	75.0	102.0	96.0	75.0	12	0.0019180563695455272	-0.0075800098653352431	DLR00012733-2009-11-09_20-00-38	0.0	13	107	1787.5	1849.0	0.0	672083.21167883207	137	136
101.0	96.0	74.0	101.0	96.0	75.0	13	0.0	-0.0076231533434296065	DLR00012733-2009-11-09_20-00-38	0.0	13	107	1921.5	1861.0	0.0	2408108.321167883	137	136
101.0	96.0	74.0	101.0	96.0	74.0	14	0.0	-0.0094349101506446802	DLR00012733-2009-11-09_20-00-38	0.0	13	107	2055.5	1859.0	0.0	3320167.00729927	137	136
101.0	95.0	74.0	101.0	95.0	74.0	15	0.0	-0.011501578492786223	DLR00012733-2009-11-09_20-00-38	0.0	13	107	2195.5	1860.0	0.0	1119632.4087591241	137	136
101.0	95.0	74.0	101.0	95.0	74.0	16	0.0	-0.011544721970880587	DLR00012733-2009-11-09_20-00-38	0.0	13	107	2327.5	1862.0	0.0	509568.17518248176	137	136
101.0	95.0	73.0	101.0	95.0	73.0	17	0.0	-0.012462373577421641	DLR00012733-2009-11-09_20-00-38	0.0	13	107	2468.5	1858.0	0.0	2553663.0656934306	137	136
101.0	95.0	73.0	102.0	95.0	73.0	18	0.0	-0.012505487136321764	DLR00012733-2009-11-09_20-00-38	0.0	13	107	2598.5	1857.0	0.0	685499.56204379559	137	136
102.0	95.0	73.0	102.0	95.0	73.0	19	0.0	-0.012462373577421641	DLR00012733-2009-11-09_20-00-38	0.0	13	107	2744.5	1855.0	0.0	3184231.5328467158	137	136
102.0	94.0	73.0	102.0	94.0	73.0	20	0.0	-0.013356478778095661	DLR00012733-2009-11-09_20-00-38	0.0	13	107	2881.5	1849.0	0.0	963952.11678832106	137	136
100.0	93.0	72.0	101.0	93.0	72.0	21	0.00021311737439394746	-0.016427055763772742	DLR00012733-2009-11-09_20-00-38	0.0	13	107	3006.5	1859.0	0.0	1154565.5474452553	137	136
98.0	91.0	71.0	98.0	91.0	71.0	22	0.0	-0.0251211846604486	DLR00012733-2009-11-09_20-00-38	0.0	13	107	3141.5	1857.0	0.0	660438.83211678825	137	136
94.0	87.0	67.0	94.0	87.0	67.0	23	0.0	-0.040807459170252525	DLR00012733-2009-11-09_20-00-38	0.0	13	107	3291.5	1855.0	0.0	2443547.7372262776	137	136
92.0	87.0	68.0	92.0	86.0	67.0	24	0.0	-0.044003547175767231	DLR00012733-2009-11-09_20-00-38	0.0	13	107	3428.5	1849.0	0.0	1212787.4452554747	137	136
100.0	93.0	75.0	99.0	92.0	73.0	1	0.0	-0.020474135411061346	DLR00012733-2009-11-09_20-00-38	0.0	14	107	282.5	1986.0	0.0	974077.66423357662	137	136
99.0	92.0	72.0	99.0	92.0	72.0	2	0.00069263146678032932	-0.02119961603299762	DLR00012733-2009-11-09_20-00-38	0.0	14	107	424.5	1996.0	0.0	830801.16788321175	137	136
102.0	95.0	74.0	103.0	95.0	75.0	3	0.0	-0.0085839185088707835	DLR00012733-2009-11-09_20-00-38	0.0	14	107	553.5	1864.0	0.0	3515083.7956204377	137	136
103.0	96.0	75.0	103.0	96.0	75.0	4	0.0	-0.0055564850012880624	DLR00012733-2009-11-09_20-00-38	0.0	14	107	688.5	1998.0	0.0	2255971.9708029199	137	136
104.0	97.0	75.0	104.0	97.0	76.0	5	0.0	-0.0046192363225196799	DLR00012733-2009-11-09_20-00-38	0.0	14	107	830.5	1986.0	0.0	911046.13138686144	137	136
103.0	96.0	75.0	104.0	97.0	75.0	6	0.0	-0.0046623498814198023	DLR00012733-2009-11-09_20-00-38	0.0	14	107	965.5	1995.0	0.0	2857176.350364964	137	136
103.0	96.0	74.0	103.0	96.0	74.0	7	0.0	-0.0055564850012880624	DLR00012733-2009-11-09_20-00-38	0.0	14	107	1103.5	1986.0	0.0	617658.39416058385	137	136
102.0	96.0	74.0	102.0	96.0	74.0	8	0.0022377324311364482	-0.0094349101506446802	DLR00012733-2009-11-09_20-00-38	0.0	14	107	1235.5	1995.0	0.0	3093607.8832116788	137	136
101.0	95.0	73.0	101.0	95.0	73.0	9	0.00090574884117427677	-0.012462373577421641	DLR00012733-2009-11-09_20-00-38	0.0	14	107	1372.5	1998.0	0.0	3114618.3941605841	137	136
101.0	95.0	73.0	101.0	95.0	73.0	10	0.001598380307954606	-0.012438827171554607	DLR00012733-2009-11-09_20-00-38	0.0	14	107	1513.5	1986.0	0.0	416919.41605839418	137	136
100.0	94.0	73.0	100.0	94.0	73.0	11	0.0	-0.013356478778095661	DLR00012733-2009-11-09_20-00-38	0.0	14	107	1640.5	1996.0	0.0	2335710.6569343065	137	136
100.0	94.0	73.0	100.0	95.0	73.0	12	0.0	-0.013356478778095661	DLR00012733-2009-11-09_20-00-38	0.0	14	107	1780.5	1992.0	0.0	2066371.0948905109	137	136
100.0	94.0	73.0	99.0	94.0	73.0	13	0.0	-0.015466290598331567	DLR00012733-2009-11-09_20-00-38	0.0	14	107	1924.5	1986.0	0.0	62018.978102189787	137	136
99.0	93.0	72.0	99.0	94.0	72.0	14	0.0010655868719697374	-0.017278047405546639	DLR00012733-2009-11-09_20-00-38	0.0	14	107	2051.5	1997.0	0.0	1015086.1313868614	137	136
99.0	93.0	72.0	99.0	93.0	72.0	15	0.00037295540518940808	-0.019344715747688184	DLR00012733-2009-11-09_20-00-38	0.0	14	107	2197.5	1986.0	0.0	959901.89781021897	137	136
99.0	93.0	72.0	99.0	93.0	72.0	16	0.00015983803079546059	-0.019387859225782546	DLR00012733-2009-11-09_20-00-38	0.0	14	107	2326.5	1994.0	0.0	939650.80291970796	137	136
99.0	93.0	72.0	99.0	93.0	72.0	17	0.0	-0.019387859225782546	DLR00012733-2009-11-09_20-00-38	0.0	14	107	2462.5	1994.0	0.0	1350494.8905109488	137	136
100.0	93.0	72.0	100.0	94.0	72.0	18	0.0	-0.017278047405546639	DLR00012733-2009-11-09_20-00-38	0.0	14	107	2607.5	1991.0	0.0	1349988.6131386862	137	136
100.0	93.0	72.0	100.0	93.0	72.0	19	0.0	-0.017321190883641004	DLR00012733-2009-11-09_20-00-38	0.0	14	107	2738.5	1984.0	0.0	1093559.1240875912	137	136
99.0	93.0	72.0	100.0	93.0	72.0	20	0.0	-0.019344715747688184	DLR00012733-2009-11-09_20-00-38	0.0	14	107	2865.5	1993.0	0.0	548804.67153284664	137	136
99.0	91.0	71.0	99.0	92.0	71.0	21	0.0	-0.02119961603299762	DLR00012733-2009-11-09_20-00-38	0.0	14	107	3018.5	1986.0	0.0	606014.01459854003	137	136
97.0	90.0	70.0	97.0	90.0	70.0	22	0.0	-0.029278037831404483	DLR00012733-2009-11-09_20-00-38	0.0	14	107	3142.5	1992.0	0.0	900667.44525547442	137	136
92.0	85.0	66.0	92.0	85.0	66.0	23	0.0	-0.047478063202881199	DLR00012733-2009-11-09_20-00-38	0.0	14	107	3281.5	1987.0	0.0	2317484.671532847	137	136
91.0	84.0	66.0	90.0	84.0	66.0	24	5.3279343598486864e-05	-0.051399631830332179	DLR00012733-2009-11-09_20-00-38	0.0	14	107	3408.5	1994.0	0.0	1057866.5693430658	137	136
99.0	92.0	74.0	99.0	92.0	73.0	1	0.0017049389951515797	-0.020027082810724336	DLR00012733-2009-11-09_20-00-38	0.0	15	107	306.5	2118.0	0.0	1028755.6204379563	137	136
99.0	92.0	72.0	99.0	92.0	72.0	2	0.0	-0.02119961603299762	DLR00012733-2009-11-09_20-00-38	0.0	15	107	421.5	2130.0	0.0	867759.41605839424	137	136
102.0	94.0	74.0	102.0	93.0	74.0	3	0.0	-0.015489807085004361	DLR00012733-2009-11-09_20-00-38	0.0	15	107	556.5	2122.0	0.0	1001669.7810218978	137	136
104.0	96.0	75.0	104.0	96.0	75.0	4	0.0	-0.0075800098653352431	DLR00012733-2009-11-09_20-00-38	0.0	15	107	692.5	2129.0	0.0	1269490.5109489053	137	136
103.0	95.0	75.0	103.0	95.0	75.0	5	0.0	-0.0085839185088707835	DLR00012733-2009-11-09_20-00-38	0.0	15	107	830.5	2122.0	0.0	928512.70072992716	137	136
102.0	95.0	74.0	102.0	95.0	74.0	6	0.0	-0.012505487136321764	DLR00012733-2009-11-09_20-00-38	0.0	15	107	966.5	2133.0	0.0	1178107.4452554744	137	136
102.0	95.0	73.0	102.0	95.0	73.0	7	0.00090574884117427677	-0.012505487136321764	DLR00012733-2009-11-09_20-00-38	0.0	15	107	1103.5	2122.0	0.0	876366.13138686121	137	136
101.0	94.0	72.0	101.0	94.0	72.0	8	0.0049549789546592784	-0.016383942204872621	DLR00012733-2009-11-09_20-00-38	0.0	15	107	1232.5	2125.0	0.0	1083180.4379562044	137	136
100.0	93.0	72.0	100.0	93.0	72.0	9	0.0	-0.020113339847718823	DLR00012733-2009-11-09_20-00-38	0.0	15	107	1377.5	2122.0	0.0	942688.4671532847	137	136
99.0	92.0	71.0	99.0	92.0	71.0	10	0.0	-0.021242759511091985	DLR00012733-2009-11-09_20-00-38	0.0	15	107	1513.5	2122.0	0.0	1405679.1240875912	137	136
98.0	92.0	71.0	98.0	92.0	71.0	11	0.0	-0.024227079459774582	DLR00012733-2009-11-09_20-00-38	0.0	15	107	1647.5	2123.0	0.0	631834.16058394162	137	136
98.0	92.0	71.0	98.0	92.0	71.0	12	0.0	-0.024270193018674703	DLR00012733-2009-11-09_20-00-38	0.0	15	107	1787.5	2122.0	0.0	1266705.98540146	137	136
98.0	92.0	70.0	98.0	91.0	70.0	13	0.0	-0.0251211846604486	DLR00012733-2009-11-09_20-00-38	0.0	15	107	1924.5	2122.0	0.0	960155.03649635043	137	136
97.0	91.0	70.0	97.0	91.0	70.0	14	0.0	-0.027187853002590145	DLR00012733-2009-11-09_20-00-38	0.0	15	107	2061.5	2132.0	0.0	1030780.7299270073	137	136
97.0	91.0	71.0	97.0	91.0	70.0	15	0.00090574884117427677	-0.02723099648068451	DLR00012733-2009-11-09_20-00-38	0.0	15	107	2196.5	2129.0	0.0	3319407.5912408759	137	136
98.0	91.0	71.0	98.0	91.0	71.0	16	0.0	-0.025164328138542965	DLR00012733-2009-11-09_20-00-38	0.0	15	107	2334.5	2122.0	0.0	981418.68613138678	137	136
98.0	92.0	71.0	98.0	91.0	70.0	17	0.0	-0.0251211846604486	DLR00012733-2009-11-09_20-00-38	0.0	15	107	2471.5	2124.0	0.0	1097609.3430656933	137	136
98.0	92.0	71.0	98.0	92.0	71.0	18	0.00026639671799243435	-0.023948651438175317	DLR00012733-2009-11-09_20-00-38	0.0	15	107	2592.5	2122.0	0.0	259973.43065693433	137	136
98.0	91.0	71.0	98.0	91.0	71.0	19	0.0	-0.0251211846604486	DLR00012733-2009-11-09_20-00-38	0.0	15	107	2742.5	2126.0	0.0	902945.69343065692	137	136
98.0	91.0	71.0	98.0	91.0	71.0	20	0.0	-0.0251211846604486	DLR00012733-2009-11-09_20-00-38	0.0	15	107	2866.5	2123.0	0.0	1306448.7591240876	137	136
98.0	90.0	71.0	98.0	90.0	70.0	21	0.0	-0.028148648087225562	DLR00012733-2009-11-09_20-00-38	0.0	15	107	3009.5	2121.0	0.0	2458229.7810218981	137	136
95.0	88.0	69.0	95.0	88.0	69.0	22	0.0	-0.035905498385938796	DLR00012733-2009-11-09_20-00-38	0.0	15	107	3142.5	2123.0	0.0	1327965.5474452558	137	136
92.0	85.0	66.0	92.0	85.0	66.0	23	0.0010655868719697374	-0.04860745294706012	DLR00012733-2009-11-09_20-00-38	0.0	15	107	3282.5	2125.0	0.0	1273034.4525547447	137	136
91.0	85.0	68.0	90.0	84.0	67.0	24	0.0	-0.049054535466591373	DLR00012733-2009-11-09_20-00-38	0.0	15	107	3407.5	2122.0	0.0	1593001.7518248179	137	136
102.0	98.0	84.0	113.0	112.0	101.0	1	0.020938782034205339	0.065380787612835708	DLR00012733-2009-11-09_20-00-38	197852.93986922945	16	107	282.5	2258.0	153647.85209063656	2139781.3138686134	137	136
105.0	100.0	83.0	117.0	116.0	103.0	2	0.031381533379508768	0.080745490622946003	DLR00012733-2009-11-09_20-00-38	254635.29564003661	16	107	415.5	2269.0	205424.55753035776	2292423.9416058394	137	136
108.0	102.0	85.0	118.0	114.0	99.0	3	0.054504768501252063	0.069721943020311206	DLR00012733-2009-11-09_20-00-38	289926.91195611499	16	107	557.5	2275.0	226964.27381254267	2648843.2116788318	137	136
108.0	102.0	83.0	120.0	115.0	99.0	4	0.047685012520645748	0.073921939669361447	DLR00012733-2009-11-09_20-00-38	316781.82116877032	16	107	690.5	2272.0	278046.44684252067	3002731.0948905107	137	136
106.0	98.0	78.0	117.0	114.0	98.0	5	0.010442751345303427	0.066635688376852256	DLR00012733-2009-11-09_20-00-38	217590.78285294861	16	107	830.5	2258.0	194518.5294209673	2581002.0437956206	137	136
105.0	97.0	77.0	118.0	117.0	101.0	6	0.0	0.078400394259205197	DLR00012733-2009-11-09_20-00-38	202663.78932668481	16	107	964.5	2260.0	185877.1478310517	2591380.7299270076	137	136
105.0	97.0	77.0	118.0	118.0	102.0	7	0.00042623474878789491	0.0820435199054598	DLR00012733-2009-11-09_20-00-38	191340.00566601887	16	107	1098.5	2261.0	172826.39935131223	2296980.4379562042	137	136
104.0	96.0	75.0	115.0	114.0	97.0	8	0.0	0.065227840691879826	DLR00012733-2009-11-09_20-00-38	144436.70239970245	16	107	1236.5	2257.0	139095.14952312317	2305587.1532846717	137	136
102.0	95.0	74.0	112.0	110.0	93.0	9	0.00015983803079546059	0.050949413867048335	DLR00012733-2009-11-09_20-00-38	91621.491933554236	16	107	1372.5	2254.0	99318.738317464886	2237492.8467153283	137	136
101.0	94.0	73.0	110.0	110.0	92.0	10	0.00063935212318184237	0.049498422703981547	DLR00012733-2009-11-09_20-00-38	58631.347371563905	16	107	1510.5	2254.0	72257.929086616292	1831205.2554744524	137	136
100.0	93.0	72.0	105.0	100.0	82.0	11	0.00031967606159092119	0.012027833271919659	DLR00012733-2009-11-09_20-00-38	26574.225898237604	16	107	1647.5	2250.0	43293.074327394344	1774502.189781022	137	136
101.0	94.0	73.0	107.0	105.0	86.0	12	0.0048484202674623049	0.026863116139949683	DLR00012733-2009-11-09_20-00-38	64038.240470492543	16	107	1782.5	2258.0	74133.095779640207	2083837.6642335767	137	136
100.0	94.0	73.0	110.0	108.0	91.0	13	0.018701049603068891	0.042549390649753605	DLR00012733-2009-11-09_20-00-38	90552.027078220926	16	107	1919.5	2261.0	98616.68100669219	1979544.5255474455	137	136
101.0	94.0	74.0	111.0	108.0	90.0	14	0.0019713357131440142	0.042549390649753605	DLR00012733-2009-11-09_20-00-38	92827.469915010239	16	107	2061.5	2258.0	97166.348120889641	2142565.8394160583	137	136
101.0	95.0	74.0	113.0	112.0	94.0	15	0.0013319835899621717	0.057341559958883508	DLR00012733-2009-11-09_20-00-38	123504.74740132412	16	107	2197.5	2258.0	122568.26406344281	2223570.2189781019	137	136
102.0	96.0	75.0	116.0	112.0	94.0	16	0.033139751718258829	0.058235665159557526	DLR00012733-2009-11-09_20-00-38	184834.40316571592	16	107	2329.5	2264.0	181125.83008221749	2362290.2189781023	137	136
103.0	95.0	75.0	117.0	114.0	96.0	17	0.0096968405349246098	0.066078802414459487	DLR00012733-2009-11-09_20-00-38	186769.26474332772	16	107	2465.5	2264.0	183540.6639922696	2595430.9489051094	137	136
102.0	96.0	76.0	115.0	112.0	95.0	18	0.014225584740795993	0.060368993466466229	DLR00012733-2009-11-09_20-00-38	184327.84845950443	16	107	2598.5	2261.0	170511.39016648717	2328116.4963503648	137	136
102.0	96.0	76.0	114.0	112.0	96.0	19	0.017475624700303692	0.058792551121950296	DLR00012733-2009-11-09_20-00-38	126416.41156183678	16	107	2734.5	2254.0	112172.20480526415	1795512.700729927	137	136
103.0	97.0	78.0	116.0	113.0	97.0	20	0.054877723906441474	0.062714119749401276	DLR00012733-2009-11-09_20-00-38	219711.41267338945	16	107	2866.5	2259.0	198253.48126115117	1814751.2408759126	137	136
102.0	96.0	77.0	115.0	113.0	97.0	21	0.064201609036176679	0.062200377265102871	DLR00012733-2009-11-09_20-00-38	224285.50240843449	16	107	3018.5	2258.0	213683.35144325855	1953977.5182481753	137	136
100.0	94.0	76.0	113.0	110.0	97.0	22	0.06047205498428259	0.053784706309220519	DLR00012733-2009-11-09_20-00-38	186736.99272968434	16	107	3155.5	2258.0	188048.93110092415	1800069.197080292	137	136
97.0	91.0	74.0	107.0	105.0	90.0	23	0.040545580478448508	0.031341570729793433	DLR00012733-2009-11-09_20-00-38	103303.98894060403	16	107	3280.5	2251.0	131181.64915341081	1543892.8467153285	137	136
96.0	92.0	77.0	107.0	105.0	92.0	24	0.057914646491555227	0.03502782489454527	DLR00012733-2009-11-09_20-00-38	132048.51448983132	16	107	3418.5	2256.0	146528.61320705171	1705395.3284671532	137	136
