DLR00012733-2009-11-13_22-11-15	1	1	272.0	217.0	791696.06231561524	74711.181943754127	102	55953.831719532041	0.00032255372041087792	119.0	129.0	123.0	91.0	103.0	101.0	0.017390404223383883	137.0	137
DLR00012733-2009-11-13_22-11-15	1	2	409.0	212.0	740171.41245277156	87074.021744634374	102	101810.77359986701	0.00037395331737761199	113.0	126.0	123.0	87.0	102.0	103.0	0.013715646188085504	137.0	137
DLR00012733-2009-11-13_22-11-15	1	3	552.0	228.0	951719.73448579269	126116.92893769479	102	143564.46362905606	0.00050733812857283248	124.0	137.0	132.0	87.0	104.0	106.0	0.038403809326639407	137.0	137
DLR00012733-2009-11-13_22-11-15	1	4	683.0	212.0	1225939.8662077531	184413.23100551611	102	208492.32085302059	0.00058715004807110411	133.0	146.0	139.0	92.0	109.0	110.0	0.044148853579007295	137.0	137
DLR00012733-2009-11-13_22-11-15	1	5	831.0	224.0	875175.90367993375	100127.39975921458	102	129553.05856368036	0.00040981716082599649	118.0	134.0	132.0	89.0	108.0	110.0	0.024481134516846956	137.0	137
DLR00012733-2009-11-13_22-11-15	1	6	956.0	229.0	1152864.0406811242	166063.37883483202	102	197680.71063657041	0.00056071543556271885	129.0	144.0	138.0	89.0	109.0	110.0	0.046891982816624399	137.0	137
DLR00012733-2009-11-13_22-11-15	1	7	1098.0	217.0	927443.69753118372	123164.69431911873	102	148248.99728088398	0.00049324776670850131	126.0	141.0	137.0	89.0	109.0	111.0	0.036954608974690752	137.0	137
DLR00012733-2009-11-13_22-11-15	1	8	1231.0	212.0	1097128.2415506444	153967.14346788399	102	178319.9192145752	0.00050582386701957091	125.0	141.0	136.0	91.0	110.0	111.0	0.043734796335593393	137.0	137
DLR00012733-2009-11-13_22-11-15	1	9	1368.0	212.0	1235848.4527198384	173769.03334702071	102	201169.02934850653	0.00054359130036290041	129.0	145.0	138.0	90.0	110.0	110.0	0.051394855338750579	137.0	137
DLR00012733-2009-11-13_22-11-15	1	10	1505.0	212.0	2036957.6722219347	370953.82916139084	102	386698.96124766005	0.00079262050881034028	149.0	161.0	147.0	91.0	110.0	109.0	0.052326484136431858	137.0	137
DLR00012733-2009-11-13_22-11-15	1	11	1641.0	212.0	1111000.2626675637	149551.86879901239	102	171620.2665469014	0.00051886536485192631	127.0	143.0	135.0	89.0	109.0	109.0	0.036540551731276849	137.0	137
DLR00012733-2009-11-13_22-11-15	1	12	1775.0	224.0	1432038.4656591273	213891.70012192446	102	234788.91189457267	0.00059843023542764423	135.0	150.0	140.0	89.0	109.0	109.0	0.038559080792919621	137.0	137
DLR00012733-2009-11-13_22-11-15	1	13	1926.0	213.0	1326264.3046426168	171647.70268242966	102	199658.67354888457	0.00050216547614762898	130.0	146.0	137.0	92.0	111.0	110.0	0.02732777806531753	137.0	137
DLR00012733-2009-11-13_22-11-15	1	14	2056.0	217.0	1496444.277987682	239504.45532027693	102	263921.09943603311	0.00066046998292232655	142.0	155.0	144.0	91.0	110.0	109.0	0.030795507478908961	137.0	137
DLR00012733-2009-11-13_22-11-15	1	15	2189.0	212.0	1311649.1395372909	179038.65972487198	102	208979.53386963875	0.00053229748791690885	130.0	145.0	138.0	91.0	110.0	110.0	0.036540551731276849	137.0	137
DLR00012733-2009-11-13_22-11-15	1	16	2321.0	222.0	1330475.4539102532	208772.82227328888	102	236064.91600471298	0.00065523671512263322	138.0	152.0	142.0	90.0	109.0	109.0	0.039749495367734589	137.0	137
DLR00012733-2009-11-13_22-11-15	1	17	2463.0	212.0	1190516.6694270482	162020.5968027924	102	193546.68536424486	0.00051723272718176615	127.0	143.0	136.0	91.0	110.0	110.0	0.036385280264996635	137.0	137
DLR00012733-2009-11-13_22-11-15	1	18	2600.0	212.0	1407266.999378914	203768.99547180472	102	228961.24959358084	0.00056830932029851018	132.0	146.0	138.0	92.0	110.0	110.0	0.037316909062677914	137.0	137
DLR00012733-2009-11-13_22-11-15	1	19	2737.0	212.0	1191259.8134154549	160594.80566214217	102	187220.68100015537	0.00052242064650491569	128.0	143.0	136.0	91.0	109.0	110.0	0.031675379121163499	137.0	137
DLR00012733-2009-11-13_22-11-15	1	20	2874.0	212.0	1182342.0855545779	172728.68790699242	102	202079.81134939325	0.00058009532100346424	133.0	147.0	139.0	91.0	109.0	109.0	0.03058847885720201	137.0	137
DLR00012733-2009-11-13_22-11-15	1	21	3013.0	217.0	1084494.7937477357	135623.38670420885	102	166047.21642747844	0.00046274916900504139	122.0	136.0	131.0	88.0	106.0	107.0	0.021168676569535739	137.0	137
DLR00012733-2009-11-13_22-11-15	1	22	3144.0	225.0	1026034.1333264323	137949.23524196743	102	163834.71544213308	0.00048959159201167042	120.0	133.0	128.0	85.0	102.0	103.0	0.018063247243931473	137.0	137
DLR00012733-2009-11-13_22-11-15	1	23	3285.0	217.0	877405.33564515295	102871.99004434318	102	129616.35946234876	0.00043253081679156085	112.0	125.0	122.0	85.0	100.0	100.0	0.020185290616427719	137.0	137
DLR00012733-2009-11-13_22-11-15	1	24	3422.0	212.0	841982.13886444806	89850.869035972573	102	84687.277407185262	0.0003700093924018097	119.0	129.0	123.0	86.0	99.0	99.0	0.0053309870089539883	137.0	137
DLR00012733-2009-11-13_22-11-15	2	1	272.0	349.0	1148157.4620878838	166424.80929283253	102	189093.77556229295	0.00049299086382731882	112.0	125.0	121.0	81.0	97.0	97.0	0.02846643548470576	137.0	137
DLR00012733-2009-11-13_22-11-15	2	2	411.0	352.0	4157890.6151337922	1365396.6796154636	102	1371445.8933636218	0.001360739927486633	179.0	181.0	151.0	80.0	97.0	97.0	0.021323948035815953	137.0	137
DLR00012733-2009-11-13_22-11-15	2	3	546.0	349.0	1520224.8856166867	255320.84636135551	102	288165.11556199763	0.00066425659955593778	129.0	141.0	133.0	83.0	101.0	102.0	0.085244034987837072	137.0	137
DLR00012733-2009-11-13_22-11-15	2	4	694.0	349.0	1468452.5210910409	251051.70634749939	102	287717.07957277738	0.00065107858374076409	130.5	143.0	137.0	84.0	103.0	106.0	0.081103462553698047	137.0	137
DLR00012733-2009-11-13_22-11-15	2	5	820.0	362.0	2069656.0077118163	402487.4694552857	102	430518.37399089488	0.00086626287770156303	147.0	159.0	147.0	84.0	104.0	106.0	0.092334765281300135	137.0	137
DLR00012733-2009-11-13_22-11-15	2	6	958.0	358.0	1734002.6396149269	294724.93261126342	102	327592.50312667899	0.00070279209294981542	135.0	149.0	140.0	84.0	105.0	107.0	0.091661922260752551	137.0	137
DLR00012733-2009-11-13_22-11-15	2	7	1096.0	350.0	1356485.493504477	210048.51937102526	102	244200.84312752596	0.00056776072096839376	125.0	141.0	134.0	84.0	105.0	107.0	0.070079188447802906	137.0	137
DLR00012733-2009-11-13_22-11-15	2	8	1231.0	349.0	50533.791211635005	3155.915670458206	102	29528.697368939673	0.00021659963762252389	97.0	117.5	118.0	83.0	104.0	107.0	0.00036230008798716424	137.0	137
DLR00012733-2009-11-13_22-11-15	2	9	1368.0	350.0	1368375.7973189792	217663.34703441476	102	245473.15484199807	0.00060054279127878482	128.0	143.0	135.0	83.0	104.0	106.0	0.071994203198592205	137.0	137
DLR00012733-2009-11-13_22-11-15	2	10	1505.0	349.0	2111767.5003881785	418373.23018857319	102	440403.51500334346	0.00086946923233065297	147.0	160.0	145.0	83.0	104.0	104.0	0.042803167537912114	137.0	137
DLR00012733-2009-11-13_22-11-15	2	11	1644.0	353.0	1588594.1325500752	249469.96421113689	102	270073.24903410359	0.00061787126386586067	127.0	142.0	133.0	82.0	103.0	103.0	0.071269603022617881	137.0	137
DLR00012733-2009-11-13_22-11-15	2	12	1778.0	349.0	1172928.9283680967	165225.32114328531	102	188286.7297917268	0.00054882204135344391	123.0	139.0	131.0	83.0	104.0	103.0	0.064023601262874597	137.0	137
DLR00012733-2009-11-13_22-11-15	2	13	1918.0	353.0	3242089.5067543089	863078.04398943193	102	873359.32411702967	0.0011236843993509809	171.0	178.0	150.0	84.0	104.0	103.0	0.034936079913047979	137.0	137
DLR00012733-2009-11-13_22-11-15	2	14	2052.0	349.0	1018107.2641167641	128248.58811603562	102	151996.16165211354	0.00045701105898385394	115.5	132.0	126.0	83.0	103.0	103.0	0.056725842347704572	137.0	137
DLR00012733-2009-11-13_22-11-15	2	15	2188.0	353.0	2718172.9949277989	676255.42353276082	102	693163.34325219551	0.0011072374706405084	168.0	175.0	150.0	83.0	104.0	104.0	0.039231923813467212	137.0	137
DLR00012733-2009-11-13_22-11-15	2	16	2326.0	349.0	751566.28694166965	88479.886829712807	102	118845.73730835193	0.00041680551117873142	113.0	130.0	126.0	83.0	104.0	105.0	0.031416593344029811	137.0	137
DLR00012733-2009-11-13_22-11-15	2	17	2463.0	349.0	495181.61094146268	46111.808847214859	102	73525.460161145325	0.00029156721207851215	104.0	122.0	120.0	83.0	104.0	105.0	0.021427462346669427	137.0	137
DLR00012733-2009-11-13_22-11-15	2	18	2594.0	349.0	3582944.8827700433	1033060.7555354604	102	1043953.7091405541	0.0012327604537496644	180.0	184.0	153.0	84.0	104.0	103.0	0.041975053051084316	137.0	137
DLR00012733-2009-11-13_22-11-15	2	19	2737.0	349.0	1284152.8119662544	198542.84957583749	102	226878.50915534451	0.00057923609853688266	125.0	140.0	132.0	83.0	103.0	104.0	0.056829356658558046	137.0	137
DLR00012733-2009-11-13_22-11-15	2	20	2874.0	349.0	3166288.8199368566	845038.41628424916	102	860526.36868516973	0.001177861065980162	174.0	178.0	151.0	83.0	103.0	104.0	0.036695823197557063	137.0	137
DLR00012733-2009-11-13_22-11-15	2	21	3011.0	349.0	953949.1664510119	154920.2770125606	102	182280.29541006195	0.00045489896053547599	113.0	128.0	125.0	81.0	101.0	103.0	0.023808291496299365	137.0	137
DLR00012733-2009-11-13_22-11-15	2	22	3148.0	349.0	1372091.5172610113	215780.77814288958	102	252025.26492340045	0.00056786127499318297	117.0	131.0	125.0	80.0	98.0	100.0	0.073339889239687386	137.0	137
DLR00012733-2009-11-13_22-11-15	2	23	3279.0	350.0	1899476.0343667513	363019.87459903397	102	392891.44898266968	0.00078777330056758663	129.0	140.0	130.0	77.0	95.0	97.0	0.099425495574763212	137.0	137
DLR00012733-2009-11-13_22-11-15	2	24	3418.0	347.0	1104064.2521091041	168808.15774030364	102	200388.07950603537	0.00058225439558979859	115.0	128.0	122.0	79.0	95.0	95.0	0.043683039180166659	137.0	137
DLR00012733-2009-11-13_22-11-15	3	1	272.0	486.0	802347.7928161067	103997.0542536377	102	131405.9767268016	0.00044926820515846244	109.0	122.0	119.0	80.0	97.0	99.0	0.038196780704932459	137.0	137
DLR00012733-2009-11-13_22-11-15	3	2	409.0	486.0	808292.94472335791	117210.42513627525	102	147447.31531042908	0.00051483083971943979	117.0	129.0	123.0	80.0	98.0	100.0	0.05853734278764039	137.0	137
DLR00012733-2009-11-13_22-11-15	3	3	561.0	486.0	1185066.9468454013	194362.20455481825	102	220409.95787801241	0.00062572870067266982	126.0	140.0	132.0	81.0	100.0	103.0	0.072667046219139803	137.0	137
DLR00012733-2009-11-13_22-11-15	3	4	691.0	490.0	1127101.7157497024	160514.68560320616	102	193569.77104254646	0.00050408051929422281	119.0	134.0	129.0	83.0	103.0	105.0	0.06247088660007246	137.0	137
DLR00012733-2009-11-13_22-11-15	3	5	820.0	486.0	703014.21303245169	87182.753774604993	102	125413.24987592782	0.00041650925312857845	113.0	129.0	126.0	84.0	104.0	106.0	0.041302210030536725	137.0	137
DLR00012733-2009-11-13_22-11-15	3	6	953.0	491.0	1699322.5868226285	278655.97570151597	102	310140.83858818549	0.00066769068114362552	133.0	147.0	137.0	84.0	104.0	106.0	0.072304746131152633	137.0	137
DLR00012733-2009-11-13_22-11-15	3	7	1094.0	486.0	1478608.8222659281	244299.02747035568	102	276306.15806782147	0.00065988007767932223	132.0	147.0	137.0	84.0	105.0	106.0	0.077842761761813567	137.0	137
DLR00012733-2009-11-13_22-11-15	3	8	1231.0	486.0	92645.283887997517	7613.6718857708711	102	34905.335724719407	0.00025099135200802185	100.0	119.0	119.0	83.0	104.0	106.0	0.0032089436364577404	137.0	137
DLR00012733-2009-11-13_22-11-15	3	9	1368.0	486.0	902919.94591377256	113143.1614381816	102	144009.11341246217	0.00043960749421416065	115.0	132.0	126.0	84.0	104.0	105.0	0.04823766885771958	137.0	137
DLR00012733-2009-11-13_22-11-15	3	10	1504.0	488.0	3311697.3270017081	927442.56510419515	102	936623.18490991823	0.0011905694140167504	176.0	181.0	150.0	83.0	103.0	102.0	0.045028725221261841	137.0	137
DLR00012733-2009-11-13_22-11-15	3	11	1642.0	486.0	1741434.0794989907	312282.15899503912	102	326664.21871912834	0.00076392155354821549	139.0	153.0	139.0	83.0	103.0	101.0	0.059831271673308838	137.0	137
DLR00012733-2009-11-13_22-11-15	3	12	1778.0	487.0	3626790.3780860207	1056602.6698648883	102	1060796.2248913648	0.0012264673637164506	180.0	184.0	150.0	82.0	103.0	101.0	0.028621706950985974	137.0	137
DLR00012733-2009-11-13_22-11-15	3	13	1920.0	491.0	1365403.221365354	211975.47674350673	102	232186.59009357254	0.00060287149864859068	127.5	142.5	132.0	83.0	103.0	102.0	0.076445318565291645	137.0	137
DLR00012733-2009-11-13_22-11-15	3	14	2052.0	486.0	202878.30883494642	21461.153613346163	102	41551.063262533557	0.00035371772534701349	107.0	126.0	121.0	82.0	103.0	104.0	0.0045546296775529219	137.0	137
DLR00012733-2009-11-13_22-11-15	3	15	2199.0	492.0	114691.8888773873	9002.0057408592038	102	36031.367777198473	0.00024122593607372298	98.0	118.0	116.0	82.0	103.0	104.0	0.0026396149267636252	137.0	137
DLR00012733-2009-11-13_22-11-15	3	16	2326.0	486.0	1250711.3324879664	192881.32542008959	102	226466.64369129846	0.00057777215010126556	125.0	140.0	132.0	83.0	104.0	105.0	0.069923916981522699	137.0	137
DLR00012733-2009-11-13_22-11-15	3	17	2463.0	486.0	1545739.4958853063	260538.90097528163	102	287004.3956120779	0.00069409339650508247	134.0	148.0	137.0	83.0	104.0	104.0	0.085295792143263813	137.0	137
DLR00012733-2009-11-13_22-11-15	3	18	2602.0	489.0	1303474.5556648208	198658.64150742433	102	227364.94184059079	0.0005956840117252993	126.0	141.0	132.0	83.0	103.0	103.0	0.060711143315563376	137.0	137
DLR00012733-2009-11-13_22-11-15	3	19	2737.0	486.0	2731797.3013819163	686261.97489027411	102	702298.39948720159	0.0011196541020038059	169.0	175.0	151.0	83.0	103.0	103.0	0.035712437244449044	137.0	137
DLR00012733-2009-11-13_22-11-15	3	20	2874.0	486.0	1422129.8791470421	209671.59861544319	102	239975.96326692731	0.00057375593473163922	123.0	138.0	131.0	82.0	102.0	104.0	0.06790538791987992	137.0	137
DLR00012733-2009-11-13_22-11-15	3	21	3011.0	486.0	456785.83820713218	54263.711696056205	102	79117.993526191116	0.0003822335909177171	107.0	123.0	119.0	80.0	100.0	103.0	0.013146317478391388	137.0	137
DLR00012733-2009-11-13_22-11-15	3	22	3142.0	486.0	3931727.1279954454	1263564.8341245716	102	1271915.0937055731	0.001369984898765399	178.0	182.0	153.0	79.0	97.0	98.0	0.023653020030019151	137.0	137
DLR00012733-2009-11-13_22-11-15	3	23	3285.0	486.0	2723127.2881838423	663624.46312729409	102	679280.12638047757	0.0011417263995101166	155.0	162.0	141.0	76.0	94.0	95.0	0.050256197919362353	137.0	137
DLR00012733-2009-11-13_22-11-15	3	24	3422.0	486.0	1209095.2691372081	242844.55795445768	102	270348.57890892663	0.00076790010302950178	124.0	136.0	127.0	77.0	93.0	94.0	0.072718803374566529	137.0	137
DLR00012733-2009-11-13_22-11-15	4	1	272.0	623.0	596744.62269033701	77582.618994525939	102	106817.94240374537	0.0003989232575981901	105.0	120.0	118.0	80.0	98.0	100.0	0.019150147507892967	137.0	137
DLR00012733-2009-11-13_22-11-15	4	2	411.0	617.0	1105302.8254231149	172821.47517942922	102	202207.90794986667	0.00058823739081495128	121.0	134.0	128.0	80.0	98.0	101.0	0.069199316805548361	137.0	137
DLR00012733-2009-11-13_22-11-15	4	3	546.0	623.0	889295.63945965539	130594.02993963292	102	159489.62536496922	0.00055029139597314485	121.0	134.0	129.0	81.0	100.0	103.0	0.052999327156979449	137.0	137
DLR00012733-2009-11-13_22-11-15	4	4	692.0	620.0	1540537.4879664613	264196.95857595757	102	293050.18820681202	0.00070698653948696839	134.0	147.0	139.0	83.0	103.0	106.0	0.074840846747062775	137.0	137
DLR00012733-2009-11-13_22-11-15	4	5	821.0	623.0	1213306.4184048444	182290.0684524377	102	219388.04984570961	0.00057902802247255451	125.0	140.0	133.0	84.0	104.0	106.0	0.074219760881941932	137.0	137
DLR00012733-2009-11-13_22-11-15	4	6	957.0	623.0	1002501.2403602299	132544.23998269322	102	170879.23423658474	0.00047087352835420952	117.0	133.0	129.0	84.0	104.0	107.0	0.059727757362455357	137.0	137
DLR00012733-2009-11-13_22-11-15	4	7	1094.0	623.0	1316355.7181305315	216517.13661450619	102	250018.37541680704	0.00063581333286751235	130.0	145.0	136.0	84.0	104.0	106.0	0.072718803374566529	137.0	137
DLR00012733-2009-11-13_22-11-15	4	8	1231.0	623.0	1153854.8993323329	320223.85343707947	102	339365.94217892794	0.0012576217168932034	181.0	186.0	157.0	83.0	104.0	104.0	0.015682418094301539	137.0	137
DLR00012733-2009-11-13_22-11-15	4	9	1371.0	620.0	1341127.1844107448	213369.98808209499	102	240949.32957348129	0.00061392211067014648	129.0	143.0	134.0	84.0	104.0	104.0	0.073339889239687386	137.0	137
DLR00012733-2009-11-13_22-11-15	4	10	1499.0	633.0	1193489.245380674	177159.10785931538	102	197089.20901561473	0.0005742366956919808	126.0	140.0	131.0	83.0	103.0	102.0	0.069044045339268154	137.0	137
DLR00012733-2009-11-13_22-11-15	4	11	1640.0	618.0	3185362.84897262	931231.4248189833	102	937342.19394618366	0.0012392961867784969	180.0	184.0	151.0	83.0	102.0	101.0	0.046529682728637237	137.0	137
DLR00012733-2009-11-13_22-11-15	4	12	1773.0	629.0	1264831.0682676882	189530.98365601135	102	203304.19751729755	0.00059468886658061121	127.0	141.0	131.0	82.0	102.0	101.0	0.068940531028414673	137.0	137
DLR00012733-2009-11-13_22-11-15	4	13	1915.0	623.0	2788771.6738264062	756780.3548052751	102	767644.07545145985	0.0011668023693148695	174.0	179.0	150.0	83.0	103.0	102.0	0.046788468505770925	137.0	137
DLR00012733-2009-11-13_22-11-15	4	14	2052.0	623.0	1364164.6480513432	219008.80202584877	102	244345.38006973226	0.00061789556090707473	128.0	143.0	133.0	83.0	103.0	103.0	0.076393561409864918	137.0	137
DLR00012733-2009-11-13_22-11-15	4	15	2189.0	623.0	219227.47657988718	25653.718484593071	102	56566.849121721614	0.00040234242912610138	111.0	128.0	124.0	83.0	103.0	104.0	0.00848817348998499	137.0	137
DLR00012733-2009-11-13_22-11-15	4	16	2326.0	623.0	1290345.6785363078	172193.89043615491	102	206822.2356583552	0.00049755849440424134	118.0	134.0	127.0	83.0	104.0	104.0	0.064023601262874597	137.0	137
DLR00012733-2009-11-13_22-11-15	4	17	2464.0	625.0	9413.1571864810321	620.30433475347036	102	24595.730403276521	0.00022463569478956913	98.5	116.0	116.5	82.0	103.0	105.0	0.00015527146628021324	137.0	137
DLR00012733-2009-11-13_22-11-15	4	18	2600.0	623.0	1515270.5923606439	223797.81503063231	102	254831.28397338858	0.00055259522964059193	123.0	138.0	131.0	83.0	103.0	105.0	0.073288132084260646	137.0	137
DLR00012733-2009-11-13_22-11-15	4	19	2737.0	623.0	1350292.6269344238	193130.97194656069	102	222073.46188400267	0.00052102404861331859	120.0	135.0	129.0	82.0	103.0	105.0	0.060090057450442526	137.0	137
DLR00012733-2009-11-13_22-11-15	4	20	2874.0	623.0	1629219.3372496248	271395.38536252227	102	298161.5115886553	0.00067302480612864109	130.0	145.0	135.0	81.0	102.0	104.0	0.067439573521039284	137.0	137
DLR00012733-2009-11-13_22-11-15	4	21	3008.0	618.0	964353.18228870141	114001.48666900749	102	143401.95614058472	0.00041715330879526743	109.0	126.0	123.0	80.0	101.0	103.0	0.047202525749184827	137.0	137
DLR00012733-2009-11-13_22-11-15	4	22	3148.0	623.0	1692138.8616013667	270649.43543964881	102	298957.74319916544	0.0006234249958117444	122.0	136.0	128.0	79.0	98.0	100.0	0.071062574400910933	137.0	137
DLR00012733-2009-11-13_22-11-15	4	23	3282.0	626.0	2966383.0870555351	775976.05779898434	102	791123.93487938237	0.0012188252711313277	161.0	166.0	145.0	76.0	94.0	96.0	0.044459396511567724	137.0	137
DLR00012733-2009-11-13_22-11-15	4	24	3415.0	626.0	1094403.380259821	170207.74407520925	102	199921.92804094101	0.00054129447540039711	109.0	122.0	118.0	75.0	93.0	94.0	0.066145644635370843	137.0	137
DLR00012733-2009-11-13_22-11-15	5	1	272.0	760.0	1549950.6451529425	263393.95267873578	102	284681.26621860347	0.00066964470015316662	125.0	138.0	130.0	81.0	99.0	100.0	0.079498990735469177	137.0	137
DLR00012733-2009-11-13_22-11-15	5	2	409.0	765.0	3679305.8866000725	1167655.7120371577	102	1179417.8135912716	0.0013689266867029234	181.0	184.0	155.0	81.0	99.0	100.0	0.049169297655400859	137.0	137
DLR00012733-2009-11-13_22-11-15	5	3	556.0	762.0	700289.35174162837	92268.191475093481	102	118079.01367110685	0.00045712139694800767	114.0	129.0	126.0	81.0	101.0	104.0	0.041457481496816932	137.0	137
DLR00012733-2009-11-13_22-11-15	5	4	692.0	765.0	2216550.8027534806	438998.19836162013	102	462513.42710649595	0.00089778681486040357	149.0	160.0	148.0	83.0	103.0	106.0	0.061539257802391181	137.0	137
DLR00012733-2009-11-13_22-11-15	5	5	825.0	769.0	514503.35464002902	63552.220658529834	102	98254.566267767164	0.00042536841953838734	112.0	130.0	127.0	83.0	104.0	107.0	0.035764194399875784	137.0	137
DLR00012733-2009-11-13_22-11-15	5	6	956.0	766.0	946517.72656694788	131425.33576882762	102	168437.9865700152	0.00050403608846276741	119.0	136.0	131.0	83.0	104.0	107.0	0.05144661249417732	137.0	137
DLR00012733-2009-11-13_22-11-15	5	7	1096.0	769.0	1895512.599761917	350952.91887388425	102	376783.64709938987	0.00075706127890586472	139.0	152.0	141.0	83.0	104.0	105.0	0.072356503286579374	137.0	137
DLR00012733-2009-11-13_22-11-15	5	8	1231.0	760.0	1788499.8654313958	319207.64416469453	102	342755.18726993428	0.00071312851925601529	136.5	150.0	139.0	83.0	104.0	104.0	0.074012732260234984	137.0	137
DLR00012733-2009-11-13_22-11-15	5	9	1371.0	761.0	1752333.5246622844	301125.27508602181	102	325563.01001316973	0.00069308778551566543	135.0	148.0	137.0	83.0	104.0	104.0	0.077066404430412502	137.0	137
DLR00012733-2009-11-13_22-11-15	5	10	1508.0	768.0	1126606.2864240981	166724.34247286359	102	192183.91411295903	0.0005792305886773919	126.0	141.0	132.0	83.0	103.0	103.0	0.065731587391956933	137.0	137
DLR00012733-2009-11-13_22-11-15	5	11	1647.0	768.0	1264831.0682676882	201681.80490370118	102	223413.82641341732	0.00062816388337768908	129.0	143.0	133.0	83.0	103.0	102.0	0.072718803374566529	137.0	137
DLR00012733-2009-11-13_22-11-15	5	12	1779.0	760.0	642571.83530873142	165458.30326335962	102	179903.70755549023	0.0011677570197161278	172.0	178.0	154.0	82.0	102.0	103.0	0.014699032141193519	137.0	137
DLR00012733-2009-11-13_22-11-15	5	13	1915.0	760.0	1246500.1832203304	193215.36706911767	102	215479.65208739811	0.00057896185519071503	125.0	140.0	131.0	82.0	103.0	103.0	0.062833186688059622	137.0	137
DLR00012733-2009-11-13_22-11-15	5	14	2061.0	770.0	982188.63801045495	147147.09275124481	102	176754.00176349599	0.0005356916606636125	121.0	136.0	129.0	83.0	103.0	103.0	0.062936700998913103	137.0	137
DLR00012733-2009-11-13_22-11-15	5	15	2189.0	760.0	1486783.4061383987	252625.7874660602	102	283252.0048487563	0.00066465093359233324	131.0	145.0	135.0	83.0	103.0	104.0	0.07282231768542001	137.0	137
DLR00012733-2009-11-13_22-11-15	5	16	2326.0	760.0	1280189.3773614201	194189.78451318212	102	223994.16959073054	0.00055914246594997413	123.0	138.0	130.0	83.0	103.0	104.0	0.067387816365612543	137.0	137
DLR00012733-2009-11-13_22-11-15	5	17	2458.0	758.0	1498425.9952900987	265089.84683904244	102	293879.68360809376	0.00067172339208983038	132.0	145.0	136.0	83.0	103.0	104.0	0.063195486776046791	137.0	137
DLR00012733-2009-11-13_22-11-15	5	18	2593.0	763.0	1196214.1066714972	174662.5533271482	102	207555.21979935325	0.00051339246462526675	119.0	135.0	128.0	82.0	103.0	105.0	0.057657471145385851	137.0	137
DLR00012733-2009-11-13_22-11-15	5	19	2740.0	760.0	372067.42352880293	44791.288796769302	102	71601.505880334851	0.00042224956481380172	110.0	128.5	126.0	81.0	102.0	105.0	0.019150147507892967	137.0	137
DLR00012733-2009-11-13_22-11-15	5	20	2874.0	760.0	504099.33880233939	49437.357875604277	102	79569.370186672633	0.00032675203051357613	103.0	122.0	120.0	81.0	102.0	104.0	0.017907975777651259	137.0	137
DLR00012733-2009-11-13_22-11-15	5	21	3011.0	760.0	2268075.4526163246	426509.52275974856	102	450108.92553247127	0.0008096913074144167	138.0	151.0	140.0	80.0	101.0	104.0	0.04761658299259873	137.0	137
DLR00012733-2009-11-13_22-11-15	5	22	3145.0	759.0	1386706.6823663372	216512.60098396125	102	243562.82676994018	0.0005818573082932043	118.0	133.0	127.0	78.0	98.0	102.0	0.069665131204389011	137.0	137
DLR00012733-2009-11-13_22-11-15	5	23	3288.0	763.0	1335429.7471662955	206831.68187936221	102	236402.54851029158	0.00056033283250503667	113.0	127.0	122.0	76.0	95.0	98.0	0.071580145955178309	137.0	137
DLR00012733-2009-11-13_22-11-15	5	24	3411.0	761.0	1206865.837171989	188404.56783941211	102	218503.29339222348	0.00057629936303494559	111.0	125.0	120.0	75.0	93.0	95.0	0.074685575280782568	137.0	137
DLR00012733-2009-11-13_22-11-15	6	1	272.0	897.0	1076567.9245380673	152272.23478874183	102	178767.1568697234	0.00049626512724226758	113.0	127.0	124.0	81.0	99.0	101.0	0.062936700998913103	137.0	137
DLR00012733-2009-11-13_22-11-15	6	2	411.0	898.0	3194528.2914962992	859144.95426373382	102	874084.70178177441	0.0012095395735178477	169.0	174.0	150.0	80.0	99.0	100.0	0.039076652347186998	137.0	137
DLR00012733-2009-11-13_22-11-15	6	3	557.0	903.0	1223215.0049169296	200203.03645104924	102	230002.59396338012	0.00062396026186704412	127.0	140.0	133.0	81.0	101.0	104.0	0.074530303814502361	137.0	137
DLR00012733-2009-11-13_22-11-15	6	4	683.0	897.0	35175.482117902793	2150.9810170695764	102	27167.299785043986	0.00019062989368491843	94.0	114.0	115.0	82.0	102.0	106.0	0.00015527146628021324	137.0	137
DLR00012733-2009-11-13_22-11-15	6	5	823.0	895.0	174391.12261270121	19895.025281083086	102	49960.561784922364	0.00038858806478680411	109.0	127.0	126.0	82.0	103.0	106.0	0.0087469592671186799	137.0	137
DLR00012733-2009-11-13_22-11-15	6	6	956.0	895.0	1328989.1659334402	208514.08225137173	102	242546.25701429468	0.00060086818053104677	126.0	141.0	134.0	83.0	104.0	106.0	0.074633818125355827	137.0	137
DLR00012733-2009-11-13_22-11-15	6	7	1096.0	893.0	1480342.8249055431	267812.5545748485	102	298385.8113792105	0.00075895842401300679	138.0	152.0	141.0	83.0	104.0	105.0	0.077169918741265983	137.0	137
DLR00012733-2009-11-13_22-11-15	6	8	1237.0	896.0	1189525.8107758395	185029.52699558504	102	215964.28456235374	0.00059396570698132245	126.0	141.0	133.0	83.0	103.0	104.0	0.067646602142746232	137.0	137
DLR00012733-2009-11-13_22-11-15	6	9	1373.0	897.0	692857.91185756435	85044.631217472866	102	115556.66526002035	0.0004336674250435598	114.0	131.0	126.0	83.0	103.0	104.0	0.036126494487862947	137.0	137
DLR00012733-2009-11-13_22-11-15	6	10	1505.0	897.0	1585869.2712592517	263521.39671534603	102	289648.92933268583	0.00067380065255046029	132.5	146.0	136.0	83.0	103.0	103.0	0.081672791263392164	137.0	137
DLR00012733-2009-11-13_22-11-15	6	11	1642.0	897.0	1170699.4964028776	233375.59180179134	102	257009.37339483228	0.00079059701450339564	141.0	153.0	140.0	83.0	103.0	103.0	0.055742456394596553	137.0	137
DLR00012733-2009-11-13_22-11-15	6	12	1779.0	897.0	1230646.4448009939	179632.70273616433	102	206389.91262457674	0.00055439815910314418	123.0	138.0	130.0	83.0	103.0	102.0	0.073805703638528022	137.0	137
DLR00012733-2009-11-13_22-11-15	6	13	1907.0	891.0	1174167.5016821073	221316.55734664077	102	246295.34981400578	0.00069020084142118378	132.0	146.0	136.0	82.0	102.0	103.0	0.048548211790280009	137.0	137
DLR00012733-2009-11-13_22-11-15	6	14	2049.0	899.0	436968.6651829615	65689.526679190327	102	96292.446306368918	0.00056540211437025687	123.0	138.0	131.0	82.0	102.0	103.0	0.022359091144350706	137.0	137
DLR00012733-2009-11-13_22-11-15	6	15	2189.0	899.0	1773884.7003260702	347264.75839853368	102	370804.14700632601	0.00084630898341994676	144.0	156.0	142.0	82.0	102.0	102.0	0.075151389679623204	137.0	137
DLR00012733-2009-11-13_22-11-15	6	16	2326.0	897.0	2019865.3604885873	385462.55868761777	102	404806.45278132102	0.00084416015055748038	144.0	156.0	141.0	82.0	102.0	102.0	0.081724548418818904	137.0	137
DLR00012733-2009-11-13_22-11-15	6	17	2463.0	897.0	1170699.4964028776	157575.00885133285	102	184245.14303359383	0.00047496417083487199	116.0	132.0	125.0	82.0	102.0	102.0	0.05149836964960406	137.0	137
DLR00012733-2009-11-13_22-11-15	6	18	2600.0	897.0	1759764.9645463487	302630.17592055647	102	324370.10191747348	0.00072671205958846027	134.0	148.0	136.0	81.0	102.0	103.0	0.072460017597432841	137.0	137
DLR00012733-2009-11-13_22-11-15	6	19	2737.0	897.0	261586.68391905181	32964.608351053219	102	52029.281175081196	0.00034689536042988153	106.0	123.0	118.0	80.0	101.0	103.0	0.0078670876248641379	137.0	137
DLR00012733-2009-11-13_22-11-15	6	20	2870.0	893.0	3774428.317116091	1158031.7049111577	102	1168021.3626480296	0.0013151318766607143	181.0	185.0	154.0	82.0	101.0	102.0	0.03007090730293463	137.0	137
DLR00012733-2009-11-13_22-11-15	6	21	3011.0	897.0	1413707.5806117696	214806.39626379515	102	243630.0186725785	0.00059340547843658546	122.0	137.0	130.0	80.0	100.0	103.0	0.058951400031054292	137.0	137
DLR00012733-2009-11-13_22-11-15	6	22	3143.0	893.0	1077311.0685264736	134344.02835506925	102	168664.51325169075	0.00042621856177004814	106.0	123.0	121.0	78.0	98.0	102.0	0.043527767713886445	137.0	137
DLR00012733-2009-11-13_22-11-15	6	23	3289.0	905.0	376278.57279643905	74994.037646005643	102	101697.60249347385	0.00072634281797975429	124.0	138.0	129.0	74.0	95.0	98.0	0.020030019150147509	137.0	137
DLR00012733-2009-11-13_22-11-15	6	24	3415.0	898.0	960389.74768386735	133396.36456545786	102	167767.33862151264	0.00048246588258863874	104.0	119.0	116.0	74.0	93.0	95.0	0.064541172817141973	137.0	137
DLR00012733-2009-11-13_22-11-15	7	1	272.0	1034.0	1036438.1491641219	146395.55328798227	102	173000.9521284998	0.00050785061291422264	113.0	128.0	125.0	80.0	99.0	102.0	0.056363542259717403	137.0	137
DLR00012733-2009-11-13_22-11-15	7	2	409.0	1034.0	1005473.8163138554	140917.39734521564	102	172054.67717336203	0.00050066092795467859	114.0	129.0	126.0	80.0	99.0	102.0	0.066093887479944102	137.0	137
DLR00012733-2009-11-13_22-11-15	7	3	554.0	1037.0	1763232.9698255784	310401.61371671624	102	337157.67059453338	0.00071963298399108013	133.0	146.0	137.0	81.0	101.0	104.0	0.085037006366130111	137.0	137
DLR00012733-2009-11-13_22-11-15	7	4	685.0	1037.0	1404294.4234252884	224581.94354968326	102	261063.97230885876	0.00063234139610276465	127.0	142.0	135.0	83.0	103.0	105.0	0.083329020237047774	137.0	137
DLR00012733-2009-11-13_22-11-15	7	5	826.0	1034.0	2947804.4873453756	730159.66513981181	102	749096.56052173674	0.0010998175995055031	166.0	174.0	151.0	83.0	104.0	105.0	0.052222969825578384	137.0	137
DLR00012733-2009-11-13_22-11-15	7	6	957.0	1034.0	866010.46115625487	118037.6463590522	102	151537.0779478185	0.00048177014739822933	117.0	133.0	128.0	83.0	103.0	105.0	0.049014026189120645	137.0	137
DLR00012733-2009-11-13_22-11-15	7	7	1101.0	1035.0	352993.39449303865	31394.315768983277	102	62778.148209175823	0.00029515804035481282	102.0	121.0	120.0	82.0	103.0	105.0	0.019512447595880129	137.0	137
DLR00012733-2009-11-13_22-11-15	7	8	1231.0	1034.0	1849933.1018063247	329274.18657365796	102	355968.99570297252	0.0007364208122829397	136.0	150.0	138.0	83.0	103.0	103.0	0.090523264841364318	137.0	137
DLR00012733-2009-11-13_22-11-15	7	9	1378.0	1041.0	1415937.0125769889	251783.04481347091	102	276400.64700054238	0.00073286105317309344	136.5	150.0	138.0	83.0	103.0	103.0	0.077376947362972931	137.0	137
DLR00012733-2009-11-13_22-11-15	7	10	1505.0	1034.0	740419.12711557362	100451.53627495265	102	130236.90199437038	0.00047394457065201979	116.0	133.0	127.0	83.0	103.0	103.0	0.045287510998395529	137.0	137
DLR00012733-2009-11-13_22-11-15	7	11	1641.0	1046.0	60442.377723720303	4826.4270957943636	102	35604.017959372977	0.00026591252929499074	100.0	118.0	116.0	83.0	103.0	103.0	0.00056932870969411524	137.0	137
DLR00012733-2009-11-13_22-11-15	7	12	1777.0	1028.0	1265574.2122560942	259936.33456290243	102	286019.14622492902	0.00084621985950320488	145.0	156.0	143.0	83.0	102.0	102.0	0.071735417421458517	137.0	137
DLR00012733-2009-11-13_22-11-15	7	13	1925.0	1026.0	853129.29869054398	121789.02548424284	102	152274.58263129639	0.00052420214080187632	120.0	135.0	128.0	82.0	102.0	103.0	0.051291341027897105	137.0	137
DLR00012733-2009-11-13_22-11-15	7	14	2063.0	1041.0	1178130.9362869416	203532.14551538974	102	232276.53762783034	0.00061864526606745238	126.0	141.0	132.0	82.0	102.0	102.0	0.065835101702810414	137.0	137
DLR00012733-2009-11-13_22-11-15	7	15	2189.0	1034.0	1492728.5580456499	234933.4792957665	102	259930.26820783486	0.00060692216741202833	125.0	140.0	130.0	82.0	102.0	102.0	0.081155219709124787	137.0	137
DLR00012733-2009-11-13_22-11-15	7	16	2323.0	1034.0	2330747.2623052634	627042.13615792408	102	638309.21405203594	0.0011769253895472073	170.0	177.0	150.0	81.0	101.0	100.0	0.060141814605869259	137.0	137
DLR00012733-2009-11-13_22-11-15	7	17	2468.0	1032.0	3669149.5854251846	1094961.7214772725	102	1101637.6100507071	0.0012756927614971172	179.0	183.0	149.0	82.0	101.0	99.0	0.021168676569535739	137.0	137
DLR00012733-2009-11-13_22-11-15	7	18	2601.0	1036.0	3357276.8249573	963713.27572611312	102	972620.96737773996	0.0012361217604152357	175.0	180.0	148.0	81.0	101.0	99.0	0.038352052171212674	137.0	137
DLR00012733-2009-11-13_22-11-15	7	19	2737.0	1034.0	1514775.1630350396	245067.90593817839	102	268829.43904495233	0.00065915603470169002	127.0	142.0	132.0	80.0	101.0	102.0	0.068474716629574037	137.0	137
DLR00012733-2009-11-13_22-11-15	7	20	2869.0	1036.0	1751342.666011076	315980.2484879705	102	336004.71895455633	0.00075712994407964068	134.0	148.0	137.0	80.0	100.0	102.0	0.045598053930955958	137.0	137
DLR00012733-2009-11-13_22-11-15	7	21	3011.0	1034.0	1690900.2882873556	278995.94735216035	102	305759.56829345966	0.000624731792877446	123.0	138.0	130.0	79.0	100.0	102.0	0.057398685368252163	137.0	137
DLR00012733-2009-11-13_22-11-15	7	22	3145.0	1031.0	3034752.333988924	798034.35974875593	102	814957.2388017613	0.0011969294485773558	163.0	171.0	149.0	78.0	97.0	100.0	0.02800062108586512	137.0	137
DLR00012733-2009-11-13_22-11-15	7	23	3285.0	1034.0	491961.3203250349	53883.682129858207	102	90474.305972294664	0.00037666347587319914	99.0	116.0	114.0	75.0	95.0	98.0	0.027276020909890793	137.0	137
DLR00012733-2009-11-13_22-11-15	7	24	3410.0	1030.0	1538060.3413384401	252839.97531372996	102	282847.4729718875	0.00059697359088357177	111.0	125.0	119.0	74.0	93.0	95.0	0.081983334195952592	137.0	137
DLR00012733-2009-11-13_22-11-15	8	1	272.0	1171.0	1332704.8858754723	204556.13093646721	102	230877.70050749875	0.00056725517304186633	118.0	132.0	127.0	81.0	99.0	102.0	0.065576315925676726	137.0	137
DLR00012733-2009-11-13_22-11-15	8	2	409.0	1171.0	1176396.9336473267	175275.73959774914	102	211042.9393077665	0.00055158282775093844	118.0	132.0	127.0	79.0	99.0	103.0	0.082707934371926917	137.0	137
DLR00012733-2009-11-13_22-11-15	8	3	546.0	1167.0	838266.41892241593	103086.58014879723	102	136699.8761674721	0.00042312040752464069	109.0	126.0	123.0	80.0	101.0	104.0	0.043941824957300347	137.0	137
DLR00012733-2009-11-13_22-11-15	8	4	681.0	1173.0	2279470.3271052218	455795.80947600777	102	479013.93665332865	0.00088651753834807345	146.0	158.0	145.0	82.0	102.0	105.0	0.062522643755499194	137.0	137
DLR00012733-2009-11-13_22-11-15	8	5	820.0	1171.0	575936.59101495775	73710.024177803483	102	104024.41760385301	0.0004475524044898909	113.0	130.0	127.0	82.0	102.0	105.0	0.03721339475182444	137.0	137
DLR00012733-2009-11-13_22-11-15	8	6	957.0	1171.0	878396.19429636141	114334.1631972613	102	144489.42047426943	0.00046939063304829676	115.0	132.0	126.0	82.0	103.0	104.0	0.046736711350344184	137.0	137
DLR00012733-2009-11-13_22-11-15	8	7	1093.0	1172.0	1031731.5705708815	141585.88176209308	102	170421.72919381986	0.00050908186597796109	118.0	134.0	128.0	82.0	102.0	103.0	0.062522643755499194	137.0	137
DLR00012733-2009-11-13_22-11-15	8	8	1231.0	1171.0	3591367.1813053153	1093401.6883539043	102	1103953.5103230425	0.001291398659916573	182.0	185.0	153.0	83.0	103.0	101.0	0.051084312406190158	137.0	137
DLR00012733-2009-11-13_22-11-15	8	9	1371.0	1166.0	722335.95673101803	85499.934445654799	102	106185.25695186816	0.00042380702064249455	112.0	129.0	124.0	82.0	102.0	102.0	0.037782723461518557	137.0	137
DLR00012733-2009-11-13_22-11-15	8	10	1505.0	1171.0	39634.346048341184	2352.8333406036631	102	22729.761647426356	0.0002006627913055928	95.0	114.0	113.0	81.0	102.0	103.0	0.00015527146628021324	137.0	137
DLR00012733-2009-11-13_22-11-15	8	11	1636.0	1171.0	265302.40386108379	28691.187746087158	102	53221.521160425131	0.00037503599586404728	109.0	125.0	120.0	82.0	102.0	102.0	0.01651053258112934	137.0	137
DLR00012733-2009-11-13_22-11-15	8	12	1775.0	1167.0	890038.78344806167	105125.85847942116	102	130454.20340577661	0.00041746498796964445	111.0	128.0	122.0	82.0	102.0	101.0	0.044200610734434036	137.0	137
DLR00012733-2009-11-13_22-11-15	8	13	1916.0	1171.0	168693.68536825216	20962.497661477089	102	44296.54857975967	0.00048726708872399971	115.0	132.0	125.0	81.0	101.0	102.0	0.0030536721701775269	137.0	137
DLR00012733-2009-11-13_22-11-15	8	14	2052.0	1171.0	1207113.5518347912	193430.47031641204	102	223179.21751692562	0.0006223129865365769	125.0	140.0	131.0	82.0	102.0	102.0	0.080378862377723723	137.0	137
DLR00012733-2009-11-13_22-11-15	8	15	2189.0	1171.0	929177.70017079858	131341.42963943377	102	160126.85155403335	0.00047855384758607603	115.0	131.0	125.0	81.0	101.0	101.0	0.046477925573210496	137.0	137
DLR00012733-2009-11-13_22-11-15	8	16	2326.0	1171.0	1435506.4709383571	232413.52506461227	102	255284.80652657076	0.00065697340803175122	128.0	142.0	132.0	81.0	101.0	101.0	0.076600590031571866	137.0	137
DLR00012733-2009-11-13_22-11-15	8	17	2463.0	1177.0	1505609.7205113606	236204.2125934338	102	256235.09048283455	0.00060370829807461686	123.0	138.0	128.0	80.0	100.0	100.0	0.074737332436209308	137.0	137
DLR00012733-2009-11-13_22-11-15	8	18	2600.0	1171.0	1032722.4292220899	140443.85724152866	102	165286.93857767287	0.00051964851126038575	116.0	132.0	125.0	80.0	100.0	100.0	0.056052999327156981	137.0	137
DLR00012733-2009-11-13_22-11-15	8	19	2738.0	1164.0	1810051.0410951814	323050.08915296162	102	351621.94228716678	0.00076620026519590471	134.0	148.0	137.0	80.0	101.0	102.0	0.084571191967289475	137.0	137
DLR00012733-2009-11-13_22-11-15	8	20	2874.0	1171.0	412692.62822835252	35690.903263561311	102	64018.314728569596	0.00028741745381683685	98.0	117.0	116.0	79.0	100.0	103.0	0.011697117126442731	137.0	137
DLR00012733-2009-11-13_22-11-15	8	21	3011.0	1171.0	1136514.8729361834	157472.35417094003	102	189673.84263021094	0.00051193930352857759	114.0	130.0	125.0	79.0	99.0	102.0	0.046167382640650068	137.0	137
DLR00012733-2009-11-13_22-11-15	8	22	3145.0	1171.0	1267803.6442213138	188181.8746689508	102	219374.51864729548	0.0005535059811957653	114.0	130.0	124.0	77.0	97.0	100.0	0.059520728740748409	137.0	137
DLR00012733-2009-11-13_22-11-15	8	23	3281.0	1168.0	3193289.718182289	888726.22323879995	102	902366.54724208557	0.0013016582159394725	165.0	171.0	147.0	74.0	94.0	96.0	0.037472180528958128	137.0	137
DLR00012733-2009-11-13_22-11-15	8	24	3422.0	1170.0	1393394.9782619949	229321.10565785266	102	259219.91362757399	0.00058245063295938172	110.0	124.0	118.0	74.0	92.0	94.0	0.079033176336628541	137.0	137
DLR00012733-2009-11-13_22-11-15	9	1	286.0	1314.0	1876686.2853889551	337972.0453006457	102	365672.14080081548	0.00073813016168878642	129.0	142.0	134.0	81.0	99.0	101.0	0.083587806014181462	137.0	137
DLR00012733-2009-11-13_22-11-15	9	2	414.0	1310.0	362406.5516795197	32590.693332832499	102	65031.885374534038	0.0002983438952226534	98.0	116.0	116.0	79.0	99.0	102.0	0.021530976657522901	137.0	137
DLR00012733-2009-11-13_22-11-15	9	3	562.0	1296.0	92645.283887997517	8912.0266934028514	102	28861.726218673841	0.0003552456138463955	103.0	122.0	120.0	79.0	100.0	103.0	0.0016562289736556078	137.0	137
DLR00012733-2009-11-13_22-11-15	9	4	683.0	1308.0	1091678.5189689973	170658.27118730819	102	193404.39928045482	0.00056867526027908413	122.0	137.0	130.0	80.0	101.0	104.0	0.061901557890378343	137.0	137
DLR00012733-2009-11-13_22-11-15	9	5	820.0	1308.0	1271271.6495005435	191604.95719499586	102	216566.63613939131	0.0005834738524264101	123.0	139.0	131.0	81.0	102.0	104.0	0.074892603902489516	137.0	137
DLR00012733-2009-11-13_22-11-15	9	6	961.0	1312.0	3836604.6974794264	1148362.4708484458	102	1157252.7754325981	0.0012649793643788336	179.0	183.0	151.0	82.0	102.0	101.0	0.024895191760260855	137.0	137
DLR00012733-2009-11-13_22-11-15	9	7	1102.0	1306.0	1042383.3010713732	145325.80117295618	102	166863.00367792783	0.00052492515929026759	119.0	134.0	127.0	81.0	101.0	102.0	0.065006987215982609	137.0	137
DLR00012733-2009-11-13_22-11-15	9	8	1228.0	1313.0	1358467.2108068939	214455.95511420112	102	236769.19436789458	0.00061739071010487594	126.0	140.0	131.0	81.0	101.0	102.0	0.079188447802908749	137.0	137
DLR00012733-2009-11-13_22-11-15	9	9	1368.0	1308.0	1509325.4404533929	232392.32277181643	102	255312.66650497564	0.00059793969338985814	124.0	139.0	131.0	81.0	102.0	102.0	0.070389731380363335	137.0	137
DLR00012733-2009-11-13_22-11-15	9	10	1505.0	1308.0	1117440.8439004195	169106.56827909863	102	189734.05134834858	0.00057270019071076434	123.0	137.0	129.0	81.0	101.0	101.0	0.07566896123389058	137.0	137
DLR00012733-2009-11-13_22-11-15	9	11	1646.0	1305.0	3875495.8995393612	1221321.3691944187	102	1225978.6187894219	0.0013133936757544758	182.0	185.0	152.0	82.0	101.0	99.0	0.036644066042130323	137.0	137
DLR00012733-2009-11-13_22-11-15	9	12	1779.0	1308.0	2497211.5157082966	650454.5549661658	102	659022.90385617875	0.0011053248661718066	165.0	171.0	147.0	81.0	101.0	99.0	0.056104756482583715	137.0	137
DLR00012733-2009-11-13_22-11-15	9	13	1916.0	1308.0	1832097.6460845713	390001.34821316903	102	408411.12748967623	0.00092388825401861765	149.0	159.0	144.0	81.0	101.0	100.0	0.10025361006159102	137.0	137
DLR00012733-2009-11-13_22-11-15	9	14	2054.0	1308.0	59699.233735313908	3975.6499000272024	102	31585.342829520137	0.00019797141017783955	94.0	112.0	111.0	81.0	101.0	101.0	0.00041405724341390195	137.0	137
DLR00012733-2009-11-13_22-11-15	9	15	2189.0	1308.0	540017.96490864863	66427.917928547104	102	96967.800919067784	0.00044181254886852325	111.0	128.0	122.0	81.0	101.0	101.0	0.032658765074271519	137.0	137
DLR00012733-2009-11-13_22-11-15	9	16	2326.0	1308.0	1040153.8691061538	148246.76026735909	102	174572.84685114081	0.0005042912203538578	116.0	131.0	125.0	80.0	100.0	101.0	0.057346928212825422	137.0	137
DLR00012733-2009-11-13_22-11-15	9	17	2464.0	1307.0	1547225.7838621188	240570.79403241994	102	261628.46450822463	0.00063280237425608079	125.0	139.0	129.0	80.0	100.0	100.0	0.076031261321877749	137.0	137
DLR00012733-2009-11-13_22-11-15	9	18	2600.0	1308.0	2803634.5535945348	794665.93306340754	102	807522.29544958647	0.0012304169009800235	171.0	177.0	148.0	79.0	99.0	99.0	0.043527767713886445	137.0	137
DLR00012733-2009-11-13_22-11-15	9	19	2737.0	1308.0	1277216.8014077949	188978.66954067274	102	217159.70730564158	0.00055320876309593271	118.0	134.0	127.0	79.0	100.0	102.0	0.06464468712799544	137.0	137
DLR00012733-2009-11-13_22-11-15	9	20	2874.0	1307.0	67130.673619377878	3575.7277270603772	102	26717.779975944683	0.00019153981121918532	90.0	110.0	111.0	78.0	99.0	102.0	0.0	137.0	137
DLR00012733-2009-11-13_22-11-15	9	21	3009.0	1308.0	2780101.6606283318	649741.09890503378	102	665963.81680047873	0.0010534475468854153	154.0	163.0	144.0	78.0	98.0	101.0	0.032503493607991304	137.0	137
DLR00012733-2009-11-13_22-11-15	9	22	3148.0	1307.0	1414946.1539257802	237747.84001874464	102	265398.20544100716	0.00066034358063413634	121.0	136.0	128.0	76.0	96.0	99.0	0.05921018580818798	137.0	137
DLR00012733-2009-11-13_22-11-15	9	23	3285.0	1307.0	384205.44200610736	38046.260524065496	102	66805.443526546704	0.00028541839498198485	91.0	109.0	108.0	74.0	93.0	96.0	0.016872832669116506	137.0	137
DLR00012733-2009-11-13_22-11-15	9	24	3416.0	1309.0	1567290.6715490916	269337.57749083487	102	298170.04792535823	0.00062532417733894064	113.0	126.0	119.0	74.0	92.0	94.0	0.083691320325034943	137.0	137
DLR00012733-2009-11-13_22-11-15	10	1	281.0	1449.0	732739.97256870754	89702.026023285216	102	116372.0863058932	0.00040602940902818982	105.0	121.0	119.0	79.0	98.0	100.0	0.036592308886703589	137.0	137
DLR00012733-2009-11-13_22-11-15	10	2	413.0	1447.0	1422873.0231354486	256766.60785308277	102	280387.04531281511	0.0007450244014971844	132.0	144.0	133.0	78.0	98.0	100.0	0.063350758242326999	137.0	137
DLR00012733-2009-11-13_22-11-15	10	3	552.0	1441.0	3101883.0076083019	944925.26869697613	102	956251.04050036753	0.0013324374263728345	180.0	183.0	153.0	80.0	99.0	100.0	0.041975053051084316	137.0	137
DLR00012733-2009-11-13_22-11-15	10	4	683.0	1446.0	1115706.8412608041	164373.18911185869	102	185017.04640375439	0.00057411059917383237	122.0	137.0	129.0	80.0	100.0	102.0	0.058485585632213656	137.0	137
DLR00012733-2009-11-13_22-11-15	10	5	823.0	1447.0	2403575.3731690901	499158.92609703279	102	514261.70270970254	0.00091894301380032002	150.0	160.0	143.0	81.0	101.0	102.0	0.035919465866155999	137.0	137
DLR00012733-2009-11-13_22-11-15	10	6	957.0	1445.0	906140.23653020023	139381.3097115756	102	159265.89664663942	0.00058860567971848882	124.0	139.0	130.0	81.0	101.0	102.0	0.055690699239169812	137.0	137
DLR00012733-2009-11-13_22-11-15	10	7	1094.0	1445.0	995317.51513896801	152224.58783755527	102	174896.13952006015	0.00057212831719848827	122.0	137.0	130.0	81.0	101.0	102.0	0.066507944723357998	137.0	137
DLR00012733-2009-11-13_22-11-15	10	8	1229.0	1446.0	1229655.5861497852	183275.4464820681	102	203518.41664270189	0.00057623781604568139	122.0	137.0	129.0	80.0	101.0	101.0	0.065524558770249985	137.0	137
DLR00012733-2009-11-13_22-11-15	10	9	1368.0	1445.0	2175925.5980539308	482970.08764933055	102	500551.80739550968	0.00099317128523633297	154.0	164.0	146.0	81.0	101.0	101.0	0.090730293463071265	137.0	137
DLR00012733-2009-11-13_22-11-15	10	10	1510.0	1442.0	1365898.6506909581	242246.52337700548	102	260772.18115028663	0.00070580186328423635	132.0	145.0	134.0	81.0	101.0	100.0	0.07277056052999327	137.0	137
DLR00012733-2009-11-13_22-11-15	10	11	1642.0	1445.0	1237087.026033849	184963.89376455449	102	205456.50322541822	0.00058796032092223594	123.0	138.0	128.0	81.0	100.0	100.0	0.07282231768542001	137.0	137
DLR00012733-2009-11-13_22-11-15	10	12	1779.0	1445.0	1332209.456549868	237090.15665101091	102	257977.71614598512	0.00071270145511186317	132.0	145.0	134.0	81.0	101.0	100.0	0.074996118213342997	137.0	137
DLR00012733-2009-11-13_22-11-15	10	13	1918.0	1448.0	773117.46260545519	99158.309834835658	102	123169.60227940469	0.00048007863395328157	114.0	130.0	124.0	80.0	101.0	101.0	0.041819781584804101	137.0	137
DLR00012733-2009-11-13_22-11-15	10	14	2043.0	1440.0	1430304.4630195124	247311.48370518966	102	274318.44923055317	0.00068859578676151343	129.0	143.0	133.0	81.0	101.0	101.0	0.073857460793954763	137.0	137
DLR00012733-2009-11-13_22-11-15	10	15	2192.0	1449.0	1382000.1037730966	231965.309629164	102	262242.80570734863	0.00066552700432321937	127.0	141.0	131.0	80.0	100.0	101.0	0.080741162465710878	137.0	137
DLR00012733-2009-11-13_22-11-15	10	16	2318.0	1442.0	974757.19812639104	141348.58619895627	102	169523.9744355061	0.0005382146240307526	117.0	132.0	125.0	80.0	100.0	100.0	0.057346928212825422	137.0	137
DLR00012733-2009-11-13_22-11-15	10	17	2460.0	1446.0	2898756.9841105537	779754.79689279909	102	794677.60077823245	0.0011744897165315881	166.0	172.0	147.0	80.0	99.0	99.0	0.046684954194917444	137.0	137
DLR00012733-2009-11-13_22-11-15	10	18	2600.0	1444.0	1056998.4661766989	139959.11845235893	102	169608.1552342342	0.00047020430569048367	111.0	128.0	122.0	79.0	99.0	100.0	0.048392940323999795	137.0	137
DLR00012733-2009-11-13_22-11-15	10	19	2732.0	1442.0	1407266.999378914	197985.46880219367	102	225397.9916828663	0.00051771910357605955	114.0	130.0	124.0	79.0	99.0	101.0	0.060762900470990117	137.0	137
DLR00012733-2009-11-13_22-11-15	10	20	2866.0	1443.0	1310162.8515604781	194730.82988334619	102	222921.21398508642	0.00056530690603040165	117.0	133.0	126.0	78.0	99.0	101.0	0.059831271673308838	137.0	137
DLR00012733-2009-11-13_22-11-15	10	21	3004.0	1444.0	987142.93126649759	119095.80283170665	102	143584.4018855528	0.00044135198496169108	107.0	124.0	120.0	77.0	98.0	99.0	0.046788468505770925	137.0	137
DLR00012733-2009-11-13_22-11-15	10	22	3146.0	1441.0	3389975.1604471817	1076305.914103539	102	1089388.8449637918	0.0013930995720162782	175.0	180.0	150.0	76.0	96.0	97.0	0.040888152787122822	137.0	137
DLR00012733-2009-11-13_22-11-15	10	23	3283.0	1445.0	1616585.8894467158	262154.86144100246	102	293286.70595910359	0.00061371351375623991	114.0	128.0	121.0	74.0	93.0	95.0	0.085968635163811397	137.0	137
DLR00012733-2009-11-13_22-11-15	10	24	3413.0	1443.0	1641109.6410641267	281263.16057815042	102	308528.3697534423	0.00063883954061550352	113.0	126.0	118.0	73.0	91.0	93.0	0.09036799337508411	137.0	137
DLR00012733-2009-11-13_22-11-15	11	1	272.0	1582.0	1106789.1133999277	166192.54003914885	102	189715.39985899333	0.00055896696401997673	116.0	130.0	125.0	81.0	98.0	100.0	0.061746286424098129	137.0	137
DLR00012733-2009-11-13_22-11-15	11	2	412.0	1582.0	2747403.3251384511	720068.08881184435	102	733179.53276816383	0.0011801385190876718	165.0	170.0	147.0	78.0	97.0	98.0	0.038714352259199836	137.0	137
DLR00012733-2009-11-13_22-11-15	11	3	558.0	1582.0	2658969.1905180896	664442.43708275177	102	673288.51727198553	0.0011096404570749515	162.0	168.0	146.0	79.0	98.0	99.0	0.032244707830857616	137.0	137
DLR00012733-2009-11-13_22-11-15	11	4	687.0	1580.0	1517747.7389886649	257709.2374006476	102	276315.86556640698	0.00069528130816043008	131.0	144.0	133.0	80.0	100.0	101.0	0.058382071321360175	137.0	137
DLR00012733-2009-11-13_22-11-15	11	5	829.0	1587.0	2814038.5694322237	818070.39134528511	102	830273.3867964003	0.0012537695054455739	177.0	181.0	152.0	81.0	101.0	101.0	0.038352052171212674	137.0	137
DLR00012733-2009-11-13_22-11-15	11	6	957.0	1582.0	402784.0417162673	38683.388736227491	102	53698.595879269997	0.00032516358724408453	103.0	121.0	119.0	80.0	101.0	102.0	0.019978261994720772	137.0	137
DLR00012733-2009-11-13_22-11-15	11	7	1101.0	1583.0	2812304.5667926092	777373.79167619755	102	789305.17583661678	0.0012032909318870385	172.0	177.0	149.0	81.0	101.0	100.0	0.049272811966254333	137.0	137
DLR00012733-2009-11-13_22-11-15	11	8	1235.0	1585.0	1470681.95305626	235623.68756975036	102	253433.90192159294	0.00065325262182525893	127.0	141.0	131.0	80.0	100.0	100.0	0.079706019357176125	137.0	137
DLR00012733-2009-11-13_22-11-15	11	9	1381.0	1583.0	2490275.5051498371	657386.02903509978	102	670750.40627237258	0.0011549689922028795	165.0	173.0	150.0	80.0	100.0	100.0	0.042854924693338854	137.0	137
DLR00012733-2009-11-13_22-11-15	11	10	1509.0	1573.0	868239.89312147396	126646.80912544715	102	150144.66270422158	0.00051718347304090912	117.0	132.0	125.0	80.0	100.0	100.0	0.068215930852440348	137.0	137
DLR00012733-2009-11-13_22-11-15	11	11	1653.0	1587.0	1002996.6696858341	150662.72835019956	102	179690.08298188268	0.00056262371899696976	119.0	134.0	127.0	80.0	100.0	101.0	0.064592929972568713	137.0	137
DLR00012733-2009-11-13_22-11-15	11	12	1778.0	1585.0	39634.346048341184	2422.4847138877412	102	23905.028396652015	0.00020589583446474957	92.0	112.0	111.0	79.0	100.0	101.0	0.00036230008798716424	137.0	137
DLR00012733-2009-11-13_22-11-15	11	13	1916.0	1582.0	1506600.579162569	278011.45320157212	102	300306.00661827053	0.00076060227991686798	134.0	147.0	135.0	80.0	100.0	100.0	0.07613477563273123	137.0	137
DLR00012733-2009-11-13_22-11-15	11	14	2053.0	1582.0	1363916.933388541	255503.69152883149	102	278951.62516270718	0.00073581364070420625	131.0	144.0	133.0	79.0	99.0	99.0	0.069975674136949439	137.0	137
DLR00012733-2009-11-13_22-11-15	11	15	2189.0	1581.0	1504618.8618601521	256525.20124705861	102	280794.1297648992	0.0006868067521342147	127.0	141.0	130.0	79.0	99.0	99.0	0.077635733140106619	137.0	137
DLR00012733-2009-11-13_22-11-15	11	16	2326.0	1581.0	888800.21013405104	130811.60820530853	102	158700.93237065471	0.00053401699793163718	115.5	131.0	124.0	79.0	99.0	99.0	0.056725842347704572	137.0	137
DLR00012733-2009-11-13_22-11-15	11	17	2463.0	1581.0	1112981.9799699809	153689.50512882884	102	180842.50474697081	0.00050610767408687442	113.0	129.0	122.0	78.0	98.0	99.0	0.059986543139589045	137.0	137
DLR00012733-2009-11-13_22-11-15	11	18	2600.0	1581.0	1163020.3418560114	176567.75891321717	102	204733.09756396082	0.00057011368787059308	117.0	132.0	125.0	78.0	98.0	100.0	0.058847885720200818	137.0	137
DLR00012733-2009-11-13_22-11-15	11	19	2737.0	1581.0	742153.12975518859	87854.014641318514	102	112046.67221541604	0.00043835739766987501	107.5	125.0	120.0	78.0	98.0	100.0	0.031520107654883285	137.0	137
DLR00012733-2009-11-13_22-11-15	11	20	2870.0	1581.0	3063239.520211169	927441.85031493369	102	938794.88424074545	0.0013119756219102854	175.0	179.0	149.0	78.0	98.0	98.0	0.041923295895657575	137.0	137
DLR00012733-2009-11-13_22-11-15	11	21	3011.0	1583.0	2703062.4004968689	721240.54622863745	102	735718.81389825384	0.0011846488724167757	163.0	170.0	146.0	77.0	97.0	98.0	0.053206355778686404	137.0	137
DLR00012733-2009-11-13_22-11-15	11	22	3147.0	1581.0	1206865.837171989	185268.6677892468	102	211887.38215233292	0.00059532089050000423	116.0	130.0	123.0	75.0	95.0	98.0	0.059676000207028623	137.0	137
DLR00012733-2009-11-13_22-11-15	11	23	3283.0	1585.0	1297529.4037575696	181604.29559766664	102	220350.68910957433	0.00045203101425290353	102.0	117.0	113.0	74.0	93.0	95.0	0.063350758242326999	137.0	137
DLR00012733-2009-11-13_22-11-15	11	24	3410.0	1583.0	1785279.574814968	336022.93728421046	102	359264.66540627426	0.00073778757277336037	118.0	130.0	122.0	72.0	90.0	92.0	0.10015009575073754	137.0	137
DLR00012733-2009-11-13_22-11-15	12	1	272.0	1719.0	1077558.7831892758	165181.13212033067	102	187897.37867357364	0.00056802219231376556	116.0	130.0	124.5	81.0	98.0	99.0	0.06671497334506496	137.0	137
DLR00012733-2009-11-13_22-11-15	12	2	411.0	1723.0	3438279.5196935982	1070080.5282183031	102	1083211.579046665	0.0013592764698337259	176.0	179.0	149.0	78.0	96.0	97.0	0.043786553491020133	137.0	137
DLR00012733-2009-11-13_22-11-15	12	3	546.0	1719.0	1243032.1779411004	178614.55402820857	102	196862.73367321305	0.00057026210523501003	119.0	133.0	125.0	78.0	97.0	98.0	0.054137984576367683	137.0	137
DLR00012733-2009-11-13_22-11-15	12	4	686.0	1717.0	896479.36468091712	121644.04644430691	102	131940.45086893602	0.00049369953671506931	114.0	130.0	124.0	78.0	98.0	100.0	0.053465141555820092	137.0	137
DLR00012733-2009-11-13_22-11-15	12	5	823.0	1721.0	864771.88784224424	116287.66797158327	102	133044.51432114659	0.00050092373392254049	116.0	132.0	126.0	80.0	100.0	102.0	0.055483670617462864	137.0	137
DLR00012733-2009-11-13_22-11-15	12	6	961.0	1725.0	1031483.8559080793	144411.69755693973	102	166882.72293408142	0.00052760624175825731	118.0	133.5	127.0	80.0	100.0	102.0	0.050618498007349515	137.0	137
DLR00012733-2009-11-13_22-11-15	12	7	1101.0	1721.0	2797441.6870244811	810261.61511822336	102	823109.80020198319	0.0012622296407247561	175.0	180.0	151.0	80.0	100.0	100.0	0.045391025309249003	137.0	137
DLR00012733-2009-11-13_22-11-15	12	8	1233.0	1717.0	932397.99078722636	128032.00393884642	102	149651.46626248836	0.00050336216296352379	115.0	131.0	125.0	79.0	99.0	100.0	0.058899642875627559	137.0	137
DLR00012733-2009-11-13_22-11-15	12	9	1368.0	1719.0	754786.57755809743	86799.561424688844	102	111388.9576924687	0.00040947978929690651	107.0	124.0	120.0	79.0	99.0	100.0	0.032141193520004142	137.0	137
DLR00012733-2009-11-13_22-11-15	12	10	1499.0	1718.0	1247243.3272087364	207776.47320086756	102	234873.65382961428	0.00063450145325280062	124.0	138.0	130.0	79.0	99.0	100.0	0.067698359298172972	137.0	137
DLR00012733-2009-11-13_22-11-15	12	11	1636.0	1719.0	1182589.80021738	167690.85148301465	102	196418.22243385453	0.00053091267762036284	116.0	131.0	124.0	79.0	99.0	100.0	0.073236374928833906	137.0	137
DLR00012733-2009-11-13_22-11-15	12	12	1779.0	1722.0	1113972.8386211894	175944.44271956538	102	201389.68446038087	0.00059749035335727074	121.0	135.0	127.0	79.0	99.0	100.0	0.061280472025257493	137.0	137
DLR00012733-2009-11-13_22-11-15	12	13	1916.0	1718.0	1138496.5902386005	187204.41772718646	102	211639.17046322863	0.00058920552873140228	119.0	134.0	126.0	79.0	99.0	99.0	0.058485585632213656	137.0	137
DLR00012733-2009-11-13_22-11-15	12	14	2050.0	1717.0	1013152.9708607214	145709.85121198292	102	166881.85518661223	0.0005265270633316374	115.0	130.0	123.0	78.0	98.0	98.0	0.065472801614823245	137.0	137
DLR00012733-2009-11-13_22-11-15	12	15	2185.0	1718.0	1481829.1128823559	281380.1817995442	102	295689.52542274271	0.00078259080408699707	133.0	146.0	133.0	77.0	97.0	98.0	0.081465762641685216	137.0	137
DLR00012733-2009-11-13_22-11-15	12	16	2326.0	1718.0	2876958.0937839658	838172.64391909225	102	848369.80465710035	0.001256401018908067	170.0	175.0	146.0	78.0	97.0	97.0	0.050049169297655398	137.0	137
DLR00012733-2009-11-13_22-11-15	12	17	2461.0	1716.0	1246747.8978831321	199236.03495654251	102	220803.12654076068	0.00059455865458260863	119.0	133.0	125.0	77.0	97.0	98.0	0.054396770353501371	137.0	137
DLR00012733-2009-11-13_22-11-15	12	18	2600.0	1718.0	1128092.5744009109	172737.54236504171	102	196893.33049309929	0.00060107432181757633	118.0	133.0	126.0	77.0	97.0	99.0	0.055017856218622221	137.0	137
DLR00012733-2009-11-13_22-11-15	12	19	2736.0	1718.0	2667886.9183789655	667014.51221685286	102	681226.08772192663	0.0011258558381147562	157.0	166.0	144.0	77.0	97.0	98.0	0.051032555250763417	137.0	137
DLR00012733-2009-11-13_22-11-15	12	20	2874.0	1718.0	1202654.6879043528	173100.67170057489	102	195538.2562960122	0.00055133465266340661	115.0	130.0	124.0	76.0	97.0	99.0	0.064385901350861752	137.0	137
DLR00012733-2009-11-13_22-11-15	12	21	3011.0	1718.0	180088.55985715025	30911.797555688176	102	46594.217755654514	0.00064093170568327122	120.0	134.0	127.0	75.0	95.0	99.0	0.0072977589151700219	137.0	137
DLR00012733-2009-11-13_22-11-15	12	22	3140.0	1713.0	1163515.7711816158	173963.64783470289	102	202457.58621816075	0.00052715918197199273	110.0	124.0	120.0	74.0	94.0	98.0	0.067232544899332336	137.0	137
DLR00012733-2009-11-13_22-11-15	12	23	3285.0	1717.0	1738213.7888825629	280219.70199885528	102	308765.49578723952	0.00060325430279140188	110.0	124.0	117.0	72.0	91.0	93.0	0.076186532788157957	137.0	137
DLR00012733-2009-11-13_22-11-15	12	24	3408.0	1715.0	1853648.8217483568	360175.70815765287	102	382541.69647163962	0.00075520438700518049	119.0	130.0	122.0	72.0	89.0	91.0	0.090005693287096941	137.0	137
DLR00012733-2009-11-13_22-11-15	13	1	295.0	1858.0	1080035.9298172973	164861.98217858927	102	189970.33765250994	0.00058000816816078068	116.0	129.0	124.0	78.0	96.0	98.0	0.061901557890378343	137.0	137
DLR00012733-2009-11-13_22-11-15	13	2	418.0	1865.0	1006464.6749650639	162876.21476650226	102	181177.34029882876	0.00062400100990677668	119.0	132.0	125.0	75.0	94.0	97.0	0.069354588271828582	137.0	137
DLR00012733-2009-11-13_22-11-15	13	3	554.0	1860.0	3635212.6766212927	1136311.10197162	102	1144298.0510009082	0.0013503348500234372	176.0	180.0	150.0	77.0	96.0	97.0	0.026344392112209514	137.0	137
DLR00012733-2009-11-13_22-11-15	13	4	688.0	1862.0	2916840.1544951089	830988.96960104012	102	842223.94692703057	0.0012732777270472466	174.0	178.0	150.0	79.0	97.0	97.0	0.038610837948346362	137.0	137
DLR00012733-2009-11-13_22-11-15	13	5	837.0	1860.0	1126606.2864240981	160373.55052658112	102	176179.90744608536	0.00053939590598941285	118.0	133.0	127.0	79.0	99.0	101.0	0.04979038352052171	137.0	137
DLR00012733-2009-11-13_22-11-15	13	6	963.0	1862.0	1271271.6495005435	192305.34889444095	102	214222.05610810302	0.00061184149317647493	123.0	137.0	129.0	79.0	99.0	101.0	0.045753325397236165	137.0	137
DLR00012733-2009-11-13_22-11-15	13	7	1108.0	1864.0	1227673.8688473683	185312.53149631122	102	205519.40173038951	0.00058301812982821245	120.0	135.0	127.0	78.0	99.0	100.0	0.062315615133792246	137.0	137
DLR00012733-2009-11-13_22-11-15	13	8	1231.0	1856.0	1089696.8016665804	146157.19643183186	102	168681.09208731371	0.00049054554504446713	114.0	128.0	122.0	78.0	98.0	99.0	0.059624243051601883	137.0	137
DLR00012733-2009-11-13_22-11-15	13	9	1377.0	1857.0	1179121.7949381503	192274.12302355212	102	211695.86493592619	0.00063870956664696947	123.0	137.0	128.0	78.0	98.0	99.0	0.066352673257077791	137.0	137
DLR00012733-2009-11-13_22-11-15	13	10	1514.0	1850.0	64653.526991356557	4323.4082496010069	102	18707.271340614036	0.00021921521516770568	91.0	111.0	111.0	77.0	97.0	99.0	0.00015527146628021324	137.0	137
DLR00012733-2009-11-13_22-11-15	13	11	1642.0	1855.0	1476874.8196263134	282810.5232745143	102	305098.62388128904	0.00080442036800611931	134.0	146.0	134.5	78.0	98.0	99.0	0.085606335075824228	137.0	137
DLR00012733-2009-11-13_22-11-15	13	12	1779.0	1855.0	886818.49283163389	127181.74025829605	102	147898.37183326847	0.00049087565709482765	111.0	127.0	121.0	78.0	97.0	98.0	0.059572485896175149	137.0	137
DLR00012733-2009-11-13_22-11-15	13	13	1916.0	1855.0	2441228.0019150143	698514.87314895471	102	706120.84230231855	0.0012340128012319279	167.0	173.0	146.0	77.0	96.0	96.0	0.057760985456239325	137.0	137
DLR00012733-2009-11-13_22-11-15	13	14	2053.0	1855.0	3350093.0997360381	1044295.7842089455	102	1049250.1986767552	0.0013195483438372031	174.0	177.0	144.0	77.0	96.0	95.0	0.042285595983644737	137.0	137
DLR00012733-2009-11-13_22-11-15	13	15	2190.0	1855.0	1336668.3204803062	233111.14053730734	102	246711.62763688469	0.00070107216451493017	125.0	139.0	128.0	76.0	96.0	96.0	0.070752031468350504	137.0	137
DLR00012733-2009-11-13_22-11-15	13	16	2326.0	1855.0	682453.89601987472	90576.804986873802	102	106988.9047864491	0.0004749948593477303	109.0	124.0	119.0	76.0	96.0	97.0	0.044873453754981626	137.0	137
DLR00012733-2009-11-13_22-11-15	13	17	2468.0	1858.0	2676804.6462398423	725951.84182673076	102	739253.0911876841	0.0011836737213774453	161.0	168.0	145.0	76.0	96.0	96.0	0.040939909942549556	137.0	137
DLR00012733-2009-11-13_22-11-15	13	18	2597.0	1857.0	891772.78608767653	122835.28352911248	102	138362.12004890386	0.00049758870951238481	110.0	125.0	120.0	75.0	95.0	97.0	0.048392940323999795	137.0	137
DLR00012733-2009-11-13_22-11-15	13	19	2744.0	1854.0	3288412.1486983076	1000670.1776160619	102	1010808.3211282578	0.0013220305998704624	172.0	176.0	146.0	76.0	96.0	96.0	0.036540551731276849	137.0	137
DLR00012733-2009-11-13_22-11-15	13	20	2874.0	1855.0	1288611.6758966928	193613.72106586903	102	217623.51468027162	0.00057929497805759178	115.0	130.0	123.0	75.0	95.0	98.0	0.067025516277625388	137.0	137
DLR00012733-2009-11-13_22-11-15	13	21	3011.0	1855.0	1514775.1630350396	253249.14916776388	102	281056.05713893648	0.0006388527910566029	118.0	132.0	125.0	75.0	95.0	98.0	0.063609544019460687	137.0	137
DLR00012733-2009-11-13_22-11-15	13	22	3141.0	1857.0	984913.49930127827	136827.49246870002	102	163965.83771840463	0.0005052561442314363	106.0	121.0	117.0	73.0	92.0	96.0	0.044873453754981626	137.0	137
DLR00012733-2009-11-13_22-11-15	13	23	3285.0	1855.0	2854416.0594689716	802099.64081335615	102	815457.80979463994	0.0013116224545538821	156.0	161.0	138.0	70.0	88.0	90.0	0.039180166658040472	137.0	137
DLR00012733-2009-11-13_22-11-15	13	24	3422.0	1855.0	1842501.6619222609	327248.69616126717	102	347482.89043916826	0.00067307041557908775	112.0	124.0	116.0	73.0	89.0	90.0	0.083432534547901241	137.0	137
DLR00012733-2009-11-13_22-11-15	14	1	297.0	1995.0	1319823.7234097612	222542.7279446657	102	249559.98293346885	0.00065217581302758672	121.0	133.0	125.0	78.0	95.0	97.0	0.05858909994306713	137.0	137
DLR00012733-2009-11-13_22-11-15	14	2	424.0	1996.0	1130074.291703328	189441.13001809653	102	215824.53531860627	0.00064814605147022137	118.0	130.0	123.0	75.0	93.0	97.0	0.080844676776564359	137.0	137
DLR00012733-2009-11-13_22-11-15	14	3	546.0	1993.0	120637.04078463848	16510.859704127426	102	26422.364666028039	0.00041336412572744196	107.0	119.0	114.0	75.0	94.0	98.0	0.0065214015837689564	137.0	137
DLR00012733-2009-11-13_22-11-15	14	4	688.0	1997.0	2465504.038869624	610950.59998781758	102	624163.42394882801	0.0011299296733295909	160.0	167.0	145.0	77.0	97.0	99.0	0.065783344547383674	137.0	137
DLR00012733-2009-11-13_22-11-15	14	5	830.0	1992.0	1150882.3233787068	174534.92740203039	102	196188.01606650796	0.00053287458124620798	116.0	130.0	125.0	78.0	98.0	100.0	0.057968014077946273	137.0	137
DLR00012733-2009-11-13_22-11-15	14	6	965.0	1995.0	2952511.0659386162	847131.25679535605	102	860524.93458037719	0.0012443543315520875	170.0	175.0	147.0	78.0	98.0	99.0	0.048910511878267171	137.0	137
DLR00012733-2009-11-13_22-11-15	14	7	1103.0	1988.0	787732.62771078106	116938.17898201413	102	135066.02230789184	0.00053236552059356601	115.0	130.0	123.5	77.0	97.0	99.0	0.054293256042647897	137.0	137
DLR00012733-2009-11-13_22-11-15	14	8	1231.0	1992.0	3159600.5240411987	994028.78795365174	102	1003160.7649193871	0.0013578383403847704	176.0	180.0	149.0	77.0	97.0	97.0	0.058123285544226487	137.0	137
DLR00012733-2009-11-13_22-11-15	14	9	1372.0	1997.0	3150435.0815175199	998455.41871941183	102	1005673.4982642762	0.0013508909184306909	175.0	178.0	146.0	76.0	95.0	95.0	0.0449769680658351	137.0	137
DLR00012733-2009-11-13_22-11-15	14	10	1513.0	1992.0	620525.23031934176	72162.661500910253	102	88467.571177579943	0.00040140880570870794	103.0	119.0	115.0	76.0	95.0	96.0	0.038196780704932459	137.0	137
DLR00012733-2009-11-13_22-11-15	14	11	1642.0	1992.0	2438007.7112985877	685292.27272025647	102	700490.72986455436	0.0012390218034609196	164.0	170.0	146.0	76.0	96.0	96.0	0.061125200558977279	137.0	137
DLR00012733-2009-11-13_22-11-15	14	12	1779.0	1992.0	2207385.3602298014	547224.27269041317	102	562537.44308534381	0.0010877255886220351	153.0	161.0	140.0	76.0	95.0	96.0	0.070803788623777231	137.0	137
DLR00012733-2009-11-13_22-11-15	14	13	1916.0	1992.0	109242.16629574038	9839.6046306785684	102	23219.449328201976	0.00032076565030520089	97.0	114.0	112.0	75.0	95.0	96.0	0.00087987164225454171	137.0	137
DLR00012733-2009-11-13_22-11-15	14	14	2051.0	1996.0	1299015.691734382	218943.21116768217	102	239811.05056106439	0.00063889994910987734	118.0	132.0	123.0	75.0	94.0	95.0	0.076859375808705555	137.0	137
DLR00012733-2009-11-13_22-11-15	14	15	2190.0	1992.0	1270033.0761865329	198450.90510612121	102	221265.92173633247	0.00058477014232266697	114.0	128.0	120.0	75.0	94.0	95.0	0.073288132084260646	137.0	137
DLR00012733-2009-11-13_22-11-15	14	16	2326.0	1994.0	1237334.7406966512	203229.83269183018	102	225496.44247175154	0.00063491562496000074	117.0	131.0	123.0	74.0	94.0	95.0	0.079550747890895918	137.0	137
DLR00012733-2009-11-13_22-11-15	14	17	2462.0	1994.0	1745892.9434294291	311300.87904892402	102	333960.12649189623	0.00070760450801300376	122.0	136.0	125.0	75.0	94.0	96.0	0.089798664665389993	137.0	137
DLR00012733-2009-11-13_22-11-15	14	18	2607.0	1991.0	1723846.3384400392	296733.00000018592	102	317515.28105775226	0.00066673488456934604	120.0	134.0	124.0	74.0	94.0	97.0	0.079033176336628541	137.0	137
DLR00012733-2009-11-13_22-11-15	14	19	2738.0	1984.0	1372586.9465866154	276412.94061750296	102	298516.99035443278	0.00076963723022449267	127.0	140.0	129.0	75.0	94.0	96.0	0.061176957714404019	137.0	137
DLR00012733-2009-11-13_22-11-15	14	20	2865.0	1992.0	819935.53387505817	106895.48428907691	102	136596.2991113223	0.00044832307691731517	105.0	120.0	116.0	75.0	94.0	97.0	0.046219139796076808	137.0	137
DLR00012733-2009-11-13_22-11-15	14	21	3011.0	1992.0	790457.4890016045	218409.19573030688	102	234056.77776416903	0.0012407284916640955	160.0	166.0	143.0	73.0	92.0	96.0	0.018011490088504736	137.0	137
DLR00012733-2009-11-13_22-11-15	14	22	3142.0	1992.0	1396367.5542156203	206330.34315927216	102	226081.09209822971	0.00053110925937313721	107.0	120.0	115.0	72.0	91.0	94.0	0.06837120231872057	137.0	137
DLR00012733-2009-11-13_22-11-15	14	23	3281.0	1987.0	2704796.4031364839	752204.01391496428	102	764685.01115214906	0.0012888061008868399	151.0	157.0	135.0	69.0	86.0	89.0	0.042596138916205166	137.0	137
DLR00012733-2009-11-13_22-11-15	14	24	3408.0	1993.0	1702295.1627762537	310979.96033486462	102	338782.77717323706	0.00066536899417535289	110.0	121.0	113.0	72.0	87.0	89.0	0.10206511050152683	137.0	137
DLR00012733-2009-11-13_22-11-15	15	1	301.0	2119.0	1373082.3759122198	249754.21634750106	102	275374.68390761613	0.00065188157402099338	122.0	133.0	126.0	79.0	95.0	97.0	0.050411469385642567	137.0	137
DLR00012733-2009-11-13_22-11-15	15	2	421.0	2129.0	1248977.3298483514	190833.49174996314	102	222504.64366134154	0.00054217283208180434	112.0	124.0	119.0	75.0	94.0	98.0	0.078774390559494853	137.0	137
DLR00012733-2009-11-13_22-11-15	15	3	551.0	2128.0	1299263.4063971844	259302.33995620592	102	286783.3845556216	0.00079619478122164831	132.0	143.0	132.0	76.0	95.0	99.0	0.052999327156979449	137.0	137
DLR00012733-2009-11-13_22-11-15	15	4	692.0	2130.0	1563574.9516070595	270920.19595688389	102	300059.73447795893	0.00069997914734864889	127.0	139.0	131.0	78.0	98.0	102.0	0.076652347186998607	137.0	137
DLR00012733-2009-11-13_22-11-15	15	5	836.0	2126.0	1192746.1013922675	185249.70135876106	102	219161.32407573168	0.00058155370509462934	117.0	131.0	126.0	78.0	98.0	102.0	0.067801873609026453	137.0	137
DLR00012733-2009-11-13_22-11-15	15	6	966.0	2133.0	1476874.8196263134	268449.49462598242	102	298429.2584528242	0.00074308790141824454	127.5	141.0	132.0	77.0	97.0	100.0	0.075565446923037113	137.0	137
DLR00012733-2009-11-13_22-11-15	15	7	1110.0	2121.0	1113725.1239583872	183844.36483179632	102	216126.35672780807	0.00062951633476855369	119.0	133.0	126.0	76.0	97.0	100.0	0.065421044459396518	137.0	137
DLR00012733-2009-11-13_22-11-15	15	8	1231.0	2129.0	1378036.6691682627	230159.76767431424	102	261257.01568284389	0.00065198409914660042	120.0	134.0	126.0	76.0	96.0	99.0	0.090264479064230629	137.0	137
DLR00012733-2009-11-13_22-11-15	15	9	1382.0	2129.0	1224701.2928937424	186634.10658345348	102	221258.72171106926	0.0005612275833079875	112.0	127.0	121.0	75.0	95.0	97.0	0.086486206718078773	137.0	137
DLR00012733-2009-11-13_22-11-15	15	10	1509.0	2126.0	1840519.9446198437	368511.47563219548	102	396921.41644944769	0.00084952493581985286	131.0	143.0	132.0	75.0	94.0	97.0	0.10988044097096424	137.0	137
DLR00012733-2009-11-13_22-11-15	15	11	1642.0	2129.0	955187.73976502253	146915.01526534976	102	183128.13628130773	0.00053038253917649201	108.0	123.0	118.0	74.0	94.0	96.0	0.067232544899332336	137.0	137
DLR00012733-2009-11-13_22-11-15	15	12	1779.0	2129.0	1676285.1231820299	316357.82633864006	102	347979.30433742743	0.00074187241637099777	122.0	136.0	126.0	74.0	94.0	96.0	0.1059986543139589	137.0	137
DLR00012733-2009-11-13_22-11-15	15	13	1916.0	2129.0	1343108.9017131617	225149.79719218225	102	258552.71965884051	0.00062413086307427771	114.0	128.5	121.0	74.0	94.0	96.0	0.091817193727032759	137.0	137
DLR00012733-2009-11-13_22-11-15	15	14	2053.0	2129.0	1408010.1433673203	253309.4067433883	102	278018.58189583314	0.00068468888161169188	118.0	132.0	123.0	73.0	93.0	95.0	0.092541793903007097	137.0	137
DLR00012733-2009-11-13_22-11-15	15	15	2196.0	2128.0	3437288.6610423895	1129595.5861433463	102	1136848.5418281467	0.001414870587148429	171.0	175.0	142.0	74.0	92.0	92.0	0.054293256042647897	137.0	137
DLR00012733-2009-11-13_22-11-15	15	16	2330.0	2129.0	1344099.7603643704	237022.67389557479	102	258784.85936695986	0.00069132759001257974	118.0	132.0	123.0	73.0	93.0	95.0	0.081155219709124787	137.0	137
DLR00012733-2009-11-13_22-11-15	15	17	2470.0	2124.0	1470186.5237306557	262872.24311633548	102	292207.17485551065	0.00069689069511865559	119.0	133.0	124.0	74.0	94.0	96.0	0.085916878008384656	137.0	137
DLR00012733-2009-11-13_22-11-15	15	18	2600.0	2129.0	429041.79597329331	55024.784928469562	102	88387.722280994451	0.00042039914392093768	100.0	117.0	114.0	74.0	94.0	97.0	0.027741835308731432	137.0	137
DLR00012733-2009-11-13_22-11-15	15	19	2737.0	2129.0	1312144.568862895	194844.07116380709	102	227794.94586352594	0.00053897457205724186	109.0	123.0	118.0	74.0	94.0	96.0	0.06624915894622431	137.0	137
DLR00012733-2009-11-13_22-11-15	15	20	2866.0	2122.0	1734250.3542777288	328653.00275579223	102	353487.31255631981	0.00073661681188753631	122.0	135.0	126.0	73.0	93.0	96.0	0.089953936131670201	137.0	137
DLR00012733-2009-11-13_22-11-15	15	21	3009.0	2120.0	2736008.4506495525	783242.25356429198	102	798196.44226879522	0.0013075923126129908	162.0	168.0	143.0	73.0	92.0	94.0	0.061332229180684227	137.0	137
DLR00012733-2009-11-13_22-11-15	15	22	3142.0	2122.0	1869502.5601676931	355585.29724654602	102	377780.13903836848	0.00075230591932884882	120.0	131.0	122.0	71.0	90.0	94.0	0.089281093111122617	137.0	137
DLR00012733-2009-11-13_22-11-15	15	23	3282.0	2124.0	1929944.9378914135	376195.77256977005	102	398407.49871053721	0.00077986746477622722	117.0	128.0	119.0	69.0	87.0	90.0	0.099321981263909731	137.0	137
DLR00012733-2009-11-13_22-11-15	15	24	3408.0	2122.0	2134804.9640287766	463637.72485862538	102	483100.94909260853	0.0009513621241733286	129.0	138.0	126.0	73.0	88.0	90.0	0.081414005486258476	137.0	137
DLR00012733-2009-11-13_22-11-15	16	1	272.0	2267.0	1279941.6626986181	163980.65658353636	102	130191.98181664156	0.00048210366503358544	133.0	143.0	136.0	89.0	102.0	103.0	0.0082293877128513018	137.0	137
DLR00012733-2009-11-13_22-11-15	16	2	414.0	2268.0	1489260.5527664199	172957.77770889926	102	136935.25782631148	0.00038694774891664149	138.0	148.0	143.0	88.0	103.0	104.0	0.0075047875368769732	137.0	137
DLR00012733-2009-11-13_22-11-15	16	3	546.0	2266.0	1709478.8879975155	193968.78755407152	102	187167.03915976308	0.00039839083842589673	137.0	147.0	143.0	90.0	105.0	107.0	0.023135448475751774	137.0	137
DLR00012733-2009-11-13_22-11-15	16	4	690.0	2272.0	1577942.4020495832	194372.77614291044	102	188373.20927346166	0.00047256261182977705	139.0	149.0	143.0	93.0	111.0	113.0	0.023911805807152839	137.0	137
DLR00012733-2009-11-13_22-11-15	16	5	820.0	2266.0	1129826.5770405259	158614.76258976388	102	144310.69062983021	0.0005416058816348333	140.0	151.0	143.0	94.0	111.0	112.0	0.016872832669116506	137.0	137
DLR00012733-2009-11-13_22-11-15	16	6	957.0	2266.0	1166983.7764608457	159469.70956440456	102	154377.72925830711	0.00051632386203986132	141.0	152.0	143.0	94.0	110.0	109.0	0.014181460586926143	137.0	137
DLR00012733-2009-11-13_22-11-15	16	7	1094.0	2266.0	860065.30924900377	108774.431231207	102	105142.13763414267	0.00047774673535126087	134.0	147.0	139.0	90.0	107.0	108.0	0.011904145748149682	137.0	137
DLR00012733-2009-11-13_22-11-15	16	8	1231.0	2266.0	1206122.6931835825	160840.72172025338	102	157629.23026776611	0.00050933500163259204	132.0	145.0	137.0	90.0	107.0	107.0	0.019512447595880129	137.0	137
DLR00012733-2009-11-13_22-11-15	16	9	1372.0	2253.0	1492480.8433828475	239181.04717937417	102	246151.79856708928	0.00064351421657126491	135.0	148.0	138.0	82.0	100.0	103.0	0.027120749443610578	137.0	137
DLR00012733-2009-11-13_22-11-15	16	10	1505.0	2266.0	1139487.448889809	157645.72153535933	102	155808.89305999142	0.00050521984429153415	123.0	137.0	130.0	87.0	104.0	104.0	0.043890067801873607	137.0	137
DLR00012733-2009-11-13_22-11-15	16	11	1642.0	2266.0	1442442.4814968167	227055.4241602933	102	216660.75115284309	0.00059164207361588408	127.0	140.0	131.0	87.0	104.0	104.0	0.04047409554370892	137.0	137
DLR00012733-2009-11-13_22-11-15	16	12	1779.0	2266.0	1553914.0797577763	239955.02801506294	102	232383.0210116565	0.00058942068212918344	131.0	143.0	134.0	85.0	103.0	102.0	0.042596138916205166	137.0	137
DLR00012733-2009-11-13_22-11-15	16	13	1916.0	2266.0	1339145.4671083279	192670.03947342135	102	180866.36544821557	0.0005462159872934993	130.0	143.0	134.0	84.0	101.0	102.0	0.043372496247606231	137.0	137
DLR00012733-2009-11-13_22-11-15	16	14	2053.0	2266.0	1513288.8750582268	239843.0090497745	102	226838.89573704163	0.00060734291322597062	140.0	151.0	138.0	87.0	104.0	103.0	0.032555250763418045	137.0	137
DLR00012733-2009-11-13_22-11-15	16	15	2190.0	2266.0	1390422.4023083691	211184.63662537711	102	189348.92746152266	0.00058954899844628188	140.0	152.0	140.0	87.0	105.0	104.0	0.017235132757103668	137.0	137
DLR00012733-2009-11-13_22-11-15	16	16	2327.0	2266.0	1250959.0471507686	150780.56254300091	102	154105.49385854081	0.00042895399722189408	124.0	138.0	131.0	88.0	106.0	107.0	0.022824905543191346	137.0	137
DLR00012733-2009-11-13_22-11-15	16	17	2464.0	2264.0	1866282.2695512655	235352.59140552892	102	244104.6488329907	0.00043920636512111789	131.0	144.0	138.0	86.0	104.0	105.0	0.035505408622742096	137.0	137
DLR00012733-2009-11-13_22-11-15	16	18	2600.0	2266.0	1842006.2325966565	257321.58726289915	102	221561.11370962102	0.00055617075838372131	137.0	148.0	139.0	86.0	104.0	104.0	0.01076548832876145	137.0	137
DLR00012733-2009-11-13_22-11-15	16	19	2734.0	2255.0	1219746.9996376999	150600.84938239484	102	133406.40821446979	0.00041617561238094854	125.5	138.0	133.0	83.0	101.0	102.0	0.018218518710211688	137.0	137
DLR00012733-2009-11-13_22-11-15	16	20	2874.0	2266.0	1420891.3058330314	163212.46973189959	102	126739.63212628862	0.00039681471417330789	144.0	155.0	144.0	84.0	101.0	103.0	0.029501578593240516	137.0	137
DLR00012733-2009-11-13_22-11-15	16	21	3009.0	2255.0	1469691.0944050516	212153.34869472933	102	172426.52602138632	0.00049712071305964799	150.0	159.0	145.0	81.0	99.0	101.0	0.030174421613788107	137.0	137
DLR00012733-2009-11-13_22-11-15	16	22	3145.0	2252.0	1254427.0524299985	179274.89556257721	102	140044.27780225434	0.0005018952296130119	142.0	152.0	140.0	80.0	96.0	98.0	0.029967392992081156	137.0	137
DLR00012733-2009-11-13_22-11-15	16	23	3278.0	2250.0	1241298.1753014855	192908.1730149512	102	148718.42946970958	0.00060194939010419293	146.0	154.0	140.0	78.0	93.0	96.0	0.031675379121163499	137.0	137
DLR00012733-2009-11-13_22-11-15	16	24	3416.0	2255.0	1413707.5806117696	201393.70843897178	102	157841.12262919956	0.0005001168764204926	141.0	150.0	137.0	80.0	94.0	94.0	0.034573779825060817	137.0	137
