K000134_027_078_2012-05-05_20-22-27	1	1	323.0	152.0	13356127.100254199	2645627.9783238103	65	2576463.3746445612	0.26351117255720607	133.0	121.0	95.0	53.0	52.0	50.0	0.04842898574686038	380.0	380
K000134_027_078_2012-05-05_20-22-27	1	2	710.0	150.0	18524260.607187882	4097716.5321853869	65	4141657.7747521014	0.28459352334420057	138.0	127.0	99.0	55.0	55.0	52.0	0.046389870557518892	380.0	380
K000134_027_078_2012-05-05_20-22-27	1	3	1097.0	147.0	19152584.289168581	4009012.876975439	65	4171593.4560899008	0.27764452120916688	135.0	125.0	98.0	57.0	57.0	54.0	0.042118750904168473	380.0	380
K000134_027_078_2012-05-05_20-22-27	1	4	1485.0	145.0	19444550.602434535	4047297.6336557027	65	4280969.1214003619	0.27578962092385745	135.0	125.0	98.0	58.0	58.0	55.0	0.042373640302836163	380.0	380
K000134_027_078_2012-05-05_20-22-27	1	5	1872.0	143.0	18760167.359001383	3713916.7518382869	65	3969768.9190817853	0.26459744874248486	131.0	122.0	97.0	58.0	58.0	56.0	0.042387418108169553	380.0	380
K000134_027_078_2012-05-05_20-22-27	1	6	2259.0	141.0	19211180.482360963	3776162.4232933708	65	4045040.6211429667	0.26010334641405353	130.0	121.0	96.0	58.0	58.0	56.0	0.046079869937517656	380.0	380
K000134_027_078_2012-05-05_20-22-27	1	7	2646.0	140.0	19235532.147064295	3456310.2872621017	65	3757876.9854309945	0.13364451642209579	93.0	88.0	78.0	59.0	59.0	57.0	0.056495890769559319	380.0	380
K000134_027_078_2012-05-05_20-22-27	1	8	3033.0	144.0	19082319.589972515	2591451.4705426358	65	2926885.7699747444	0.083236657966213448	78.0	75.0	69.0	59.0	59.0	57.0	0.065851020590930065	380.0	380
K000134_027_078_2012-05-05_20-22-27	1	9	3415.0	116.0	19647227.478454955	2631643.2293559927	65	2996970.0911266627	0.084687649129280229	79.0	76.0	70.0	60.0	60.0	58.0	0.08460261364967174	380.0	380
K000134_027_078_2012-05-05_20-22-27	1	10	3808.0	132.0	13414723.293446587	1338595.4468951072	65	1840819.0186712604	0.075562145290049232	76.0	74.0	68.0	60.0	60.0	59.0	0.030166504777454001	380.0	380
K000134_027_078_2012-05-05_20-22-27	1	11	4195.0	130.0	18247767.747535493	2153854.4412247939	65	2387797.9938701615	0.064142557313256951	73.0	71.0	66.0	58.0	58.0	56.0	0.060408787484241638	380.0	380
K000134_027_078_2012-05-05_20-22-27	1	12	4582.0	127.0	20725042.304751273	2482805.5914482684	65	2635273.455087251	0.055911188593894205	72.0	68.0	62.0	56.0	56.0	54.0	0.10459420918841837	380.0	380
K000134_027_078_2012-05-05_20-22-27	2	1	298.0	528.0	14625964.949263234	3506360.4944998412	65	3252516.0879474194	0.29275823209879615	142.0	129.0	97.0	52.0	52.0	49.0	0.036952073904147807	380.0	380
K000134_027_078_2012-05-05_20-22-27	2	2	696.0	529.0	11397086.407506147	2987354.4750135667	65	2882127.36967164	0.29275823209879615	142.0	129.0	99.0	54.0	54.0	51.0	0.033163177437465989	380.0	380
K000134_027_078_2012-05-05_20-22-27	2	3	1080.0	528.0	11006445.119556906	2901327.8118776213	65	2994189.4641074995	0.29220137605559765	140.0	129.0	99.0	56.0	56.0	53.0	0.032653398640130615	380.0	380
K000134_027_078_2012-05-05_20-22-27	2	4	1487.0	532.0	10845115.340897348	2769680.1687680013	65	2983238.9261151268	0.29130727085492364	140.0	129.0	100.0	57.0	57.0	54.0	0.0320747308161283	380.0	380
K000134_027_078_2012-05-05_20-22-27	2	5	1874.0	530.0	10789055.779444892	2674427.4715742739	65	2931864.4432876366	0.28844843200688441	138.0	129.0	100.0	57.0	57.0	55.0	0.036366517177478797	380.0	380
K000134_027_078_2012-05-05_20-22-27	2	6	2256.0	521.0	10195230.289127244	2294223.8794067996	65	2607262.1306152325	0.27915430358891563	134.0	126.0	100.0	58.0	58.0	56.0	0.052355660266876089	380.0	380
K000134_027_078_2012-05-05_20-22-27	2	7	2649.0	526.0	9086214.8924297839	1570631.0622263269	65	1958192.5338775604	0.17565432632750327	104.0	100.0	84.0	58.0	58.0	56.0	0.057460337142896507	380.0	380
K000134_027_078_2012-05-05_20-22-27	2	8	3036.0	523.0	6187098.4768636199	677630.21704758506	65	1134858.417350132	0.028013140641803214	62.0	62.0	59.0	58.0	59.0	57.0	0.030951839681457139	380.0	380
K000134_027_078_2012-05-05_20-22-27	2	9	3424.0	540.0	6518128.9189245049	708453.63650918507	65	1180981.648308319	0.025432744774960381	62.0	61.0	59.0	59.0	59.0	57.0	0.027769166649444409	380.0	380
K000134_027_078_2012-05-05_20-22-27	2	10	3806.0	535.0	5426869.944406555	598979.40405074635	65	1093716.4320780872	0.025187646735744695	61.0	61.0	59.0	59.0	59.0	57.0	0.018820482085408614	380.0	380
K000134_027_078_2012-05-05_20-22-27	2	11	4171.0	551.0	5268837.7870089076	275438.92524145218	65	648923.9868367567	0.01366803889260744	59.0	58.0	57.0	58.0	58.0	56.0	0.013674471793388031	380.0	380
K000134_027_078_2012-05-05_20-22-27	2	12	4585.0	515.0	6261421.7868435746	527838.21682781167	65	689122.28012264171	0.0127739187323363	58.0	58.0	55.0	56.0	56.0	54.0	0.016009809797397374	380.0	380
K000134_027_078_2012-05-05_20-22-27	3	1	327.0	926.0	16633708.971417943	4315763.9716013018	65	4141492.7078815759	0.31002100879150452	146.0	133.0	102.0	52.0	52.0	50.0	0.037902742472151613	380.0	380
K000134_027_078_2012-05-05_20-22-27	3	2	693.0	923.0	13550433.091532849	3845497.3040384753	65	3718861.2240502322	0.31875825124708046	148.0	136.0	105.0	53.0	53.0	51.0	0.036270072540145082	380.0	380
K000134_027_078_2012-05-05_20-22-27	3	3	1085.0	916.0	13568696.840060348	3891741.0962420157	65	3906731.904966068	0.31875825124708046	147.0	136.0	104.0	55.0	55.0	52.0	0.03687629597481417	380.0	380
K000134_027_078_2012-05-05_20-22-27	3	4	1477.0	915.0	13402547.461094923	3798331.3002136638	65	3895269.9258743282	0.31875825124708046	147.0	136.0	104.0	56.0	56.0	53.0	0.036593850965479707	380.0	380
K000134_027_078_2012-05-05_20-22-27	3	5	1869.0	910.0	13469260.875855086	3735846.7016447512	65	3890852.962393662	0.31969549992584884	147.0	137.0	105.0	56.0	57.0	54.0	0.036483628522812603	380.0	380
K000134_027_078_2012-05-05_20-22-27	3	6	2257.0	913.0	13305140.802281605	3559093.6016432545	65	3759503.6928554554	0.3238092096187104	148.0	138.0	106.0	57.0	57.0	54.0	0.040148524741493927	380.0	380
K000134_027_078_2012-05-05_20-22-27	3	7	2651.0	913.0	13658493.603653876	3465974.8705095486	65	3708592.178417867	0.32267981987453148	147.0	137.0	107.0	57.0	58.0	55.0	0.051322324866871959	380.0	380
K000134_027_078_2012-05-05_20-22-27	3	8	3038.0	911.0	11874734.164134994	2667240.0215704036	65	2995571.0064305412	0.29631508574845916	139.0	131.0	103.0	58.0	58.0	56.0	0.05328566212687981	380.0	380
K000134_027_078_2012-05-05_20-22-27	3	9	3425.0	908.0	11203795.068923471	2098633.5778473676	65	2453802.9296658244	0.16711902347345148	103.0	98.0	82.0	58.0	58.0	56.0	0.050784990458869805	380.0	380
K000134_027_078_2012-05-05_20-22-27	3	10	3804.0	927.0	7124891.2311157966	1072929.8180162599	65	1483819.1569893286	0.029354313402411361	63.0	62.0	59.0	58.0	58.0	57.0	0.029332947554783998	380.0	380
K000134_027_078_2012-05-05_20-22-27	3	11	4212.0	893.0	8725759.5221857093	1195249.81627448	65	1530535.0991794525	0.021577851071873679	61.0	60.0	58.0	58.0	58.0	56.0	0.031213617982791521	380.0	380
K000134_027_078_2012-05-05_20-22-27	3	12	4587.0	902.0	7010742.80281894	594850.57039680786	65	864918.10729007307	0.01366803889260744	59.0	58.0	56.0	57.0	57.0	55.0	0.016464477373399192	380.0	380
K000134_027_078_2012-05-05_20-22-27	4	1	303.0	1304.0	14467425.465517597	3441001.8494849289	65	3240226.5822258117	0.28350724715892178	139.0	127.0	96.0	52.0	52.0	50.0	0.034313624182803919	380.0	380
K000134_027_078_2012-05-05_20-22-27	4	2	717.0	1311.0	11035870.047740098	2773985.185317738	65	2651785.7367365672	0.2804366701732447	137.0	126.0	97.0	53.0	54.0	51.0	0.030586727840122348	380.0	380
K000134_027_078_2012-05-05_20-22-27	4	3	1104.0	1309.0	11480287.928575857	2850032.6406305498	65	2876907.6666366942	0.27675038608929864	135.0	126.0	97.0	55.0	55.0	52.0	0.03134450713345871	380.0	380
K000134_027_078_2012-05-05_20-22-27	4	4	1491.0	1307.0	12121294.769256206	2948072.5450473474	65	3047879.6325674867	0.27263667639643707	134.0	125.0	96.0	56.0	56.0	53.0	0.032178064356128709	380.0	380
K000134_027_078_2012-05-05_20-22-27	4	5	1879.0	1305.0	11133276.706553413	2589442.5587027068	65	2768341.7195898076	0.27137785621797511	132.0	124.0	97.0	56.0	57.0	54.0	0.038178298578819381	380.0	380
K000134_027_078_2012-05-05_20-22-27	4	6	2266.0	1302.0	10007773.203546409	1997010.5786769416	65	2228462.1975948322	0.25004059389605415	126.0	119.0	95.0	57.0	57.0	54.0	0.057915004718898329	380.0	380
K000134_027_078_2012-05-05_20-22-27	4	7	2653.0	1300.0	7968067.6214685747	1288782.6821722577	65	1588815.2147001585	0.16957785765409641	102.0	98.0	83.0	57.0	58.0	55.0	0.048366985622860133	380.0	380
K000134_027_078_2012-05-05_20-22-27	4	8	3040.0	1298.0	8161866.2863992387	1134837.5179047193	65	1490192.6729272257	0.045150391355076799	68.0	67.0	60.0	57.0	58.0	56.0	0.042318529081502611	380.0	380
K000134_027_078_2012-05-05_20-22-27	4	9	3438.0	1301.0	6529290.0985801965	721884.70269624016	65	1119868.032900709	0.021468047629012159	60.0	61.0	57.0	58.0	58.0	56.0	0.026901164913440939	380.0	380
K000134_027_078_2012-05-05_20-22-27	4	10	3815.0	1293.0	6400682.8693657387	479879.12293495878	65	875673.7016319395	0.017311179498459155	59.0	59.0	57.0	58.0	58.0	56.0	0.020983597522750599	380.0	380
K000134_027_078_2012-05-05_20-22-27	4	11	4202.0	1291.0	13295247.938495874	1574478.2834616539	65	1845560.3468577988	0.024581768092783604	62.0	61.0	58.0	58.0	58.0	56.0	0.052052548549541541	380.0	380
K000134_027_078_2012-05-05_20-22-27	4	12	4637.0	1308.0	3249678.9220245113	34940.027754084222	65	276098.8517601295	0.0085739220832860546	57.0	57.0	55.0	57.0	57.0	55.0	0.0012400024800049601	380.0	380
K000134_027_078_2012-05-05_20-22-27	5	1	332.0	1701.0	16644362.82472565	4154910.8991088457	65	3943392.0523955375	0.29970726415302412	143.0	131.0	100.0	52.0	52.0	49.0	0.036772962434813761	380.0	380
K000134_027_078_2012-05-05_20-22-27	5	2	719.0	1699.0	13921542.315084631	3817350.0641198209	65	3690033.6491920752	0.30731511686442115	145.0	133.0	102.0	53.0	53.0	51.0	0.035450293122808466	380.0	380
K000134_027_078_2012-05-05_20-22-27	5	3	1106.0	1696.0	13568189.513712363	3732247.990147003	65	3749324.7319782209	0.30699354536472756	144.0	133.0	102.0	55.0	55.0	52.0	0.035732738132142929	380.0	380
K000134_027_078_2012-05-05_20-22-27	5	4	1494.0	1694.0	13372361.543389754	3612787.0822747936	65	3678375.8285747408	0.30609944016405349	143.0	133.0	102.0	55.0	56.0	53.0	0.035436515317475083	380.0	380
K000134_027_078_2012-05-05_20-22-27	5	5	1881.0	1692.0	13254915.493830988	3489049.2698454983	65	3591332.4965736046	0.30330726128078145	143.0	133.0	101.0	55.0	56.0	53.0	0.03452718016547144	380.0	380
K000134_027_078_2012-05-05_20-22-27	5	6	2268.0	1690.0	15025991.774650218	3903027.6523762047	65	4018917.0618511299	0.30699354536472756	143.0	134.0	102.0	56.0	57.0	53.0	0.038812077624155249	380.0	380
K000134_027_078_2012-05-05_20-22-27	5	7	2655.0	1687.0	12301902.949139232	2894688.3648566729	65	3075703.7680269359	0.30275040523758295	141.0	132.0	103.0	56.0	57.0	54.0	0.044681422696178724	380.0	380
K000134_027_078_2012-05-05_20-22-27	5	8	3042.0	1685.0	14483659.908653151	3065064.3909508721	65	3270071.6926923743	0.28642490714283719	136.0	128.0	101.0	57.0	57.0	55.0	0.056013667582890718	380.0	380
K000134_027_078_2012-05-05_20-22-27	5	9	3430.0	1683.0	12972081.054828778	2371237.1788188987	65	2630137.4930043938	0.20157392268166993	112.0	107.0	87.0	57.0	58.0	55.0	0.045535646626848808	380.0	380
K000134_027_078_2012-05-05_20-22-27	5	10	3817.0	1681.0	10014368.446070224	1505285.3457875329	65	1787575.6535671807	0.028013140641803214	63.0	62.0	57.0	57.0	58.0	56.0	0.032873843525464831	380.0	380
K000134_027_078_2012-05-05_20-22-27	5	11	4204.0	1678.0	5141245.2104904205	394450.01497109584	65	618514.56774981879	0.012495490710737035	58.0	58.0	56.0	56.0	57.0	55.0	0.013522915934720759	380.0	380
K000134_027_078_2012-05-05_20-22-27	5	12	4591.0	1676.0	6903950.6065678801	471375.80158361036	65	593893.90941421734	0.0085739220832860546	57.0	57.0	55.0	56.0	56.0	54.0	0.014652695972058611	380.0	380
K000134_027_078_2012-05-05_20-22-27	6	1	300.0	2081.0	15046538.491743648	3408647.4096571947	65	3128623.4042535075	0.27080529259780045	135.0	123.0	94.0	51.0	51.0	49.0	0.033982956854802598	380.0	380
K000134_027_078_2012-05-05_20-22-27	6	2	721.0	2086.0	11593421.704176741	2789683.3607612136	65	2627248.9933513817	0.26681706400558231	133.0	123.0	94.0	53.0	53.0	50.0	0.030421394176121684	380.0	380
K000134_027_078_2012-05-05_20-22-27	6	3	1109.0	2084.0	12622786.864240397	2841445.2487020516	65	2832772.2581583881	0.26289549537813134	131.0	122.0	94.0	54.0	55.0	52.0	0.031006950902790695	380.0	380
K000134_027_078_2012-05-05_20-22-27	6	4	1496.0	2081.0	11139871.949077232	2561891.7792795417	65	2618128.3290531524	0.26195824669936296	131.0	122.0	94.0	55.0	56.0	53.0	0.030228504901454248	380.0	380
K000134_027_078_2012-05-05_20-22-27	6	5	1883.0	2079.0	10138156.074978817	2197484.5476234243	65	2266071.0955451974	0.25334648534443038	128.0	120.0	94.0	55.0	56.0	53.0	0.039487190085491279	380.0	380
K000134_027_078_2012-05-05_20-22-27	6	6	2270.0	2077.0	12151227.023787383	2470825.5515774251	65	2574823.6226618695	0.24829549705360621	125.0	119.0	93.0	55.0	56.0	53.0	0.059361674278904111	380.0	380
K000134_027_078_2012-05-05_20-22-27	6	7	2657.0	2075.0	11602553.578440491	2125124.7505943067	65	2241999.8038691697	0.2343543193862502	121.0	115.0	92.0	56.0	56.0	53.0	0.053182328586879393	380.0	380
K000134_027_078_2012-05-05_20-22-27	6	8	3045.0	2072.0	9682323.3513133693	1110374.6594258514	65	1267869.6906248089	0.017824907023160443	60.0	60.0	56.0	56.0	56.0	54.0	0.044323199757510624	380.0	380
K000134_027_078_2012-05-05_20-22-27	6	9	3432.0	2070.0	12683.158699650734	277.78754883201924	65	240687.20391495066	0.02095823951875634	60.5	60.5	56.5	56.0	57.0	55.0	0.0	380.0	380
K000134_027_078_2012-05-05_20-22-27	6	10	3852.0	2044.0	4891133.3209333085	307009.22958261572	65	482899.22377918469	0.0085739220832860546	57.0	57.0	55.0	56.0	56.0	54.0	0.011463134037379186	380.0	380
K000134_027_078_2012-05-05_20-22-27	6	11	4195.0	2057.0	0.0	0.0	65	83381.648261668481	0.0				55.0	55.0	54.0	0.0	380.0	380
K000134_027_078_2012-05-05_20-22-27	6	12	4594.0	2063.0	11538376.795420257	640957.21633347624	65	599054.98040107614	0.0018602044917572563	55.0	55.0	54.0	54.0	54.0	53.0	0.028285834349446478	380.0	380
K000134_027_078_2012-05-05_20-22-27	7	1	302.0	2465.0	18635365.077396821	4490092.2536080275	65	4202490.4329233374	0.28738570222747262	140.0	128.0	97.0	51.0	51.0	48.0	0.039934968758826406	380.0	380
K000134_027_078_2012-05-05_20-22-27	7	2	696.0	2473.0	13871063.343460022	3677395.8672619704	65	3480454.0884244218	0.29825630290915156	142.0	130.0	100.0	52.0	53.0	50.0	0.035326292874807971	380.0	380
K000134_027_078_2012-05-05_20-22-27	7	3	1081.0	2469.0	14194230.22712712	3799756.17003761	65	3784457.4775948236	0.29915040810982557	142.0	131.0	101.0	54.0	55.0	51.0	0.035222959334807562	380.0	380
K000134_027_078_2012-05-05_20-22-27	7	4	1498.0	2469.0	13952742.88548577	3700230.2592061502	65	3733859.7565909461	0.29915040810982557	142.0	131.0	101.0	55.0	55.0	52.0	0.035312515069474582	380.0	380
K000134_027_078_2012-05-05_20-22-27	7	5	1885.0	2466.0	13965933.37053341	3599901.9724894715	65	3630472.3356069531	0.30027979785400449	142.0	132.0	101.0	55.0	55.0	52.0	0.035567404468142272	380.0	380
K000134_027_078_2012-05-05_20-22-27	7	6	2273.0	2464.0	13568696.840060348	3291723.2770072939	65	3355313.3848341051	0.29825630290915156	141.0	131.0	101.0	55.0	56.0	53.0	0.036807406948147228	380.0	380
K000134_027_078_2012-05-05_20-22-27	7	7	2660.0	2462.0	12337162.130324261	2751302.4470768292	65	2824052.0969034075	0.29844844397456211	141.0	131.0	101.0	55.0	56.0	53.0	0.043537864853507482	380.0	380
K000134_027_078_2012-05-05_20-22-27	7	8	3050.0	2471.0	12117743.484820303	2325491.5647382718	65	2410359.5937144603	0.25954646045166074	129.0	121.0	96.0	56.0	56.0	53.0	0.042256528957502357	380.0	380
K000134_027_078_2012-05-05_20-22-27	7	9	3434.0	2457.0	9038018.889371112	1091656.3346187668	65	1225617.4362059212	0.017377839463226314	60.0	59.0	56.0	56.0	56.0	54.0	0.034919847617473014	380.0	380
K000134_027_078_2012-05-05_20-22-27	7	10	3824.0	2474.0	7218239.279145224	625699.36160219915	65	710868.38062760513	0.0085739220832860546	57.0	57.0	55.0	55.0	56.0	54.0	0.023635825049427878	380.0	380
K000134_027_078_2012-05-05_20-22-27	7	11	4230.0	2411.0	6356545.4770909538	406040.15901267092	65	345652.33588477696	0.00073078482838409445	55.0	55.0	53.0	54.0	54.0	53.0	0.014494251210724644	380.0	380
K000134_027_078_2012-05-05_20-22-27	7	12	4616.0	2475.0	7041943.3732200805	339031.55402995436	65	130877.47530120467	-0.0059829327631447044	53.0	53.0	52.0	53.0	53.0	51.0	0.013295582146719848	380.0	380
K000134_027_078_2012-05-05_20-22-27	8	1	339.0	2862.0	18750528.15838965	4029187.7131052921	65	3926898.4958320786	0.25707588298727657	132.0	120.0	92.0	52.0	52.0	49.0	0.036125405584144503	380.0	380
K000134_027_078_2012-05-05_20-22-27	8	2	693.0	2867.0	14048881.228429126	3285973.7375265136	65	3215956.1508350885	0.2649190202421785	133.0	122.0	95.0	53.0	53.0	51.0	0.033238955366799619	380.0	380
K000134_027_078_2012-05-05_20-22-27	8	3	1081.0	2866.0	13067204.745076157	3103611.268889585	65	3146839.2178790332	0.26587981532681393	133.0	122.0	95.0	55.0	55.0	52.0	0.03239162033879623	380.0	380
K000134_027_078_2012-05-05_20-22-27	8	4	1500.0	2856.0	13086736.809473619	2998487.7098076646	65	3058136.1913523097	0.26402491504150449	132.0	122.0	95.0	55.0	55.0	53.0	0.032040286302794825	380.0	380
K000134_027_078_2012-05-05_20-22-27	8	5	1888.0	2853.0	12430002.852005703	2627237.7467687251	65	2645973.5781982364	0.25690725840853879	129.0	120.0	95.0	55.0	55.0	53.0	0.041546971982832852	380.0	380
K000134_027_078_2012-05-05_20-22-27	8	6	2275.0	2851.0	12385865.459730919	2472184.2717584525	65	2549154.8064389294	0.25569158170817119	128.0	120.0	96.0	55.0	55.0	53.0	0.048477208065527244	380.0	380
K000134_027_078_2012-05-05_20-22-27	8	7	2662.0	2849.0	11069860.913055159	1592660.161937034	65	1722996.6309735943	0.12676217425182926	92.0	87.0	74.0	56.0	56.0	54.0	0.065637464608262544	380.0	380
K000134_027_078_2012-05-05_20-22-27	8	8	3019.0	2848.0	9413440.3868807741	1043749.6658516513	65	1126721.7329235512	0.0215111761475094	62.0	60.0	56.0	55.0	55.0	54.0	0.048112096224192449	380.0	380
K000134_027_078_2012-05-05_20-22-27	8	9	3433.0	2840.0	10638126.190919049	1074348.7927022085	65	1146034.6993533694	0.01366803889260744	59.0	58.0	55.0	56.0	55.0	54.0	0.04809831841885906	380.0	380
K000134_027_078_2012-05-05_20-22-27	8	10	3836.0	2809.0	6158180.8750284165	254162.31208220005	65	321668.30643649056	0.0046523534558350751	56.0	56.0	54.0	55.0	55.0	54.0	0.014714696096058858	380.0	380
K000134_027_078_2012-05-05_20-22-27	8	11	4190.0	2961.0	9171699.3820654303	1274330.5610592035	65	1334251.834847	0.10000920866129616	84.0	80.0	72.0	55.0	54.0	53.0	0.050943435220203774	380.0	380
K000134_027_078_2012-05-05_20-22-27	8	12	4598.0	2838.0	5321346.0640254607	83077.953057914376	65	0.0	-0.006833924404918602	53.0	53.0	52.0	53.0	52.0	51.0	0.007054236330694884	380.0	380
