K000134_027_078_2012-05-04_04-23-43	1	1	323.0	152.0	13356127.100254199	66843.546305337135	65	0.0	-0.012931964817372646	52.0	51.0	50.0	49.0	49.0	49.0	0.04515675698018063	380.0	380
K000134_027_078_2012-05-04_04-23-43	1	2	710.0	150.0	18524260.607187882	257996.29447452785	65	66149.240760703993	0.0094680422435571947	57.0	57.0	55.0	51.0	51.0	51.0	0.042497640550836657	380.0	380
K000134_027_078_2012-05-04_04-23-43	1	3	1097.0	147.0	19152584.289168581	420234.56380444468	65	364128.78472630255	0.012495490710737035	58.0	58.0	57.0	53.0	53.0	53.0	0.032446731560129789	380.0	380
K000134_027_078_2012-05-04_04-23-43	1	4	1485.0	145.0	19444550.602434535	463713.98430909455	65	478779.09805754351	0.012495490710737035	58.0	58.0	57.0	54.0	55.0	54.0	0.026384497213438871	380.0	380
K000134_027_078_2012-05-04_04-23-43	1	5	1872.0	143.0	18760167.359001383	432713.05720335885	65	457665.58459985891	0.0085739220832860546	57.0	57.0	56.0	54.0	55.0	54.0	0.021768932426753741	380.0	380
K000134_027_078_2012-05-04_04-23-43	1	6	2259.0	141.0	19211180.482360963	392761.63954898011	65	440996.38359071955	0.0055464736161062143	56.0	56.0	56.0	55.0	55.0	54.0	0.01961270589207845	380.0	380
K000134_027_078_2012-05-04_04-23-43	1	7	2646.0	140.0	19235532.147064295	497549.10607950937	65	581304.06644329731	0.0094680422435571947	57.0	57.0	56.0	55.0	56.0	55.0	0.028382278986780196	380.0	380
K000134_027_078_2012-05-04_04-23-43	1	8	3033.0	144.0	19082319.589972515	555247.85207224498	65	660513.65984563611	0.013389610871008175	58.0	58.0	57.0	56.0	56.0	55.0	0.02853383484544747	380.0	380
K000134_027_078_2012-05-04_04-23-43	1	9	3415.0	116.0	19647227.478454955	1039756.0552800939	65	1200474.2181438354	0.032103333847991938	64.0	63.0	60.0	57.0	57.0	56.0	0.061731456796246927	380.0	380
K000134_027_078_2012-05-04_04-23-43	1	10	3808.0	132.0	13414723.293446587	728897.57854952663	65	974562.84401654231	0.051864108946605599	69.0	67.0	63.0	57.0	57.0	56.0	0.036400961690812271	380.0	380
K000134_027_078_2012-05-04_04-23-43	1	11	4195.0	130.0	18247767.747535493	571056.40429567872	65	588613.4919901687	0.0055464736161062143	56.0	56.0	56.0	55.0	55.0	54.0	0.04491564538684633	380.0	380
K000134_027_078_2012-05-04_04-23-43	1	12	4582.0	127.0	20725042.304751273	516482.01954999857	65	488087.24520705588	-0.0062182322662467267	53.0	53.0	52.0	53.0	53.0	52.0	0.076528819724306113	380.0	380
K000134_027_078_2012-05-04_04-23-43	2	1	298.0	528.0	14625964.949263234	0.0	65	0.0	-0.014061369521148687	51.0	51.0	50.0	49.0	49.0	48.0	0.018696481837408119	380.0	380
K000134_027_078_2012-05-04_04-23-43	2	2	696.0	529.0	11397086.407506147	0.0	65	0.0	-0.0062182322662467267	53.0	53.0	52.0	50.0	51.0	50.0	0.0092655740867037296	380.0	380
K000134_027_078_2012-05-04_04-23-43	2	3	1080.0	528.0	11006445.119556906	0.0	65	0.0	-0.0050888275624706852	53.0	54.0	53.0	52.0	53.0	52.0	0.0036097849973477725	380.0	380
K000134_027_078_2012-05-04_04-23-43	2	4	1487.0	532.0	10845115.340897348	0.0	65	0.0	-0.003190783799066886	53.0	54.0	53.0	53.0	54.0	53.0	0.0028520057040114081	380.0	380
K000134_027_078_2012-05-04_04-23-43	2	5	1874.0	530.0	10789055.779444892	0.0	65	0.0	-0.0022966636387957463	54.0	54.0	54.0	53.0	54.0	53.0	0.00073022368266958753	380.0	380
K000134_027_078_2012-05-04_04-23-43	2	6	2256.0	521.0	10195230.289127244	0.0	65	0.0	-0.0011672589350197045	54.0	55.0	54.0	54.0	55.0	54.0	0.000434000868001736	380.0	380
K000134_027_078_2012-05-04_04-23-43	2	7	2649.0	526.0	9086214.8924297839	7763.7744586199115	65	19066.939689070659	0.0016249049886552342	54.0	55.0	54.0	54.0	55.0	54.0	0.00080600161200322401	380.0	380
K000134_027_078_2012-05-04_04-23-43	2	8	3036.0	523.0	6187098.4768636199	16557.737200070427	65	78651.618206684114	0.0016249049886552342	55.0	55.0	54.0	55.0	55.0	54.0	0.0013777805333388445	380.0	380
K000134_027_078_2012-05-04_04-23-43	2	9	3424.0	540.0	6518128.9189245049	24985.346851254817	65	133305.93167000535	0.0027543096924312759	55.0	56.0	55.0	55.0	56.0	55.0	0.00097822417867057961	380.0	380
K000134_027_078_2012-05-04_04-23-43	2	10	3806.0	535.0	5426869.944406555	30067.363540302002	65	181651.19629886973	0.0055464736161062143	56.0	56.0	55.0	56.0	56.0	55.0	0.00073022368266958753	380.0	380
K000134_027_078_2012-05-04_04-23-43	2	11	4171.0	551.0	5268837.7870089076	6222.0938544225928	65	42678.941571477611	0.0016249049886552342	55.0	55.0	54.0	55.0	55.0	54.0	0.00066822355866933954	380.0	380
K000134_027_078_2012-05-04_04-23-43	2	12	4585.0	515.0	6261421.7868435746	0.0	65	0.0	-0.003190783799066886	54.0	54.0	52.0	54.0	54.0	52.0	0.00068200136400272803	380.0	380
K000134_027_078_2012-05-04_04-23-43	3	1	327.0	926.0	16633708.971417943	261641.97480289123	65	0.0	-0.0071123524265178668	53.0	53.0	51.0	49.0	50.0	49.0	0.030352505149454742	380.0	380
K000134_027_078_2012-05-04_04-23-43	3	2	693.0	923.0	13550433.091532849	32894.901245355933	65	0.0	0.00073078482838409445	55.0	55.0	53.0	50.0	51.0	51.0	0.016519588594732744	380.0	380
K000134_027_078_2012-05-04_04-23-43	3	3	1085.0	916.0	13568696.840060348	0.0	65	0.0	-0.003190783799066886	53.0	54.0	53.0	52.0	52.0	52.0	0.0050013433360200053	380.0	380
K000134_027_078_2012-05-04_04-23-43	3	4	1477.0	915.0	13402547.461094923	0.0	65	0.0	-0.003190783799066886	53.0	54.0	53.0	52.0	53.0	53.0	0.0025213383760100852	380.0	380
K000134_027_078_2012-05-04_04-23-43	3	5	1869.0	910.0	13469260.875855086	0.0	65	0.0	-0.003190783799066886	53.0	54.0	53.0	53.0	54.0	53.0	0.0012882247986718196	380.0	380
K000134_027_078_2012-05-04_04-23-43	3	6	2257.0	913.0	13305140.802281605	0.0	65	0.0	-0.0022966636387957463	53.0	54.0	53.0	53.0	54.0	53.0	0.001488002976005952	380.0	380
K000134_027_078_2012-05-04_04-23-43	3	7	2651.0	913.0	13658493.603653876	0.0	65	0.0	-0.002061364135693724	54.0	55.0	53.0	53.0	55.0	53.0	0.00050977879733537243	380.0	380
K000134_027_078_2012-05-04_04-23-43	3	8	3038.0	911.0	11874734.164134994	11115.889474370419	65	32317.28266227078	0.00073078482838409445	54.0	55.0	53.0	54.0	55.0	54.0	0.0045673424680182694	380.0	380
K000134_027_078_2012-05-04_04-23-43	3	9	3425.0	908.0	11203795.068923471	26520.502345541823	65	72016.669479179662	0.0016249049886552342	55.0	55.0	54.0	55.0	55.0	54.0	0.0016808922506733903	380.0	380
K000134_027_078_2012-05-04_04-23-43	3	10	3804.0	927.0	7124891.2311157966	12924.638911452814	65	81562.290118326404	0.0016249049886552342	55.0	55.0	54.0	55.0	55.0	55.0	0.00075089039066967027	380.0	380
K000134_027_078_2012-05-04_04-23-43	3	11	4212.0	893.0	8725759.5221857093	9616.6716675837852	65	33232.907298515776	0.0016249049886552342	55.0	55.0	54.0	55.0	55.0	54.0	0.0008817795413368605	380.0	380
K000134_027_078_2012-05-04_04-23-43	3	12	4587.0	902.0	7010742.80281894	5158.5957828843266	65	0.0	0.00073078482838409445	55.0	55.0	53.0	54.0	55.0	53.0	0.00057177892133562043	380.0	380
K000134_027_078_2012-05-04_04-23-43	4	1	303.0	1304.0	14467425.465517597	0.0	65	0.0	-0.0098182293940040789	52.0	53.0	51.0	50.0	50.0	49.0	0.013956916802722494	380.0	380
K000134_027_078_2012-05-04_04-23-43	4	2	717.0	1311.0	11035870.047740098	0.0	65	0.0	-0.0071123524265178668	53.0	53.0	52.0	51.0	51.0	51.0	0.0067717913213604201	380.0	380
K000134_027_078_2012-05-04_04-23-43	4	3	1104.0	1309.0	11480287.928575857	0.0	65	0.0	-0.0059829327631447044	53.0	54.0	53.0	52.0	53.0	52.0	0.0066546799760266191	380.0	380
K000134_027_078_2012-05-04_04-23-43	4	4	1491.0	1307.0	12121294.769256206	0.0	65	0.0	-0.0059829327631447044	53.0	54.0	52.0	52.0	54.0	52.0	0.0020253373840081012	380.0	380
K000134_027_078_2012-05-04_04-23-43	4	5	1879.0	1305.0	11133276.706553413	0.0	65	0.0	-0.003190783799066886	53.0	54.0	52.0	53.0	54.0	52.0	0.00060622343466909155	380.0	380
K000134_027_078_2012-05-04_04-23-43	4	6	2266.0	1302.0	10007773.203546409	0.0	65	0.0	-0.003190783799066886	53.0	54.0	52.0	53.0	54.0	52.0	0.0013020026040052081	380.0	380
K000134_027_078_2012-05-04_04-23-43	4	7	2653.0	1300.0	7968067.6214685747	0.0	65	0.0	-0.002061364135693724	53.0	55.0	53.0	53.0	55.0	53.0	0.00046155647866851288	380.0	380
K000134_027_078_2012-05-04_04-23-43	4	8	3040.0	1298.0	8161866.2863992387	0.0	65	0.0	-0.0011672589350197045	54.0	55.0	53.0	54.0	55.0	53.0	0.00054422331066884355	380.0	380
K000134_027_078_2012-05-04_04-23-43	4	9	3438.0	1301.0	6529290.0985801965	7939.3570866197115	65	47449.722305837953	0.0016249049886552342	54.0	55.0	54.0	54.0	55.0	54.0	0.00091622405467033151	380.0	380
K000134_027_078_2012-05-04_04-23-43	4	10	3815.0	1293.0	6400682.8693657387	12827.643816371452	65	65850.771061065214	0.0016249049886552342	55.0	55.0	54.0	55.0	55.0	54.0	0.00031000062000124002	380.0	380
K000134_027_078_2012-05-04_04-23-43	4	11	4202.0	1291.0	13295247.938495874	0.0	65	2196.0245238757316	0.00073078482838409445	54.0	55.0	54.0	55.0	55.0	54.0	0.00056489001866892618	380.0	380
K000134_027_078_2012-05-04_04-23-43	4	12	4637.0	1308.0	3249678.9220245113	0.0	65	0.0	-0.0022966636387957463	54.0	54.0	53.0	54.0	54.0	53.0	0.0013708916306721503	380.0	380
K000134_027_078_2012-05-04_04-23-43	5	1	332.0	1701.0	16644362.82472565	237520.91141565613	65	0.0	-0.0071123524265178668	53.0	53.0	51.0	49.0	50.0	49.0	0.030380060760121522	380.0	380
K000134_027_078_2012-05-04_04-23-43	5	2	719.0	1699.0	13921542.315084631	26312.547678745832	65	0.0	-0.002061364135693724	54.0	54.0	53.0	51.0	51.0	51.0	0.01399825021872266	380.0	380
K000134_027_078_2012-05-04_04-23-43	5	3	1106.0	1696.0	13568189.513712363	0.0	65	0.0	-0.0022966636387957463	54.0	54.0	53.0	52.0	53.0	52.0	0.0079360158720317448	380.0	380
K000134_027_078_2012-05-04_04-23-43	5	4	1494.0	1694.0	13372361.543389754	0.0	65	0.0	-0.0050888275624706852	53.0	54.0	52.0	52.0	54.0	52.0	0.0031413396160125655	380.0	380
K000134_027_078_2012-05-04_04-23-43	5	5	1881.0	1692.0	13254915.493830988	0.0	65	0.0	-0.0050888275624706852	53.0	54.0	52.0	52.0	54.0	52.0	0.0010815577186709929	380.0	380
K000134_027_078_2012-05-04_04-23-43	5	6	2268.0	1690.0	15025991.774650218	0.0	65	0.0	-0.0050888275624706852	53.0	54.0	52.0	53.0	54.0	52.0	0.00079222380666983552	380.0	380
K000134_027_078_2012-05-04_04-23-43	5	7	2655.0	1687.0	12301902.949139232	0.0	65	0.0	-0.0050888275624706852	53.0	54.0	52.0	53.0	54.0	52.0	0.00042022306266834757	380.0	380
K000134_027_078_2012-05-04_04-23-43	5	8	3042.0	1685.0	14483659.908653151	0.0	65	0.0	-0.002061364135693724	53.0	55.0	53.0	53.0	55.0	53.0	0.00042022306266834757	380.0	380
K000134_027_078_2012-05-04_04-23-43	5	9	3430.0	1683.0	12972081.054828778	0.0	65	0.0	-0.0011672589350197045	54.0	55.0	53.0	54.0	55.0	53.0	0.00045466757600181869	380.0	380
K000134_027_078_2012-05-04_04-23-43	5	10	3817.0	1681.0	10014368.446070224	0.0	65	0.0	-0.0011672589350197045	54.0	55.0	53.0	54.0	55.0	53.0	0.00033066732800132265	380.0	380
K000134_027_078_2012-05-04_04-23-43	5	11	4204.0	1678.0	5141245.2104904205	0.0	65	0.0	-0.0022966636387957463	54.0	54.0	53.0	54.0	54.0	53.0	0.00042022306266834757	380.0	380
K000134_027_078_2012-05-04_04-23-43	5	12	4591.0	1676.0	6903950.6065678801	0.0	65	0.0	-0.0059829327631447044	53.0	54.0	52.0	53.0	54.0	52.0	0.00093689076267041425	380.0	380
K000134_027_078_2012-05-04_04-23-43	6	1	300.0	2081.0	15046538.491743648	0.0	65	0.0	-0.011033921053968847	52.0	52.0	50.0	49.0	49.0	48.0	0.011242689152044971	380.0	380
K000134_027_078_2012-05-04_04-23-43	6	2	721.0	2086.0	11593421.704176741	0.0	65	0.0	-0.0099045013905956856	52.0	53.0	51.0	50.0	51.0	50.0	0.0042504529453503354	380.0	380
K000134_027_078_2012-05-04_04-23-43	6	3	1109.0	2084.0	12622786.864240397	0.0	65	0.0	-0.0062182322662467267	52.0	53.0	52.0	52.0	53.0	51.0	0.0022044488533421512	380.0	380
K000134_027_078_2012-05-04_04-23-43	6	4	1496.0	2081.0	11139871.949077232	0.0	65	0.0	-0.0062182322662467267	52.0	53.0	52.0	52.0	53.0	52.0	0.00086800173600347201	380.0	380
K000134_027_078_2012-05-04_04-23-43	6	5	1883.0	2079.0	10138156.074978817	0.0	65	0.0	-0.0062182322662467267	52.0	53.0	52.0	52.0	53.0	51.0	0.00048222318666859556	380.0	380
K000134_027_078_2012-05-04_04-23-43	6	6	2270.0	2077.0	12151227.023787383	0.0	65	0.0	-0.0059829327631447044	52.0	54.0	51.0	52.0	54.0	51.0	0.00097822417867057961	380.0	380
K000134_027_078_2012-05-04_04-23-43	6	7	2657.0	2075.0	11602553.578440491	0.0	65	0.0	-0.0062182322662467267	52.0	54.0	51.0	52.0	54.0	52.0	0.00087489063867016625	380.0	380
K000134_027_078_2012-05-04_04-23-43	6	8	3045.0	2072.0	9682323.3513133693	0.0	65	0.0	-0.0059829327631447044	52.0	54.0	52.0	52.0	54.0	52.0	0.0011642245506713236	380.0	380
K000134_027_078_2012-05-04_04-23-43	6	9	3432.0	2070.0	12683.158699650734	416.53332156689157	65	0.0	0.035856277896705174	65.0	64.0	59.0	53.0	54.0	53.0	0.00067511246133603378	380.0	380
K000134_027_078_2012-05-04_04-23-43	6	10	3852.0	2044.0	4891133.3209333085	0.0	65	0.0	-0.003190783799066886	53.0	54.0	53.0	53.0	54.0	53.0	0.00056489001866892618	380.0	380
K000134_027_078_2012-05-04_04-23-43	6	11	4195.0	2057.0	0.0	0.0	65	0.0	0.0				53.0	53.0	52.0	0.00058555672666900892	380.0	380
K000134_027_078_2012-05-04_04-23-43	6	12	4594.0	2063.0	11538376.795420257	0.0	65	0.0	-0.010139800893697707	52.0	52.0	51.0	52.0	52.0	51.0	0.0013846694360055386	380.0	380
K000134_027_078_2012-05-04_04-23-43	7	1	302.0	2465.0	18635365.077396821	132911.1227093605	65	0.0	-0.0096260733689964208	53.0	53.0	50.0	48.0	48.0	48.0	0.029753170617452345	380.0	380
K000134_027_078_2012-05-04_04-23-43	7	2	696.0	2473.0	13871063.343460022	0.0	65	0.0	-0.003190783799066886	54.0	54.0	52.0	50.0	50.0	50.0	0.012000468445381334	380.0	380
K000134_027_078_2012-05-04_04-23-43	7	3	1081.0	2469.0	14194230.22712712	0.0	65	0.0	-0.003190783799066886	54.0	54.0	52.0	52.0	52.0	51.0	0.0038233409800152935	380.0	380
K000134_027_078_2012-05-04_04-23-43	7	4	1498.0	2469.0	13952742.88548577	0.0	65	0.0	-0.0059829327631447044	53.0	54.0	52.0	52.0	53.0	52.0	0.0016671144453400018	380.0	380
K000134_027_078_2012-05-04_04-23-43	7	5	1885.0	2466.0	13965933.37053341	0.0	65	0.0	-0.0071123524265178668	52.0	53.0	52.0	52.0	53.0	51.0	0.00099889088667066213	380.0	380
K000134_027_078_2012-05-04_04-23-43	7	6	2273.0	2464.0	13568696.840060348	0.0	65	0.0	-0.0071123524265178668	52.0	53.0	51.0	52.0	53.0	51.0	0.00095066856800380263	380.0	380
K000134_027_078_2012-05-04_04-23-43	7	7	2660.0	2462.0	12337162.130324261	0.0	65	0.0	-0.0071123524265178668	52.0	53.0	51.0	52.0	53.0	51.0	0.0013364471173386791	380.0	380
K000134_027_078_2012-05-04_04-23-43	7	8	3050.0	2471.0	12117743.484820303	0.0	65	0.0	-0.0071123524265178668	52.0	53.0	51.0	52.0	53.0	51.0	0.00059244562933570316	380.0	380
K000134_027_078_2012-05-04_04-23-43	7	9	3434.0	2457.0	9038018.889371112	0.0	65	0.0	-0.0062182322662467267	53.0	53.0	52.0	53.0	53.0	52.0	0.0034168957226803341	380.0	380
K000134_027_078_2012-05-04_04-23-43	7	10	3824.0	2474.0	7218239.279145224	0.0	65	0.0	-0.0062182322662467267	53.0	53.0	52.0	53.0	53.0	52.0	0.00036511184133479377	380.0	380
K000134_027_078_2012-05-04_04-23-43	7	11	4230.0	2411.0	6356545.4770909538	0.0	65	0.0	-0.010139800893697707	52.0	52.0	51.0	52.0	52.0	51.0	0.00017911146933404979	380.0	380
K000134_027_078_2012-05-04_04-23-43	7	12	4616.0	2475.0	7041943.3732200805	0.0	65	0.0	-0.017704510127000403	50.0	51.0	49.0	51.0	51.0	49.0	0.00048222318666859556	380.0	380
K000134_027_078_2012-05-04_04-23-43	8	1	339.0	2862.0	18750528.15838965	0.0	65	0.0	-0.0059398042446474619	54.0	53.0	50.0	49.0	49.0	49.0	0.018283147677406467	380.0	380
K000134_027_078_2012-05-04_04-23-43	8	2	693.0	2867.0	14048881.228429126	0.0	65	0.0	-0.010139800893697707	52.0	52.0	51.0	51.0	51.0	50.0	0.0055662333546889313	380.0	380
K000134_027_078_2012-05-04_04-23-43	8	3	1081.0	2866.0	13067204.745076157	0.0	65	0.0	-0.0062182322662467267	53.0	53.0	52.0	52.0	53.0	52.0	0.0027004498453441351	380.0	380
K000134_027_078_2012-05-04_04-23-43	8	4	1500.0	2856.0	13086736.809473619	0.0	65	0.0	-0.0062182322662467267	53.0	53.0	52.0	52.0	53.0	52.0	0.00097822417867057961	380.0	380
K000134_027_078_2012-05-04_04-23-43	8	5	1888.0	2853.0	12430002.852005703	0.0	65	0.0	-0.010139800893697707	52.0	52.0	51.0	52.0	52.0	51.0	0.0017566701800070268	380.0	380
K000134_027_078_2012-05-04_04-23-43	8	6	2275.0	2851.0	12385865.459730919	0.0	65	0.0	-0.010139800893697707	52.0	52.0	51.0	52.0	53.0	52.0	0.00065444575333595116	380.0	380
K000134_027_078_2012-05-04_04-23-43	8	7	2662.0	2849.0	11069860.913055159	0.0	65	0.0	-0.0099045013905956856	52.0	52.0	51.0	53.0	53.0	52.0	0.0023628936146761182	380.0	380
K000134_027_078_2012-05-04_04-23-43	8	8	3019.0	2848.0	9413440.3868807741	0.0	65	0.0	-0.0099045013905956856	52.0	52.0	51.0	53.0	53.0	52.0	0.00087489063867016625	380.0	380
K000134_027_078_2012-05-04_04-23-43	8	9	3433.0	2840.0	10638126.190919049	0.0	65	0.0	-0.0071123524265178668	53.0	53.0	51.0	53.0	53.0	52.0	0.00035133403600140533	380.0	380
K000134_027_078_2012-05-04_04-23-43	8	10	3836.0	2809.0	6158180.8750284165	0.0	65	0.0	-0.0062182322662467267	53.0	53.0	52.0	53.0	53.0	52.0	0.0001584447613339671	380.0	380
K000134_027_078_2012-05-04_04-23-43	8	11	4190.0	2961.0	9171699.3820654303	1180484.8708330367	65	993720.63246247184	0.088287646257037583	81.0	77.0	69.0	52.0	52.0	51.0	0.085711726979009514	380.0	380
K000134_027_078_2012-05-04_04-23-43	8	12	4598.0	2838.0	5321346.0640254607	0.0	65	0.0	-0.014955489681419827	51.0	51.0	49.0	51.0	51.0	49.0	0.00028933391200115734	380.0	380
